LR_RUS Cross-Validation Results accuracy:
 [0.91176471 0.94117647 0.97058824 0.88235294 0.96969697 0.96969697
 0.93939394 0.93939394 0.96969697 1.         0.97058824 0.94117647
 1.         0.94117647 0.96969697 0.90909091 0.87878788 1.
 0.87878788 0.90909091 0.94117647 0.94117647 0.94117647 1.
 0.96969697 0.93939394 0.96969697 0.93939394 0.93939394 0.93939394
 0.94117647 0.97058824 0.94117647 0.94117647 0.96969697 0.96969697
 1.         1.         0.90909091 0.90909091 0.85294118 0.94117647
 0.94117647 0.94117647 0.96969697 0.93939394 1.         0.96969697
 1.         0.93939394 0.97058824 0.97058824 0.91176471 1.
 0.93939394 0.96969697 0.96969697 0.90909091 0.93939394 0.93939394
 0.94117647 0.85294118 0.91176471 0.97058824 1.         0.96969697
 0.96969697 0.93939394 1.         0.90909091 0.94117647 0.97058824
 0.91176471 0.97058824 0.93939394 1.         0.96969697 0.90909091
 0.96969697 0.96969697 0.94117647 0.94117647 1.         0.94117647
 0.93939394 0.93939394 0.96969697 0.90909091 0.96969697 0.96969697
 0.91176471 0.94117647 0.91176471 0.94117647 0.93939394 0.96969697
 0.96969697 0.96969697 0.93939394 0.93939394]
Mean accuracy: 0.9494830659536543
Dev: 0.03225073350402082


LR_NM Cross-Validation Results accuracy:
 [0.97058824 0.94117647 0.94117647 0.94117647 0.93939394 0.96969697
 0.87878788 1.         0.96969697 1.         0.94117647 0.97058824
 0.97058824 1.         0.96969697 0.90909091 0.96969697 1.
 0.87878788 0.93939394 0.97058824 0.94117647 0.91176471 0.94117647
 1.         0.93939394 0.96969697 0.93939394 0.93939394 0.96969697
 0.94117647 0.97058824 0.91176471 0.91176471 1.         0.96969697
 0.93939394 1.         0.93939394 0.90909091 0.91176471 0.94117647
 0.97058824 0.94117647 0.96969697 0.96969697 1.         0.96969697
 0.96969697 0.93939394 0.94117647 0.97058824 0.94117647 0.97058824
 0.93939394 1.         0.93939394 0.90909091 0.96969697 0.93939394
 0.97058824 0.94117647 0.91176471 1.         0.90909091 0.96969697
 0.93939394 0.93939394 1.         0.90909091 0.97058824 0.94117647
 0.94117647 0.97058824 0.90909091 1.         0.96969697 0.96969697
 0.93939394 0.90909091 1.         0.91176471 1.         0.94117647
 0.90909091 0.93939394 0.93939394 0.93939394 0.90909091 1.
 0.91176471 0.88235294 0.97058824 0.94117647 0.93939394 0.96969697
 0.96969697 1.         0.90909091 0.96969697]
Mean accuracy: 0.9518270944741531
Dev: 0.031095687025424416


LR_CNN Cross-Validation Results accuracy:
 [0.86363636 0.86363636 0.77272727 0.86363636 0.95454545 0.86363636
 0.9047619  0.95238095 0.9047619  0.95238095 0.95454545 0.95454545
 0.81818182 0.90909091 0.90909091 0.86363636 0.9047619  0.85714286
 0.95238095 0.80952381 0.95454545 0.86363636 0.90909091 0.86363636
 0.86363636 0.81818182 0.9047619  0.85714286 0.95238095 1.
 0.90909091 0.77272727 0.81818182 0.95454545 0.95454545 0.81818182
 0.85714286 0.80952381 0.95238095 0.85714286 0.86363636 0.95454545
 0.95454545 0.90909091 1.         0.77272727 0.9047619  0.80952381
 1.         0.85714286 0.81818182 0.86363636 0.90909091 0.95454545
 0.81818182 0.90909091 0.9047619  0.95238095 0.95238095 0.80952381
 0.77272727 1.         0.77272727 0.77272727 0.95454545 0.95454545
 0.95238095 1.         0.95238095 0.9047619  0.86363636 0.77272727
 0.95454545 0.81818182 0.95454545 0.90909091 0.9047619  0.85714286
 0.9047619  0.9047619  0.90909091 0.86363636 1.         1.
 0.95454545 0.81818182 0.76190476 0.85714286 0.95238095 0.80952381
 0.90909091 0.86363636 0.95454545 0.95454545 0.86363636 0.86363636
 0.85714286 0.80952381 0.9047619  0.95238095]
Mean accuracy: 0.8917748917748917
Dev: 0.06416790698122743


LR_TL Cross-Validation Results accuracy:
 [0.96       0.94       0.92       0.9        0.94       0.94
 0.96       1.         0.97959184 0.95918367 0.96       0.94
 0.98       0.98       0.92       0.96       1.         0.89795918
 0.91836735 0.95918367 0.98       0.98       0.94       1.
 0.96       0.9        0.94       0.93877551 0.95918367 0.95918367
 0.92       0.98       0.96       0.92       0.96       0.96
 0.96       0.97959184 0.93877551 0.95918367 1.         0.94
 0.86       0.96       0.96       0.98       0.94       1.
 0.91836735 0.97959184 0.94       0.98       0.98       0.92
 0.96       0.9        1.         0.95918367 0.93877551 0.95918367
 0.96       0.96       0.98       0.9        0.94       0.96
 0.94       0.95918367 0.97959184 0.95918367 0.98       0.92
 0.92       0.98       0.98       0.96       0.94       0.93877551
 0.95918367 0.91836735 0.92       0.92       0.96       0.98
 0.96       0.96       0.98       0.93877551 0.93877551 0.97959184
 0.94       0.92       0.92       0.96       1.         0.98
 0.96       0.89795918 0.97959184 0.97959184]
Mean accuracy: 0.952926530612245
Dev: 0.02787310180529302


DT_RUS Cross-Validation Results accuracy:
 [0.97058824 0.97058824 1.         1.         0.93939394 1.
 0.93939394 0.93939394 1.         0.96969697 0.97058824 1.
 0.97058824 0.94117647 1.         0.96969697 1.         0.96969697
 0.90909091 0.96969697 0.94117647 0.91176471 1.         0.97058824
 1.         0.96969697 0.96969697 1.         0.96969697 0.96969697
 1.         0.94117647 0.97058824 0.97058824 1.         1.
 1.         0.96969697 0.93939394 0.96969697 0.97058824 0.91176471
 1.         1.         0.96969697 1.         1.         0.96969697
 0.96969697 1.         0.97058824 0.94117647 0.94117647 1.
 1.         0.96969697 1.         0.96969697 0.96969697 0.96969697
 0.97058824 0.97058824 0.97058824 1.         0.96969697 1.
 0.96969697 0.93939394 1.         0.96969697 0.97058824 0.97058824
 1.         1.         0.93939394 1.         1.         0.96969697
 0.96969697 0.93939394 0.91176471 1.         1.         1.
 1.         0.96969697 1.         0.96969697 0.93939394 1.
 0.94117647 0.94117647 1.         0.97058824 0.93939394 1.
 0.96969697 1.         1.         1.        ]
Mean accuracy: 0.9748841354723708
Dev: 0.024849974508883647


DT_NM Cross-Validation Results accuracy:
 [1.         1.         1.         1.         1.         1.
 0.96969697 1.         1.         1.         1.         1.
 1.         1.         1.         1.         1.         1.
 0.90909091 1.         0.97058824 0.94117647 1.         1.
 1.         1.         1.         1.         1.         1.
 1.         1.         1.         1.         1.         1.
 1.         1.         0.96969697 1.         1.         1.
 1.         1.         1.         1.         1.         0.96969697
 1.         1.         1.         1.         0.94117647 1.
 1.         1.         1.         1.         1.         0.96969697
 1.         1.         1.         1.         1.         1.
 1.         0.96969697 1.         1.         1.         1.
 1.         1.         0.96969697 1.         1.         1.
 1.         1.         1.         1.         1.         1.
 1.         1.         1.         0.96969697 1.         1.
 1.         0.97058824 1.         1.         1.         1.
 1.         1.         1.         1.        ]
Mean accuracy: 0.995204991087344
Dev: 0.014506442125014255


DT_CNN Cross-Validation Results accuracy:
 [0.95454545 0.95454545 1.         0.90909091 0.90909091 0.90909091
 0.95238095 0.95238095 1.         0.9047619  0.95454545 1.
 0.95454545 0.90909091 0.95454545 0.90909091 1.         0.9047619
 1.         0.95238095 1.         0.86363636 0.95454545 0.90909091
 1.         0.95454545 0.95238095 0.85714286 0.95238095 0.95238095
 1.         1.         0.95454545 0.95454545 1.         0.90909091
 0.9047619  0.9047619  0.95238095 0.85714286 0.90909091 0.95454545
 0.90909091 0.90909091 0.95454545 1.         1.         1.
 0.95238095 1.         1.         0.90909091 1.         0.90909091
 1.         1.         0.95238095 0.9047619  0.9047619  0.95238095
 0.90909091 0.90909091 0.95454545 0.95454545 0.95454545 1.
 0.95238095 1.         0.95238095 0.9047619  1.         0.90909091
 0.95454545 0.95454545 0.95454545 0.95454545 0.95238095 0.85714286
 0.95238095 1.         0.81818182 0.81818182 1.         0.95454545
 1.         0.86363636 0.95238095 0.95238095 1.         0.95238095
 0.90909091 0.95454545 0.95454545 1.         0.86363636 0.95454545
 0.85714286 1.         0.9047619  0.95238095]
Mean accuracy: 0.9458225108225109
Dev: 0.044841730717077505


DT_TL Cross-Validation Results accuracy:
 [1.         1.         1.         0.98       0.96       0.98
 0.98       1.         1.         0.95918367 0.98       0.98
 0.96       1.         1.         1.         1.         0.97959184
 0.97959184 0.97959184 1.         1.         0.98       1.
 1.         0.98       0.98       0.93877551 0.97959184 1.
 0.92       1.         1.         0.98       0.98       0.98
 0.98       1.         1.         1.         1.         0.98
 0.96       1.         0.98       1.         1.         0.97959184
 1.         0.97959184 0.98       1.         0.98       0.98
 1.         0.98       1.         0.97959184 0.97959184 1.
 0.94       0.98       1.         0.94       1.         1.
 1.         0.95918367 1.         1.         1.         0.98
 0.98       1.         1.         0.98       1.         1.
 0.93877551 0.91836735 0.98       0.96       1.         1.
 1.         0.96       0.98       0.93877551 0.97959184 0.97959184
 0.96       1.         1.         1.         1.         1.
 0.98       0.97959184 0.97959184 1.        ]
Mean accuracy: 0.9846816326530613
Dev: 0.018966768105773208


RF_RUS Cross-Validation Results accuracy:
 [0.94117647 0.97058824 1.         1.         0.96969697 1.
 0.96969697 1.         1.         0.96969697 0.97058824 1.
 0.97058824 0.94117647 1.         0.96969697 1.         1.
 0.90909091 1.         0.94117647 0.94117647 0.97058824 0.97058824
 1.         0.96969697 0.93939394 1.         0.96969697 1.
 0.97058824 1.         0.94117647 0.97058824 1.         1.
 1.         0.96969697 0.93939394 0.96969697 0.97058824 0.94117647
 1.         0.97058824 0.96969697 1.         1.         0.96969697
 1.         1.         0.97058824 1.         0.91176471 0.97058824
 1.         0.96969697 1.         1.         1.         0.96969697
 1.         0.97058824 0.94117647 1.         1.         0.96969697
 0.96969697 0.93939394 1.         1.         0.97058824 1.
 0.94117647 1.         0.96969697 1.         1.         1.
 0.96969697 0.93939394 1.         1.         1.         1.
 0.96969697 1.         1.         0.96969697 0.96969697 1.
 0.97058824 0.97058824 0.97058824 0.97058824 0.96969697 1.
 1.         1.         1.         0.96969697]
Mean accuracy: 0.9797147950089127
Dev: 0.022641696915803925


RF_NM Cross-Validation Results accuracy:
 [1.         1.         1.         1.         0.96969697 1.
 0.96969697 1.         1.         1.         1.         1.
 0.97058824 1.         1.         0.96969697 1.         1.
 0.90909091 1.         0.97058824 0.94117647 1.         1.
 1.         1.         0.93939394 0.96969697 1.         1.
 1.         1.         0.97058824 0.94117647 1.         1.
 1.         1.         0.96969697 1.         0.97058824 0.97058824
 1.         0.97058824 1.         1.         1.         0.96969697
 1.         1.         0.97058824 1.         0.94117647 1.
 1.         0.96969697 1.         1.         1.         0.96969697
 1.         0.97058824 0.97058824 1.         1.         1.
 1.         0.96969697 1.         1.         1.         1.
 0.97058824 1.         0.96969697 1.         1.         1.
 1.         0.96969697 1.         0.97058824 1.         1.
 1.         1.         1.         0.96969697 0.93939394 1.
 0.97058824 0.97058824 1.         1.         1.         1.
 1.         1.         0.96969697 0.96969697]
Mean accuracy: 0.9880481283422461
Dev: 0.018923016931094747


RF_CNN Cross-Validation Results accuracy:
 [0.90909091 1.         1.         0.90909091 0.90909091 0.90909091
 0.9047619  1.         1.         0.9047619  0.95454545 0.90909091
 0.90909091 0.95454545 0.86363636 1.         1.         0.95238095
 0.95238095 0.9047619  1.         0.95454545 0.95454545 0.90909091
 0.95454545 1.         1.         0.9047619  1.         0.9047619
 1.         0.95454545 1.         0.95454545 1.         0.95454545
 0.95238095 0.95238095 0.95238095 0.9047619  1.         0.95454545
 0.95454545 1.         0.95454545 1.         0.95238095 0.95238095
 0.9047619  1.         0.95454545 0.90909091 0.90909091 1.
 0.95454545 0.90909091 1.         0.9047619  1.         0.95238095
 0.95454545 1.         1.         1.         0.95454545 0.95454545
 1.         0.95238095 0.95238095 0.80952381 1.         1.
 1.         0.86363636 0.95454545 1.         0.9047619  0.9047619
 0.95238095 1.         0.86363636 0.77272727 1.         1.
 1.         0.90909091 0.9047619  1.         0.95238095 0.9047619
 0.90909091 0.95454545 0.95454545 1.         0.90909091 0.95454545
 1.         1.         1.         0.95238095]
Mean accuracy: 0.9532034632034632
Dev: 0.04602281348371158


RF_TL Cross-Validation Results accuracy:
 [1.         1.         1.         1.         0.96       0.98
 0.98       0.97959184 1.         0.97959184 0.98       0.98
 0.98       1.         0.98       1.         1.         0.97959184
 0.97959184 0.97959184 1.         1.         0.96       1.
 1.         1.         0.96       0.93877551 1.         1.
 0.96       1.         0.98       0.98       1.         0.98
 0.98       1.         0.95918367 1.         1.         0.96
 0.98       1.         1.         1.         0.98       0.97959184
 1.         0.97959184 0.96       1.         0.96       1.
 1.         0.98       1.         1.         0.97959184 1.
 0.98       1.         0.98       0.98       0.98       1.
 1.         0.95918367 1.         1.         1.         0.96
 1.         0.98       1.         1.         1.         0.97959184
 0.93877551 0.95918367 0.98       0.98       1.         1.
 1.         0.96       0.98       0.97959184 1.         0.93877551
 0.98       1.         0.96       1.         1.         0.96
 1.         0.97959184 0.97959184 1.        ]
Mean accuracy: 0.9856897959183675
Dev: 0.016481187892635453


XGB_RUS Cross-Validation Results accuracy:
 [0.94117647 0.94117647 1.         0.94117647 0.93939394 0.96969697
 0.93939394 0.96969697 1.         0.96969697 0.97058824 1.
 0.97058824 0.88235294 1.         0.96969697 1.         0.93939394
 0.87878788 0.96969697 0.94117647 0.91176471 0.97058824 0.97058824
 1.         0.96969697 0.96969697 0.96969697 0.93939394 0.96969697
 0.94117647 0.97058824 0.97058824 0.91176471 1.         1.
 0.96969697 0.96969697 0.93939394 0.93939394 0.94117647 0.88235294
 1.         0.97058824 0.90909091 1.         1.         0.93939394
 0.96969697 1.         0.94117647 0.94117647 0.91176471 0.97058824
 1.         0.96969697 1.         0.96969697 0.96969697 0.96969697
 0.97058824 0.91176471 0.91176471 1.         0.96969697 0.96969697
 0.96969697 0.90909091 0.96969697 1.         0.97058824 0.97058824
 0.91176471 1.         0.96969697 1.         0.96969697 0.90909091
 0.96969697 0.90909091 0.91176471 1.         1.         0.97058824
 0.96969697 0.96969697 1.         0.93939394 0.90909091 1.
 0.94117647 0.91176471 0.97058824 0.97058824 0.96969697 1.
 0.93939394 0.96969697 0.96969697 1.        ]
Mean accuracy: 0.9614795008912657
Dev: 0.03156252740423057


XGB_NM Cross-Validation Results accuracy:
 [1.         1.         1.         1.         0.93939394 1.
 0.93939394 1.         1.         1.         1.         1.
 1.         1.         1.         0.93939394 1.         1.
 0.90909091 1.         0.97058824 0.94117647 1.         1.
 1.         0.87878788 0.96969697 0.96969697 1.         1.
 1.         1.         0.97058824 0.94117647 1.         1.
 0.96969697 1.         0.96969697 1.         0.94117647 0.94117647
 1.         0.97058824 0.96969697 1.         1.         0.96969697
 1.         1.         0.94117647 1.         0.94117647 0.97058824
 1.         0.96969697 1.         1.         0.96969697 0.96969697
 1.         0.94117647 0.97058824 1.         1.         1.
 1.         0.96969697 1.         1.         1.         1.
 0.97058824 1.         0.96969697 1.         0.96969697 0.96969697
 0.96969697 0.96969697 1.         0.97058824 1.         0.97058824
 1.         1.         1.         0.93939394 0.90909091 1.
 1.         0.97058824 1.         1.         0.96969697 1.
 0.96969697 1.         0.93939394 1.        ]
Mean accuracy: 0.9820231729055258
Dev: 0.025473067740371468


XGB_CNN Cross-Validation Results accuracy:
 [0.95454545 1.         0.90909091 1.         0.90909091 0.81818182
 0.9047619  0.95238095 1.         0.9047619  1.         0.90909091
 0.86363636 0.90909091 0.90909091 0.95454545 1.         0.95238095
 0.95238095 0.95238095 1.         1.         0.95454545 0.90909091
 1.         1.         0.9047619  0.95238095 0.95238095 0.9047619
 1.         0.95454545 0.90909091 0.90909091 1.         0.95454545
 0.9047619  0.9047619  0.95238095 0.80952381 0.95454545 0.95454545
 0.90909091 1.         0.95454545 0.95454545 0.95238095 0.95238095
 0.9047619  0.9047619  1.         0.90909091 0.90909091 0.95454545
 0.95454545 0.90909091 1.         0.85714286 1.         0.95238095
 0.95454545 0.90909091 0.95454545 0.90909091 0.90909091 0.95454545
 0.85714286 0.95238095 0.95238095 0.9047619  0.95454545 0.95454545
 1.         0.90909091 1.         1.         0.85714286 0.85714286
 0.95238095 0.9047619  0.86363636 0.81818182 0.95454545 1.
 0.95454545 0.95454545 0.85714286 1.         0.95238095 0.95238095
 0.86363636 0.95454545 0.95454545 1.         0.86363636 0.95454545
 0.9047619  1.         0.95238095 1.        ]
Mean accuracy: 0.9392207792207792
Dev: 0.04723842372078603


XGB_TL Cross-Validation Results accuracy:
 [1.         1.         1.         0.98       0.96       0.96
 0.96       0.97959184 1.         0.93877551 0.98       0.96
 1.         1.         0.96       1.         1.         1.
 0.97959184 0.95918367 1.         1.         0.98       1.
 1.         0.94       0.98       0.91836735 1.         1.
 1.         1.         0.94       0.96       1.         0.98
 0.96       1.         0.97959184 1.         1.         0.92
 0.94       0.98       1.         1.         0.96       0.97959184
 1.         0.97959184 0.94       1.         0.98       0.96
 1.         0.98       1.         0.95918367 0.97959184 1.
 0.98       0.96       0.98       0.96       0.98       1.
 1.         0.93877551 1.         1.         0.98       0.96
 0.98       0.98       1.         1.         1.         0.95918367
 0.95918367 0.93877551 0.98       1.         1.         1.
 0.98       0.92       0.98       0.97959184 0.95918367 1.
 0.94       0.98       0.98       1.         1.         0.98
 0.98       0.97959184 0.97959184 1.        ]
Mean accuracy: 0.9798693877551021
Dev: 0.021877694181682075


XGB_RF_RUS Cross-Validation Results accuracy:
 [0.97058824 0.97058824 1.         0.97058824 0.93939394 0.96969697
 0.90909091 1.         1.         0.96969697 0.97058824 1.
 0.97058824 0.97058824 1.         0.96969697 1.         0.90909091
 0.87878788 0.96969697 0.94117647 0.91176471 1.         0.97058824
 1.         0.96969697 0.96969697 1.         0.96969697 0.96969697
 0.97058824 0.97058824 0.97058824 0.94117647 1.         1.
 0.96969697 0.96969697 0.93939394 1.         0.97058824 0.91176471
 1.         0.97058824 0.96969697 1.         1.         0.96969697
 0.96969697 1.         0.97058824 0.97058824 0.94117647 1.
 1.         0.96969697 1.         0.93939394 0.93939394 0.96969697
 1.         0.94117647 0.94117647 1.         0.96969697 0.96969697
 0.96969697 0.90909091 1.         1.         1.         0.97058824
 0.97058824 1.         0.93939394 1.         0.96969697 0.93939394
 0.96969697 0.93939394 0.94117647 1.         1.         0.97058824
 0.96969697 0.93939394 1.         0.96969697 0.84848485 1.
 0.97058824 0.91176471 1.         0.97058824 1.         1.
 0.93939394 1.         0.96969697 0.96969697]
Mean accuracy: 0.9700534759358288
Dev: 0.02973436219180273


XGB_RF_NM Cross-Validation Results accuracy:
 [1.         1.         1.         1.         0.90909091 1.
 0.90909091 0.96969697 1.         0.96969697 1.         0.97058824
 1.         1.         0.96969697 0.93939394 0.96969697 1.
 0.90909091 1.         0.94117647 0.94117647 1.         1.
 1.         0.90909091 1.         0.96969697 1.         1.
 1.         1.         0.97058824 0.94117647 0.96969697 1.
 0.96969697 1.         0.93939394 0.96969697 0.94117647 0.97058824
 1.         0.97058824 0.93939394 1.         1.         0.93939394
 1.         1.         0.94117647 1.         0.91176471 1.
 1.         1.         1.         1.         1.         0.93939394
 1.         0.94117647 0.94117647 1.         1.         0.96969697
 1.         0.93939394 0.96969697 0.96969697 1.         1.
 0.97058824 1.         0.96969697 1.         0.93939394 0.96969697
 0.93939394 0.96969697 1.         0.97058824 1.         0.94117647
 1.         1.         1.         0.93939394 0.93939394 0.96969697
 0.97058824 0.97058824 1.         0.97058824 1.         0.96969697
 0.90909091 1.         0.93939394 1.        ]
Mean accuracy: 0.9757040998217468
Dev: 0.02839757936707185


XGB_RF_CNN Cross-Validation Results accuracy:
 [1.         1.         0.90909091 0.95454545 0.90909091 0.90909091
 0.9047619  1.         1.         0.9047619  0.95454545 0.90909091
 0.86363636 0.95454545 0.95454545 0.95454545 1.         0.95238095
 0.95238095 0.9047619  0.95454545 1.         0.90909091 0.90909091
 1.         0.95454545 0.9047619  0.95238095 1.         0.9047619
 1.         0.95454545 1.         0.95454545 1.         0.95454545
 0.95238095 0.95238095 0.9047619  0.76190476 0.95454545 0.95454545
 0.86363636 0.95454545 0.95454545 1.         0.95238095 0.95238095
 0.9047619  0.9047619  1.         0.86363636 0.95454545 1.
 0.95454545 0.95454545 1.         0.9047619  1.         0.95238095
 0.86363636 0.90909091 1.         1.         0.95454545 0.95454545
 0.9047619  0.95238095 0.9047619  0.95238095 1.         1.
 1.         0.77272727 0.90909091 0.95454545 0.9047619  0.9047619
 0.95238095 0.9047619  0.90909091 0.86363636 0.90909091 0.95454545
 1.         1.         0.9047619  1.         0.95238095 0.95238095
 0.86363636 0.95454545 0.95454545 1.         0.86363636 0.86363636
 1.         1.         1.         1.        ]
Mean accuracy: 0.9444155844155844
Dev: 0.04937995636215309


XGB_RF_TL Cross-Validation Results accuracy:
 [1.         1.         1.         1.         0.94       0.96
 0.96       0.97959184 1.         0.95918367 0.98       0.94
 0.98       1.         0.96       0.96       1.         0.97959184
 0.97959184 0.95918367 1.         1.         0.96       1.
 1.         0.96       0.98       0.91836735 1.         1.
 0.96       1.         0.94       0.96       1.         0.98
 0.96       0.97959184 0.97959184 1.         1.         0.96
 0.96       0.98       0.98       1.         0.94       0.97959184
 1.         0.95918367 0.94       1.         0.98       0.96
 1.         0.98       1.         0.95918367 0.95918367 1.
 0.98       0.96       0.98       0.98       0.96       1.
 1.         0.91836735 1.         0.97959184 0.98       0.94
 0.98       0.98       1.         1.         1.         0.97959184
 0.97959184 0.93877551 0.98       0.96       1.         1.
 0.98       0.94       0.98       0.93877551 0.95918367 0.93877551
 0.94       0.98       0.98       1.         1.         0.98
 0.98       0.97959184 0.93877551 1.        ]
Mean accuracy: 0.9764285714285715
Dev: 0.021936516257662683


