LR_RUS Cross-Validation Results f1:
 [0.91428571 0.94117647 0.97142857 0.88888889 0.96969697 0.96969697
 0.94117647 0.9375     0.97142857 1.         0.96969697 0.94117647
 1.         0.94117647 0.96969697 0.91428571 0.88235294 1.
 0.89473684 0.91428571 0.94117647 0.94444444 0.94444444 1.
 0.96774194 0.9375     0.96969697 0.94117647 0.94444444 0.94117647
 0.94444444 0.97142857 0.94117647 0.94444444 0.96969697 0.96969697
 1.         1.         0.90909091 0.90909091 0.85714286 0.94444444
 0.94444444 0.94444444 0.96774194 0.9375     1.         0.97142857
 1.         0.94444444 0.97142857 0.96969697 0.91428571 1.
 0.94117647 0.96774194 0.96969697 0.91891892 0.94117647 0.94444444
 0.94117647 0.83870968 0.91891892 0.97142857 1.         0.96969697
 0.96969697 0.94444444 1.         0.91891892 0.94117647 0.97142857
 0.91428571 0.97142857 0.94117647 1.         0.96969697 0.90909091
 0.96969697 0.97142857 0.9375     0.94117647 1.         0.94444444
 0.94117647 0.94117647 0.96969697 0.91428571 0.97142857 0.97142857
 0.91428571 0.94444444 0.90909091 0.94444444 0.9375     0.96969697
 0.96969697 0.97142857 0.94444444 0.94117647]
Mean f1: 0.9508463844526588
Dev: 0.031392952957190724


LR_NM Cross-Validation Results f1:
 [0.97142857 0.94117647 0.94117647 0.94444444 0.9375     0.96969697
 0.875      1.         0.97142857 1.         0.9375     0.97142857
 0.96969697 1.         0.96969697 0.90909091 0.96969697 1.
 0.89473684 0.94117647 0.97142857 0.94444444 0.91428571 0.9375
 1.         0.9375     0.96969697 0.94117647 0.94444444 0.97142857
 0.94444444 0.97142857 0.90909091 0.91428571 1.         0.96969697
 0.9375     1.         0.94444444 0.91428571 0.90322581 0.94444444
 0.97142857 0.94444444 0.96969697 0.96969697 1.         0.97142857
 0.96969697 0.94117647 0.94117647 0.96969697 0.94444444 0.97142857
 0.9375     1.         0.93333333 0.91891892 0.97142857 0.94444444
 0.97142857 0.94117647 0.91428571 1.         0.89655172 0.96969697
 0.94117647 0.94444444 1.         0.91428571 0.97142857 0.94117647
 0.94444444 0.97142857 0.91428571 1.         0.96969697 0.97142857
 0.94117647 0.90322581 1.         0.90909091 1.         0.94444444
 0.91428571 0.94117647 0.9375     0.94444444 0.90909091 1.
 0.91428571 0.88235294 0.96969697 0.94444444 0.94117647 0.96969697
 0.96969697 1.         0.91428571 0.97142857]
Mean f1: 0.9526800342367437
Dev: 0.0307171432000102


LR_CNN Cross-Validation Results f1:
 [0.72727273 0.72727273 0.54545455 0.66666667 0.90909091 0.66666667
 0.8        0.88888889 0.8        0.88888889 0.90909091 0.88888889
 0.66666667 0.83333333 0.75       0.72727273 0.8        0.72727273
 0.90909091 0.5        0.88888889 0.66666667 0.83333333 0.72727273
 0.72727273 0.6        0.8        0.66666667 0.90909091 1.
 0.8        0.54545455 0.6        0.88888889 0.90909091 0.66666667
 0.66666667 0.6        0.90909091 0.66666667 0.72727273 0.90909091
 0.88888889 0.8        1.         0.44444444 0.8        0.66666667
 1.         0.72727273 0.5        0.76923077 0.75       0.90909091
 0.71428571 0.8        0.8        0.88888889 0.88888889 0.66666667
 0.54545455 1.         0.61538462 0.44444444 0.88888889 0.90909091
 0.88888889 1.         0.90909091 0.75       0.66666667 0.54545455
 0.88888889 0.66666667 0.88888889 0.83333333 0.8        0.66666667
 0.83333333 0.75       0.8        0.76923077 1.         1.
 0.90909091 0.6        0.44444444 0.66666667 0.88888889 0.6
 0.8        0.72727273 0.88888889 0.88888889 0.76923077 0.76923077
 0.57142857 0.5        0.8        0.88888889]
Mean f1: 0.7682751692751691
Dev: 0.13976814611563754


LR_TL Cross-Validation Results f1:
 [0.97058824 0.95522388 0.93939394 0.92537313 0.95384615 0.95522388
 0.97058824 1.         0.98507463 0.96969697 0.97058824 0.95384615
 0.98461538 0.98461538 0.94285714 0.97058824 1.         0.92307692
 0.94117647 0.96969697 0.98507463 0.98507463 0.95522388 1.
 0.96969697 0.92753623 0.95384615 0.95652174 0.96969697 0.96875
 0.9375     0.98461538 0.97058824 0.94117647 0.97058824 0.97058824
 0.97058824 0.98461538 0.95652174 0.96875    1.         0.95384615
 0.89855072 0.96969697 0.96875    0.98507463 0.95652174 1.
 0.94285714 0.98507463 0.95522388 0.98507463 0.98507463 0.94117647
 0.97058824 0.92307692 1.         0.96969697 0.95384615 0.97058824
 0.97058824 0.96969697 0.98507463 0.92753623 0.95384615 0.96969697
 0.95522388 0.97058824 0.98507463 0.96969697 0.98507463 0.94117647
 0.93939394 0.98507463 0.98507463 0.96875    0.95652174 0.95384615
 0.96969697 0.94117647 0.93939394 0.94117647 0.96969697 0.98507463
 0.96969697 0.97058824 0.98507463 0.95522388 0.95522388 0.98461538
 0.95522388 0.93939394 0.94117647 0.97058824 1.         0.98507463
 0.96969697 0.92753623 0.98507463 0.98461538]
Mean f1: 0.9650469505412198
Dev: 0.020513013230090884


DT_RUS Cross-Validation Results f1:
 [0.96969697 0.96969697 1.         1.         0.94117647 1.
 0.9375     0.9375     1.         0.97142857 0.96969697 1.
 0.97142857 0.9375     1.         0.96774194 1.         0.96969697
 0.91891892 0.96969697 0.94117647 0.91428571 1.         0.96969697
 1.         0.96774194 0.96969697 1.         0.96969697 0.96969697
 1.         0.9375     0.97142857 0.96969697 1.         1.
 1.         0.96969697 0.94117647 0.96969697 0.96969697 0.90909091
 1.         1.         0.96774194 1.         1.         0.97142857
 0.96969697 1.         0.96969697 0.9375     0.94444444 1.
 1.         0.96774194 1.         0.96969697 0.96969697 0.97142857
 0.96969697 0.96969697 0.97142857 1.         0.96774194 1.
 0.96774194 0.94117647 1.         0.96969697 0.96969697 0.96969697
 1.         1.         0.9375     1.         1.         0.96969697
 0.97142857 0.9375     0.90322581 1.         1.         1.
 1.         0.96774194 1.         0.97142857 0.94117647 1.
 0.94117647 0.94117647 1.         0.96969697 0.93333333 1.
 0.96774194 1.         1.         1.        ]
Mean f1: 0.974601257486694
Dev: 0.02510599226066874


DT_NM Cross-Validation Results f1:
 [1.         1.         1.         1.         1.         1.
 0.96969697 1.         1.         1.         1.         1.
 1.         1.         1.         1.         1.         1.
 0.91891892 1.         0.97142857 0.94444444 1.         1.
 1.         1.         1.         1.         1.         1.
 1.         1.         1.         1.         1.         1.
 1.         1.         0.97142857 1.         1.         1.
 1.         1.         1.         1.         1.         0.97142857
 1.         1.         1.         1.         0.94444444 1.
 1.         1.         1.         1.         1.         0.97142857
 1.         1.         1.         1.         1.         1.
 1.         0.97142857 1.         1.         1.         1.
 1.         1.         0.96969697 1.         1.         1.
 1.         1.         1.         1.         1.         1.
 1.         1.         1.         0.97142857 1.         1.
 1.         0.97142857 1.         1.         1.         1.
 1.         1.         1.         1.        ]
Mean f1: 0.9954720174720174
Dev: 0.01350834987829996


DT_CNN Cross-Validation Results f1:
 [0.88888889 0.88888889 1.         0.75       0.83333333 0.75
 0.88888889 0.88888889 1.         0.8        0.88888889 1.
 0.88888889 0.8        0.88888889 0.8        1.         0.8
 1.         0.90909091 1.         0.57142857 0.88888889 0.8
 1.         0.88888889 0.88888889 0.66666667 0.88888889 0.88888889
 1.         1.         0.90909091 0.88888889 1.         0.8
 0.66666667 0.75       0.88888889 0.66666667 0.8        0.90909091
 0.8        0.75       0.88888889 1.         1.         1.
 0.88888889 1.         1.         0.8        1.         0.75
 1.         1.         0.88888889 0.8        0.75       0.90909091
 0.8        0.8        0.90909091 0.88888889 0.88888889 1.
 0.88888889 1.         0.90909091 0.75       1.         0.75
 0.88888889 0.88888889 0.90909091 0.88888889 0.88888889 0.72727273
 0.90909091 1.         0.5        0.66666667 1.         0.90909091
 1.         0.66666667 0.85714286 0.88888889 1.         0.90909091
 0.83333333 0.90909091 0.88888889 1.         0.72727273 0.88888889
 0.4        1.         0.75       0.88888889]
Mean f1: 0.8702200577200577
Dev: 0.11699392444819261


DT_TL Cross-Validation Results f1:
 [1.         1.         1.         0.98461538 0.97058824 0.98507463
 0.98507463 1.         1.         0.96969697 0.98507463 0.98461538
 0.96875    1.         1.         1.         1.         0.98461538
 0.98507463 0.98507463 1.         1.         0.98507463 1.
 1.         0.98461538 0.98461538 0.95522388 0.98461538 1.
 0.94117647 1.         1.         0.98507463 0.98461538 0.98507463
 0.98507463 1.         1.         1.         1.         0.98507463
 0.96969697 1.         0.98461538 1.         1.         0.98507463
 1.         0.98461538 0.98507463 1.         0.98507463 0.98461538
 1.         0.98507463 1.         0.98461538 0.98507463 1.
 0.95384615 0.98461538 1.         0.95238095 1.         1.
 1.         0.97058824 1.         1.         1.         0.98507463
 0.98461538 1.         1.         0.98461538 1.         1.
 0.95652174 0.93548387 0.98507463 0.96875    1.         1.
 1.         0.96875    0.98507463 0.95384615 0.98461538 0.98461538
 0.96969697 1.         1.         1.         1.         1.
 0.98461538 0.98507463 0.98461538 1.        ]
Mean f1: 0.988444914345605
Dev: 0.01435313993721227


RF_RUS Cross-Validation Results f1:
 [0.9375     0.96969697 1.         1.         0.96969697 1.
 0.96969697 1.         1.         0.97142857 0.96969697 1.
 0.97142857 0.9375     1.         0.96969697 1.         1.
 0.91891892 1.         0.94117647 0.94444444 0.96969697 0.96969697
 1.         0.96774194 0.94117647 1.         0.97142857 1.
 0.97142857 1.         0.94117647 0.97142857 1.         1.
 1.         0.96969697 0.94117647 0.96969697 0.96969697 0.94444444
 1.         0.97142857 0.96774194 1.         1.         0.97142857
 1.         1.         0.96969697 1.         0.91428571 0.97142857
 1.         0.96969697 1.         1.         1.         0.97142857
 1.         0.96969697 0.94444444 1.         1.         0.96969697
 0.96774194 0.94444444 1.         1.         0.96969697 1.
 0.94444444 1.         0.96969697 1.         1.         1.
 0.97142857 0.9375     1.         1.         1.         1.
 0.96969697 1.         1.         0.97142857 0.97142857 1.
 0.97142857 0.97142857 0.96969697 0.96969697 0.96774194 1.
 1.         1.         1.         0.97142857]
Mean f1: 0.979992714753863
Dev: 0.022076693941323687


RF_NM Cross-Validation Results f1:
 [1.         1.         1.         1.         0.96774194 1.
 0.96969697 1.         1.         1.         1.         1.
 0.97142857 1.         1.         0.96774194 1.         1.
 0.91891892 1.         0.97142857 0.94444444 1.         1.
 1.         1.         0.94117647 0.96969697 1.         1.
 1.         1.         0.97142857 0.94117647 1.         1.
 1.         1.         0.97142857 1.         0.96969697 0.97142857
 1.         0.97142857 1.         1.         1.         0.97142857
 1.         1.         0.96969697 1.         0.94444444 1.
 1.         0.96969697 1.         1.         1.         0.97142857
 1.         0.96969697 0.97142857 1.         1.         1.
 1.         0.97142857 1.         1.         1.         1.
 0.97142857 1.         0.96969697 1.         1.         1.
 1.         0.96969697 1.         0.96969697 1.         1.
 1.         1.         1.         0.97142857 0.94444444 1.
 0.97142857 0.97142857 1.         1.         1.         1.
 1.         1.         0.96969697 0.97142857]
Mean f1: 0.9883848733279474
Dev: 0.018102900126766307


RF_CNN Cross-Validation Results f1:
 [0.75       1.         1.         0.83333333 0.83333333 0.75
 0.8        1.         1.         0.8        0.90909091 0.8
 0.8        0.88888889 0.57142857 1.         1.         0.90909091
 0.90909091 0.8        1.         0.88888889 0.88888889 0.83333333
 0.90909091 1.         1.         0.8        1.         0.8
 1.         0.90909091 1.         0.88888889 1.         0.90909091
 0.85714286 0.90909091 0.90909091 0.83333333 1.         0.90909091
 0.90909091 1.         0.88888889 1.         0.88888889 0.90909091
 0.8        1.         0.88888889 0.75       0.75       1.
 0.90909091 0.8        1.         0.83333333 1.         0.90909091
 0.90909091 1.         1.         1.         0.88888889 0.90909091
 1.         0.88888889 0.90909091 0.6        1.         1.
 1.         0.72727273 0.90909091 1.         0.75       0.83333333
 0.90909091 1.         0.66666667 0.61538462 1.         1.
 1.         0.8        0.75       1.         0.88888889 0.83333333
 0.83333333 0.90909091 0.90909091 1.         0.75       0.90909091
 1.         1.         1.         0.88888889]
Mean f1: 0.8982324897324898
Dev: 0.10153411736444933


RF_TL Cross-Validation Results f1:
 [1.         1.         1.         1.         0.97058824 0.98507463
 0.98507463 0.98461538 1.         0.98507463 0.98507463 0.98507463
 0.98507463 1.         0.98461538 1.         1.         0.98461538
 0.98507463 0.98507463 1.         1.         0.97058824 1.
 1.         1.         0.97058824 0.95522388 1.         1.
 0.96969697 1.         0.98507463 0.98507463 1.         0.98507463
 0.98507463 1.         0.97058824 1.         1.         0.97058824
 0.98507463 1.         1.         1.         0.98507463 0.98507463
 1.         0.98461538 0.96969697 1.         0.97058824 1.
 1.         0.98507463 1.         1.         0.98507463 1.
 0.98507463 1.         0.98507463 0.98461538 0.98507463 1.
 1.         0.97058824 1.         1.         1.         0.97058824
 1.         0.98507463 1.         1.         1.         0.98507463
 0.95652174 0.96969697 0.98507463 0.98461538 1.         1.
 1.         0.96969697 0.98507463 0.98507463 1.         0.95652174
 0.98507463 1.         0.97058824 1.         1.         0.97058824
 1.         0.98507463 0.98461538 1.        ]
Mean f1: 0.9894226020826775
Dev: 0.01207998571545642


XGB_RUS Cross-Validation Results f1:
 [0.9375     0.9375     1.         0.9375     0.94117647 0.96969697
 0.9375     0.96969697 1.         0.97142857 0.96969697 1.
 0.97142857 0.88235294 1.         0.96969697 1.         0.9375
 0.89473684 0.96969697 0.94117647 0.91428571 0.96969697 0.96969697
 1.         0.96774194 0.96969697 0.96969697 0.94117647 0.96969697
 0.94444444 0.96969697 0.97142857 0.91428571 1.         1.
 0.96969697 0.96969697 0.94117647 0.9375     0.9375     0.88888889
 1.         0.97142857 0.89655172 1.         1.         0.94444444
 0.96969697 1.         0.9375     0.9375     0.91428571 0.97142857
 1.         0.96969697 1.         0.96969697 0.96969697 0.97142857
 0.96969697 0.90909091 0.91428571 1.         0.96774194 0.96969697
 0.96774194 0.91428571 0.96969697 1.         0.96969697 0.96969697
 0.91891892 1.         0.96969697 1.         0.96969697 0.90909091
 0.97142857 0.90322581 0.90322581 1.         1.         0.97142857
 0.96969697 0.96774194 1.         0.94444444 0.91428571 1.
 0.94117647 0.91428571 0.96969697 0.96969697 0.96774194 1.
 0.93333333 0.96969697 0.97142857 1.        ]
Mean f1: 0.96149213737712
Dev: 0.031203761528494404


XGB_NM Cross-Validation Results f1:
 [1.         1.         1.         1.         0.9375     1.
 0.94117647 1.         1.         1.         1.         1.
 1.         1.         1.         0.9375     1.         1.
 0.91891892 1.         0.97142857 0.94444444 1.         1.
 1.         0.85714286 0.96969697 0.96969697 1.         1.
 1.         1.         0.97142857 0.94117647 1.         1.
 0.96969697 1.         0.97142857 1.         0.9375     0.94444444
 1.         0.97142857 0.96774194 1.         1.         0.97142857
 1.         1.         0.9375     1.         0.94444444 0.97142857
 1.         0.96969697 1.         1.         0.97142857 0.97142857
 1.         0.94117647 0.97142857 1.         1.         1.
 1.         0.97142857 1.         1.         1.         1.
 0.96969697 1.         0.96969697 1.         0.96969697 0.97142857
 0.97142857 0.96969697 1.         0.96969697 1.         0.97142857
 1.         1.         1.         0.94117647 0.91891892 1.
 1.         0.97142857 1.         1.         0.96969697 1.
 0.96969697 1.         0.94117647 1.        ]
Mean f1: 0.9821860498340572
Dev: 0.02580275687011808


XGB_CNN Cross-Validation Results f1:
 [0.88888889 1.         0.75       1.         0.83333333 0.5
 0.8        0.88888889 1.         0.8        1.         0.8
 0.66666667 0.8        0.8        0.90909091 1.         0.90909091
 0.90909091 0.90909091 1.         1.         0.88888889 0.83333333
 1.         1.         0.75       0.90909091 0.88888889 0.8
 1.         0.90909091 0.8        0.75       1.         0.90909091
 0.75       0.8        0.88888889 0.6        0.90909091 0.90909091
 0.83333333 1.         0.88888889 0.88888889 0.88888889 0.90909091
 0.8        0.75       1.         0.8        0.75       0.88888889
 0.90909091 0.8        1.         0.72727273 1.         0.90909091
 0.90909091 0.8        0.90909091 0.75       0.75       0.90909091
 0.57142857 0.88888889 0.90909091 0.8        0.88888889 0.88888889
 1.         0.8        1.         1.         0.66666667 0.72727273
 0.90909091 0.75       0.66666667 0.66666667 0.90909091 1.
 0.88888889 0.90909091 0.57142857 1.         0.88888889 0.90909091
 0.76923077 0.90909091 0.88888889 1.         0.72727273 0.90909091
 0.66666667 1.         0.88888889 1.        ]
Mean f1: 0.8619946164946164
Dev: 0.11357513899489205


XGB_TL Cross-Validation Results f1:
 [1.         1.         1.         0.98507463 0.97058824 0.96969697
 0.97058824 0.98461538 1.         0.95384615 0.98507463 0.97058824
 1.         1.         0.96969697 1.         1.         1.
 0.98507463 0.96969697 1.         1.         0.98507463 1.
 1.         0.95384615 0.98507463 0.94117647 1.         1.
 1.         1.         0.95522388 0.97058824 1.         0.98507463
 0.97058824 1.         0.98461538 1.         1.         0.93939394
 0.95522388 0.98507463 1.         1.         0.96969697 0.98507463
 1.         0.98461538 0.95522388 1.         0.98507463 0.96969697
 1.         0.98507463 1.         0.96969697 0.98507463 1.
 0.98507463 0.96969697 0.98507463 0.96969697 0.98507463 1.
 1.         0.95522388 1.         1.         0.98461538 0.97058824
 0.98461538 0.98507463 1.         1.         1.         0.96969697
 0.97058824 0.95384615 0.98507463 1.         1.         1.
 0.98507463 0.93939394 0.98507463 0.98507463 0.97058824 1.
 0.95522388 0.98461538 0.98507463 1.         1.         0.98507463
 0.98507463 0.98507463 0.98461538 1.        ]
Mean f1: 0.9849862493374344
Dev: 0.016323443598556028


XGB_RF_RUS Cross-Validation Results f1:
 [0.96969697 0.96969697 1.         0.97142857 0.94117647 0.96969697
 0.90909091 1.         1.         0.97142857 0.96969697 1.
 0.97142857 0.96969697 1.         0.96969697 1.         0.91428571
 0.89473684 0.96969697 0.94117647 0.91428571 1.         0.96969697
 1.         0.96774194 0.96969697 1.         0.97142857 0.96969697
 0.97142857 0.96969697 0.97142857 0.94117647 1.         1.
 0.96969697 0.96969697 0.94117647 1.         0.96969697 0.91891892
 1.         0.97142857 0.96774194 1.         1.         0.97142857
 0.96969697 1.         0.96969697 0.96969697 0.94444444 1.
 1.         0.96969697 1.         0.94117647 0.94117647 0.97142857
 1.         0.94117647 0.94444444 1.         0.96774194 0.96969697
 0.96774194 0.91428571 1.         1.         1.         0.96969697
 0.97142857 1.         0.94117647 1.         0.96969697 0.94117647
 0.97142857 0.9375     0.9375     1.         1.         0.97142857
 0.96969697 0.9375     1.         0.97142857 0.84848485 1.
 0.97142857 0.91428571 1.         0.96969697 1.         1.
 0.9375     1.         0.97142857 0.97142857]
Mean f1: 0.9705470668774875
Dev: 0.028774913288991733


XGB_RF_NM Cross-Validation Results f1:
 [1.         1.         1.         1.         0.90322581 1.
 0.90909091 0.96969697 1.         0.96969697 1.         0.96969697
 1.         1.         0.96774194 0.93333333 0.96774194 1.
 0.91891892 1.         0.94117647 0.94444444 1.         1.
 1.         0.89655172 1.         0.96969697 1.         1.
 1.         1.         0.97142857 0.94117647 0.96774194 1.
 0.96969697 1.         0.94117647 0.96969697 0.9375     0.97142857
 1.         0.97142857 0.93333333 1.         1.         0.94117647
 1.         1.         0.9375     1.         0.91428571 1.
 1.         1.         1.         1.         1.         0.94117647
 1.         0.94117647 0.94444444 1.         1.         0.96774194
 1.         0.94117647 0.96969697 0.96969697 1.         1.
 0.96969697 1.         0.96969697 1.         0.9375     0.97142857
 0.9375     0.96969697 1.         0.96969697 1.         0.94117647
 1.         1.         1.         0.94117647 0.94117647 0.96969697
 0.97142857 0.97142857 1.         0.96969697 1.         0.96774194
 0.90322581 1.         0.94117647 1.        ]
Mean f1: 0.9754683429311121
Dev: 0.02883454079362297


XGB_RF_CNN Cross-Validation Results f1:
 [1.         1.         0.75       0.90909091 0.83333333 0.8
 0.8        1.         1.         0.8        0.88888889 0.8
 0.66666667 0.90909091 0.90909091 0.90909091 1.         0.90909091
 0.90909091 0.83333333 0.88888889 1.         0.8        0.83333333
 1.         0.90909091 0.8        0.90909091 1.         0.8
 1.         0.90909091 1.         0.88888889 1.         0.90909091
 0.88888889 0.90909091 0.83333333 0.44444444 0.88888889 0.90909091
 0.76923077 0.90909091 0.88888889 1.         0.88888889 0.90909091
 0.8        0.75       1.         0.57142857 0.88888889 1.
 0.90909091 0.90909091 1.         0.83333333 1.         0.90909091
 0.76923077 0.83333333 1.         1.         0.88888889 0.90909091
 0.66666667 0.88888889 0.83333333 0.90909091 1.         1.
 1.         0.54545455 0.83333333 0.88888889 0.8        0.8
 0.90909091 0.75       0.8        0.76923077 0.83333333 0.90909091
 1.         1.         0.75       1.         0.88888889 0.90909091
 0.76923077 0.90909091 0.88888889 1.         0.72727273 0.76923077
 1.         1.         1.         1.        ]
Mean f1: 0.8823273393273393
Dev: 0.10805982401499648


XGB_RF_TL Cross-Validation Results f1:
 [1.         1.         1.         1.         0.95652174 0.96969697
 0.97058824 0.98461538 1.         0.96969697 0.98507463 0.95522388
 0.98507463 1.         0.96969697 0.97058824 1.         0.98461538
 0.98507463 0.96969697 1.         1.         0.97058824 1.
 1.         0.96969697 0.98507463 0.94117647 1.         1.
 0.97058824 1.         0.95522388 0.97058824 1.         0.98507463
 0.97058824 0.98507463 0.98461538 1.         1.         0.97058824
 0.97058824 0.98507463 0.98461538 1.         0.95384615 0.98507463
 1.         0.96969697 0.95522388 1.         0.98507463 0.96969697
 1.         0.98507463 1.         0.96969697 0.97058824 1.
 0.98507463 0.96969697 0.98507463 0.98507463 0.97058824 1.
 1.         0.94285714 1.         0.98507463 0.98461538 0.95522388
 0.98507463 0.98507463 1.         1.         1.         0.98507463
 0.98507463 0.95384615 0.98507463 0.96969697 1.         1.
 0.98507463 0.95522388 0.98507463 0.95384615 0.97058824 0.95652174
 0.95522388 0.98461538 0.98507463 1.         1.         0.98507463
 0.98507463 0.98507463 0.95238095 1.        ]
Mean f1: 0.9825033805374683
Dev: 0.016207457874657605


