LR_RUS Cross-Validation Results precision:
 [0.88888889 0.94117647 0.94444444 0.84210526 0.94117647 0.94117647
 0.88888889 1.         0.94444444 1.         1.         0.94117647
 1.         0.94117647 0.94117647 0.84210526 0.83333333 1.
 0.80952381 0.88888889 0.94117647 0.89473684 0.89473684 1.
 1.         0.9375     0.94117647 0.94117647 0.89473684 0.94117647
 0.89473684 0.94444444 0.94117647 0.89473684 0.94117647 0.94117647
 1.         1.         0.9375     0.9375     0.83333333 0.89473684
 0.89473684 0.89473684 1.         0.9375     1.         0.94444444
 1.         0.89473684 0.94444444 1.         0.88888889 1.
 0.88888889 1.         0.94117647 0.85       0.94117647 0.89473684
 0.94117647 0.92857143 0.85       0.94444444 1.         0.94117647
 0.94117647 0.89473684 1.         0.85       0.94117647 0.94444444
 0.88888889 0.94444444 0.88888889 1.         0.94117647 0.9375
 1.         0.94444444 1.         0.94117647 1.         0.89473684
 0.88888889 0.88888889 0.94117647 0.88888889 0.94444444 0.94444444
 0.88888889 0.89473684 0.9375     0.89473684 0.9375     0.94117647
 0.94117647 0.94444444 0.89473684 0.94117647]
Mean precision: 0.9326304793847363
Dev: 0.046187495406860804


LR_NM Cross-Validation Results precision:
 [0.94444444 0.94117647 0.94117647 0.89473684 0.9375     0.94117647
 0.875      1.         0.94444444 1.         1.         0.94444444
 1.         1.         0.94117647 0.88235294 0.94117647 1.
 0.80952381 0.94117647 0.94444444 0.89473684 0.88888889 1.
 1.         0.9375     0.94117647 0.94117647 0.89473684 0.94444444
 0.89473684 0.94444444 0.9375     0.88888889 1.         0.94117647
 0.9375     1.         0.89473684 0.88888889 1.         0.89473684
 0.94444444 0.89473684 0.94117647 0.94117647 1.         0.94444444
 1.         0.94117647 0.94117647 1.         0.89473684 0.94444444
 0.9375     1.         1.         0.85       0.94444444 0.89473684
 0.94444444 0.94117647 0.88888889 1.         1.         0.94117647
 0.88888889 0.89473684 1.         0.88888889 0.94444444 0.94117647
 0.89473684 0.94444444 0.84210526 1.         0.94117647 0.94444444
 0.94117647 1.         1.         0.9375     1.         0.89473684
 0.84210526 0.88888889 0.9375     0.89473684 0.9375     1.
 0.88888889 0.88235294 1.         0.89473684 0.88888889 0.94117647
 0.94117647 1.         0.88888889 0.94444444]
Mean precision: 0.9388884097498648
Dev: 0.04514627138549875


LR_CNN Cross-Validation Results precision:
 [0.66666667 0.66666667 0.5        0.75       0.83333333 0.75
 0.66666667 1.         0.8        1.         0.83333333 1.
 0.57142857 0.71428571 1.         0.66666667 0.66666667 0.66666667
 0.83333333 0.66666667 1.         0.75       0.71428571 0.66666667
 0.66666667 0.6        0.66666667 0.75       0.83333333 1.
 0.8        0.5        0.6        1.         0.83333333 0.57142857
 0.6        0.6        0.83333333 0.75       0.66666667 0.83333333
 1.         0.8        1.         0.5        0.66666667 0.57142857
 1.         0.66666667 0.66666667 0.625      1.         0.83333333
 0.55555556 0.8        0.66666667 1.         1.         0.57142857
 0.5        1.         0.5        0.5        1.         0.83333333
 0.8        1.         0.83333333 1.         0.75       0.5
 1.         0.57142857 1.         0.71428571 0.66666667 0.75
 0.71428571 1.         0.8        0.625      1.         1.
 0.83333333 0.6        0.4        0.75       1.         0.6
 0.8        0.66666667 1.         1.         0.625      0.625
 0.66666667 0.66666667 0.8        1.        ]
Mean precision: 0.7650317460317462
Dev: 0.16705051489770636


LR_TL Cross-Validation Results precision:
 [0.94285714 0.94117647 0.93939394 0.91176471 0.96875    0.94117647
 0.94285714 1.         0.97058824 0.96969697 0.94285714 0.96875
 1.         1.         0.89189189 0.94285714 1.         0.9375
 0.91428571 0.96969697 0.97058824 0.97058824 0.94117647 1.
 0.96969697 0.88888889 0.96875    0.91666667 0.96969697 1.
 0.96774194 1.         0.94285714 0.91428571 0.94285714 0.94285714
 0.94285714 1.         0.91666667 1.         1.         0.96875
 0.86111111 0.96969697 1.         0.97058824 0.91666667 1.
 0.89189189 0.97058824 0.94117647 0.97058824 0.97058824 0.91428571
 0.94285714 0.9375     1.         0.96969697 0.96875    0.94285714
 0.94285714 0.96969697 0.97058824 0.88888889 0.96875    0.96969697
 0.94117647 0.94285714 0.97058824 0.96969697 0.97058824 0.91428571
 0.93939394 0.97058824 0.97058824 1.         0.91666667 0.96875
 0.96969697 0.91428571 0.93939394 0.91428571 0.96969697 0.97058824
 0.96969697 0.94285714 0.97058824 0.94117647 0.94117647 1.
 0.94117647 0.93939394 0.91428571 0.94285714 1.         0.97058824
 0.96969697 0.88888889 0.97058824 1.        ]
Mean precision: 0.9553644476264259
Dev: 0.031147420815721267


DT_RUS Cross-Validation Results precision:
 [1.         1.         1.         1.         0.88888889 1.
 0.9375     1.         1.         0.94444444 1.         1.
 0.94444444 1.         1.         1.         1.         1.
 0.85       1.         0.94117647 0.88888889 1.         1.
 1.         1.         0.94117647 1.         1.         1.
 1.         1.         0.94444444 1.         1.         1.
 1.         1.         0.94117647 1.         1.         0.9375
 1.         1.         1.         1.         1.         0.94444444
 1.         1.         1.         1.         0.89473684 1.
 1.         1.         1.         1.         1.         0.94444444
 1.         1.         0.94444444 1.         1.         1.
 1.         0.94117647 1.         1.         1.         1.
 1.         1.         0.9375     1.         1.         1.
 0.94444444 1.         1.         1.         1.         1.
 1.         1.         1.         0.94444444 0.94117647 1.
 0.94117647 0.94117647 1.         1.         1.         1.
 1.         1.         1.         1.        ]
Mean precision: 0.9847880546955625
Dev: 0.030945585105477045


DT_NM Cross-Validation Results precision:
 [1.         1.         1.         1.         1.         1.
 0.94117647 1.         1.         1.         1.         1.
 1.         1.         1.         1.         1.         1.
 0.85       1.         0.94444444 0.89473684 1.         1.
 1.         1.         1.         1.         1.         1.
 1.         1.         1.         1.         1.         1.
 1.         1.         0.94444444 1.         1.         1.
 1.         1.         1.         1.         1.         0.94444444
 1.         1.         1.         1.         0.89473684 1.
 1.         1.         1.         1.         1.         0.94444444
 1.         1.         1.         1.         1.         1.
 1.         0.94444444 1.         1.         1.         1.
 1.         1.         0.94117647 1.         1.         1.
 1.         1.         1.         1.         1.         1.
 1.         1.         1.         0.94444444 1.         1.
 1.         0.94444444 1.         1.         1.         1.
 1.         1.         1.         1.        ]
Mean precision: 0.9913293773649811
Dev: 0.02562577776938152


DT_CNN Cross-Validation Results precision:
 [1.         1.         1.         1.         0.71428571 1.
 0.8        1.         1.         0.8        1.         1.
 1.         0.8        1.         0.8        1.         0.8
 1.         0.83333333 1.         1.         1.         0.8
 1.         1.         0.8        0.75       1.         1.
 1.         1.         0.83333333 1.         1.         0.8
 1.         1.         1.         0.75       0.8        0.83333333
 0.8        1.         1.         1.         1.         1.
 1.         1.         1.         0.8        1.         1.
 1.         1.         0.8        0.8        1.         0.83333333
 0.8        0.8        0.83333333 1.         1.         1.
 0.8        1.         0.83333333 1.         1.         1.
 1.         1.         0.83333333 1.         0.8        0.66666667
 0.83333333 1.         0.66666667 0.57142857 1.         0.83333333
 1.         0.75       1.         1.         1.         0.83333333
 0.71428571 0.83333333 1.         1.         0.66666667 1.
 1.         1.         1.         1.        ]
Mean precision: 0.9201666666666667
Dev: 0.11027200702299664


DT_TL Cross-Validation Results precision:
 [1.         1.         1.         1.         0.94285714 0.97058824
 0.97058824 1.         1.         0.96969697 0.97058824 1.
 1.         1.         1.         1.         1.         1.
 0.97058824 0.97058824 1.         1.         0.97058824 1.
 1.         1.         1.         0.94117647 1.         1.
 0.91428571 1.         1.         0.97058824 1.         0.97058824
 0.97058824 1.         1.         1.         1.         0.97058824
 0.96969697 1.         1.         1.         1.         0.97058824
 1.         1.         0.97058824 1.         0.97058824 1.
 1.         0.97058824 1.         1.         0.97058824 1.
 0.96875    1.         1.         1.         1.         1.
 1.         0.94285714 1.         1.         1.         0.97058824
 1.         1.         1.         1.         1.         1.
 0.91666667 1.         0.97058824 1.         1.         1.
 1.         1.         0.97058824 0.96875    1.         1.
 0.96969697 1.         1.         1.         1.         1.
 1.         0.97058824 1.         1.        ]
Mean precision: 0.9894561051693403
Dev: 0.018522624909314864


RF_RUS Cross-Validation Results precision:
 [1.         1.         1.         1.         0.94117647 1.
 0.94117647 1.         1.         0.94444444 1.         1.
 0.94444444 1.         1.         0.94117647 1.         1.
 0.85       1.         0.94117647 0.89473684 1.         1.
 1.         1.         0.88888889 1.         0.94444444 1.
 0.94444444 1.         0.94117647 0.94444444 1.         1.
 1.         1.         0.94117647 1.         1.         0.89473684
 1.         0.94444444 1.         1.         1.         0.94444444
 1.         1.         1.         1.         0.88888889 0.94444444
 1.         0.94117647 1.         1.         1.         0.94444444
 1.         1.         0.89473684 1.         1.         0.94117647
 1.         0.89473684 1.         1.         1.         1.
 0.89473684 1.         0.94117647 1.         1.         1.
 0.94444444 1.         1.         1.         1.         1.
 0.94117647 1.         1.         0.94444444 0.94444444 1.
 0.94444444 0.94444444 1.         1.         1.         1.
 1.         1.         1.         0.94444444]
Mean precision: 0.9767989336085311
Dev: 0.03600867177851497


RF_NM Cross-Validation Results precision:
 [1.         1.         1.         1.         1.         1.
 0.94117647 1.         1.         1.         1.         1.
 0.94444444 1.         1.         1.         1.         1.
 0.85       1.         0.94444444 0.89473684 1.         1.
 1.         1.         0.88888889 1.         1.         1.
 1.         1.         0.94444444 0.94117647 1.         1.
 1.         1.         0.94444444 1.         1.         0.94444444
 1.         0.94444444 1.         1.         1.         0.94444444
 1.         1.         1.         1.         0.89473684 1.
 1.         0.94117647 1.         1.         1.         0.94444444
 1.         1.         0.94444444 1.         1.         1.
 1.         0.94444444 1.         1.         1.         1.
 0.94444444 1.         0.94117647 1.         1.         1.
 1.         1.         1.         1.         1.         1.
 1.         1.         1.         0.94444444 0.89473684 1.
 0.94444444 0.94444444 1.         1.         1.         1.
 1.         1.         1.         0.94444444]
Mean precision: 0.9835447196422429
Dev: 0.031803486887941566


RF_CNN Cross-Validation Results precision:
 [1.         1.         1.         0.71428571 0.71428571 1.
 0.66666667 1.         1.         0.8        0.83333333 0.8
 0.8        1.         1.         1.         1.         0.83333333
 0.83333333 0.8        1.         1.         1.         0.71428571
 0.83333333 1.         1.         0.8        1.         0.8
 1.         0.83333333 1.         1.         1.         0.83333333
 1.         0.83333333 0.83333333 0.71428571 1.         0.83333333
 0.83333333 1.         1.         1.         0.8        0.83333333
 0.8        1.         1.         1.         1.         1.
 0.83333333 0.8        1.         0.71428571 1.         0.83333333
 0.83333333 1.         1.         1.         1.         0.83333333
 1.         1.         0.83333333 0.6        1.         1.
 1.         0.66666667 0.83333333 1.         0.75       0.71428571
 0.83333333 1.         0.75       0.5        1.         1.
 1.         0.8        0.75       1.         1.         0.71428571
 0.71428571 0.83333333 0.83333333 1.         1.         0.83333333
 1.         1.         1.         1.        ]
Mean precision: 0.8989761904761905
Dev: 0.11981384606860163


RF_TL Cross-Validation Results precision:
 [1.         1.         1.         1.         0.94285714 0.97058824
 0.97058824 1.         1.         0.97058824 0.97058824 0.97058824
 0.97058824 1.         1.         1.         1.         1.
 0.97058824 0.97058824 1.         1.         0.94285714 1.
 1.         1.         0.94285714 0.94117647 1.         1.
 0.96969697 1.         0.97058824 0.97058824 1.         0.97058824
 0.97058824 1.         0.94285714 1.         1.         0.94285714
 0.97058824 1.         1.         1.         0.97058824 0.97058824
 1.         1.         0.96969697 1.         0.94285714 1.
 1.         0.97058824 1.         1.         0.97058824 1.
 0.97058824 1.         0.97058824 1.         0.97058824 1.
 1.         0.94285714 1.         1.         1.         0.94285714
 1.         0.97058824 1.         1.         1.         0.97058824
 0.91666667 0.96969697 0.97058824 1.         1.         1.
 1.         0.96969697 0.97058824 0.97058824 1.         0.91666667
 0.97058824 1.         0.94285714 1.         1.         0.94285714
 1.         0.97058824 1.         1.        ]
Mean precision: 0.9828775146422205
Dev: 0.021843466576843232


XGB_RUS Cross-Validation Results precision:
 [1.         1.         1.         1.         0.88888889 0.94117647
 0.9375     1.         1.         0.94444444 1.         1.
 0.94444444 0.88235294 1.         0.94117647 1.         1.
 0.80952381 1.         0.94117647 0.88888889 1.         1.
 1.         1.         0.94117647 1.         0.94117647 1.
 0.89473684 1.         0.94444444 0.88888889 1.         1.
 0.94117647 1.         0.94117647 1.         1.         0.84210526
 1.         0.94444444 1.         1.         1.         0.89473684
 1.         1.         1.         1.         0.88888889 0.94444444
 1.         0.94117647 1.         1.         1.         0.94444444
 1.         0.9375     0.88888889 1.         1.         0.94117647
 1.         0.88888889 1.         1.         1.         1.
 0.85       1.         0.94117647 1.         0.94117647 0.9375
 0.94444444 1.         1.         1.         1.         0.94444444
 0.94117647 1.         1.         0.89473684 0.88888889 1.
 0.94117647 0.88888889 1.         1.         1.         1.
 1.         1.         0.94444444 1.        ]
Mean precision: 0.9672709776893212
Dev: 0.045488407692256545


XGB_NM Cross-Validation Results precision:
 [1.         1.         1.         1.         0.9375     1.
 0.88888889 1.         1.         1.         1.         1.
 1.         1.         1.         0.9375     1.         1.
 0.85       1.         0.94444444 0.89473684 1.         1.
 1.         1.         0.94117647 1.         1.         1.
 1.         1.         0.94444444 0.94117647 1.         1.
 0.94117647 1.         0.94444444 1.         1.         0.89473684
 1.         0.94444444 1.         1.         1.         0.94444444
 1.         1.         1.         1.         0.89473684 0.94444444
 1.         0.94117647 1.         1.         0.94444444 0.94444444
 1.         0.94117647 0.94444444 1.         1.         1.
 1.         0.94444444 1.         1.         1.         1.
 1.         1.         0.94117647 1.         0.94117647 0.94444444
 0.94444444 1.         1.         1.         1.         0.94444444
 1.         1.         1.         0.94117647 0.85       1.
 1.         0.94444444 1.         1.         0.94117647 1.
 0.94117647 1.         0.94117647 1.        ]
Mean precision: 0.9772326281389749
Dev: 0.03575416260754499


XGB_CNN Cross-Validation Results precision:
 [1.         1.         1.         1.         0.71428571 0.66666667
 0.66666667 1.         1.         0.8        1.         0.8
 0.75       0.8        0.8        0.83333333 1.         0.83333333
 0.83333333 0.83333333 1.         1.         1.         0.71428571
 1.         1.         0.75       0.83333333 1.         0.8
 1.         0.83333333 0.8        1.         1.         0.83333333
 0.75       0.8        1.         0.6        0.83333333 0.83333333
 0.71428571 1.         1.         1.         0.8        0.83333333
 0.8        1.         1.         0.8        1.         1.
 0.83333333 0.8        1.         0.66666667 1.         0.83333333
 0.83333333 0.8        0.83333333 1.         1.         0.83333333
 0.66666667 1.         0.83333333 0.8        1.         1.
 1.         0.8        1.         1.         0.6        0.66666667
 0.83333333 1.         0.75       0.57142857 0.83333333 1.
 1.         0.83333333 0.66666667 1.         1.         0.83333333
 0.625      0.83333333 1.         1.         0.66666667 0.83333333
 1.         1.         1.         1.        ]
Mean precision: 0.877392857142857
Dev: 0.125890196977411


XGB_TL Cross-Validation Results precision:
 [1.         1.         1.         0.97058824 0.94285714 0.96969697
 0.94285714 1.         1.         0.96875    0.97058824 0.94285714
 1.         1.         0.96969697 1.         1.         1.
 0.97058824 0.96969697 1.         1.         0.97058824 1.
 1.         0.96875    0.97058824 0.91428571 1.         1.
 1.         1.         0.94117647 0.94285714 1.         0.97058824
 0.94285714 1.         1.         1.         1.         0.93939394
 0.94117647 0.97058824 1.         1.         0.96969697 0.97058824
 1.         1.         0.94117647 1.         0.97058824 0.96969697
 1.         0.97058824 1.         0.96969697 0.97058824 1.
 0.97058824 0.96969697 0.97058824 0.96969697 0.97058824 1.
 1.         0.94117647 1.         1.         1.         0.94285714
 1.         0.97058824 1.         1.         1.         0.96969697
 0.94285714 0.96875    0.97058824 1.         1.         1.
 0.97058824 0.93939394 0.97058824 0.97058824 0.94285714 1.
 0.94117647 1.         0.97058824 1.         1.         0.97058824
 0.97058824 0.97058824 1.         1.        ]
Mean precision: 0.9799886522790935
Dev: 0.022172405215176196


XGB_RF_RUS Cross-Validation Results precision:
 [1.         1.         1.         0.94444444 0.88888889 0.94117647
 0.88235294 1.         1.         0.94444444 1.         1.
 0.94444444 1.         1.         0.94117647 1.         0.88888889
 0.80952381 1.         0.94117647 0.88888889 1.         1.
 1.         1.         0.94117647 1.         0.94444444 1.
 0.94444444 1.         0.94444444 0.94117647 1.         1.
 0.94117647 1.         0.94117647 1.         1.         0.85
 1.         0.94444444 1.         1.         1.         0.94444444
 1.         1.         1.         1.         0.89473684 1.
 1.         0.94117647 1.         0.94117647 0.94117647 0.94444444
 1.         0.94117647 0.89473684 1.         1.         0.94117647
 1.         0.88888889 1.         1.         1.         1.
 0.94444444 1.         0.88888889 1.         0.94117647 0.94117647
 0.94444444 1.         1.         1.         1.         0.94444444
 0.94117647 0.9375     1.         0.94444444 0.875      1.
 0.94444444 0.88888889 1.         1.         1.         1.
 0.9375     1.         0.94444444 0.94444444]
Mean precision: 0.9664344193817879
Dev: 0.04253413435049918


XGB_RF_NM Cross-Validation Results precision:
 [1.         1.         1.         1.         0.93333333 1.
 0.88235294 1.         1.         1.         1.         1.
 1.         1.         1.         1.         1.         1.
 0.85       1.         0.94117647 0.89473684 1.         1.
 1.         1.         1.         1.         1.         1.
 1.         1.         0.94444444 0.94117647 1.         1.
 0.94117647 1.         0.94117647 1.         1.         0.94444444
 1.         0.94444444 1.         1.         1.         0.94117647
 1.         1.         1.         1.         0.88888889 1.
 1.         1.         1.         1.         1.         0.94117647
 1.         0.94117647 0.89473684 1.         1.         1.
 1.         0.94117647 1.         1.         1.         1.
 1.         1.         0.94117647 1.         0.9375     0.94444444
 1.         1.         1.         1.         1.         0.94117647
 1.         1.         1.         0.94117647 0.94117647 1.
 0.94444444 0.94444444 1.         1.         1.         1.
 0.93333333 1.         0.94117647 1.        ]
Mean precision: 0.9811684296525628
Dev: 0.03341866641211387


XGB_RF_CNN Cross-Validation Results precision:
 [1.         1.         1.         0.83333333 0.71428571 0.8
 0.66666667 1.         1.         0.8        1.         0.8
 0.75       0.83333333 0.83333333 0.83333333 1.         0.83333333
 0.83333333 0.71428571 1.         1.         0.8        0.71428571
 1.         0.83333333 0.66666667 0.83333333 1.         0.8
 1.         0.83333333 1.         1.         1.         0.83333333
 0.8        0.83333333 0.71428571 0.5        1.         0.83333333
 0.625      0.83333333 1.         1.         0.8        0.83333333
 0.8        1.         1.         1.         1.         1.
 0.83333333 0.83333333 1.         0.71428571 1.         0.83333333
 0.625      0.71428571 1.         1.         1.         0.83333333
 1.         1.         0.71428571 0.83333333 1.         1.
 1.         0.5        0.71428571 1.         0.66666667 0.8
 0.83333333 1.         0.8        0.625      0.71428571 0.83333333
 1.         1.         0.75       1.         1.         0.83333333
 0.625      0.83333333 1.         1.         0.66666667 0.625
 1.         1.         1.         1.        ]
Mean precision: 0.8688690476190477
Dev: 0.13515248956829443


XGB_RF_TL Cross-Validation Results precision:
 [1.         1.         1.         1.         0.91666667 0.96969697
 0.94285714 1.         1.         0.96969697 0.97058824 0.94117647
 0.97058824 1.         0.96969697 0.94285714 1.         1.
 0.97058824 0.96969697 1.         1.         0.94285714 1.
 1.         0.96969697 0.97058824 0.91428571 1.         1.
 0.94285714 1.         0.94117647 0.94285714 1.         0.97058824
 0.94285714 0.97058824 1.         1.         1.         0.94285714
 0.94285714 0.97058824 1.         1.         0.96875    0.97058824
 1.         0.96969697 0.94117647 1.         0.97058824 0.96969697
 1.         0.97058824 1.         0.96969697 0.94285714 1.
 0.97058824 0.96969697 0.97058824 0.97058824 0.94285714 1.
 1.         0.89189189 1.         0.97058824 1.         0.94117647
 0.97058824 0.97058824 1.         1.         1.         0.97058824
 0.97058824 0.96875    0.97058824 0.96969697 1.         1.
 0.97058824 0.94117647 0.97058824 0.96875    0.94285714 0.91666667
 0.94117647 1.         0.97058824 1.         1.         0.97058824
 0.97058824 0.97058824 1.         1.        ]
Mean precision: 0.9752592391379156
Dev: 0.024926090839645615


