LR_RUS Cross-Validation Results recall:
 [0.94117647 0.94117647 1.         0.94117647 1.         1.
 1.         0.88235294 1.         1.         0.94117647 0.94117647
 1.         0.94117647 1.         1.         0.9375     1.
 1.         0.94117647 0.94117647 1.         1.         1.
 0.9375     0.9375     1.         0.94117647 1.         0.94117647
 1.         1.         0.94117647 1.         1.         1.
 1.         1.         0.88235294 0.88235294 0.88235294 1.
 1.         1.         0.9375     0.9375     1.         1.
 1.         1.         1.         0.94117647 0.94117647 1.
 1.         0.9375     1.         1.         0.94117647 1.
 0.94117647 0.76470588 1.         1.         1.         1.
 1.         1.         1.         1.         0.94117647 1.
 0.94117647 1.         1.         1.         1.         0.88235294
 0.94117647 1.         0.88235294 0.94117647 1.         1.
 1.         1.         1.         0.94117647 1.         1.
 0.94117647 1.         0.88235294 1.         0.9375     1.
 1.         1.         1.         0.94117647]
Mean recall: 0.9720955882352942
Dev: 0.04217248306997346


LR_NM Cross-Validation Results recall:
 [1.         0.94117647 0.94117647 1.         0.9375     1.
 0.875      1.         1.         1.         0.88235294 1.
 0.94117647 1.         1.         0.9375     1.         1.
 1.         0.94117647 1.         1.         0.94117647 0.88235294
 1.         0.9375     1.         0.94117647 1.         1.
 1.         1.         0.88235294 0.94117647 1.         1.
 0.9375     1.         1.         0.94117647 0.82352941 1.
 1.         1.         1.         1.         1.         1.
 0.94117647 0.94117647 0.94117647 0.94117647 1.         1.
 0.9375     1.         0.875      1.         1.         1.
 1.         0.94117647 0.94117647 1.         0.8125     1.
 1.         1.         1.         0.94117647 1.         0.94117647
 1.         1.         1.         1.         1.         1.
 0.94117647 0.82352941 1.         0.88235294 1.         1.
 1.         1.         0.9375     1.         0.88235294 1.
 0.94117647 0.88235294 0.94117647 1.         1.         1.
 1.         1.         0.94117647 1.        ]
Mean recall: 0.9695220588235296
Dev: 0.04598762139279203


LR_CNN Cross-Validation Results recall:
 [0.8  0.8  0.6  0.6  1.   0.6  1.   0.8  0.8  0.8  1.   0.8  0.8  1.
 0.6  0.8  1.   0.8  1.   0.4  0.8  0.6  1.   0.8  0.8  0.6  1.   0.6
 1.   1.   0.8  0.6  0.6  0.8  1.   0.8  0.75 0.6  1.   0.6  0.8  1.
 0.8  0.8  1.   0.4  1.   0.8  1.   0.8  0.4  1.   0.6  1.   1.   0.8
 1.   0.8  0.8  0.8  0.6  1.   0.8  0.4  0.8  1.   1.   1.   1.   0.6
 0.6  0.6  0.8  0.8  0.8  1.   1.   0.6  1.   0.6  0.8  1.   1.   1.
 1.   0.6  0.5  0.6  0.8  0.6  0.8  0.8  0.8  0.8  1.   1.   0.5  0.4
 0.8  0.8 ]
Mean recall: 0.7995
Dev: 0.1783949270579183


LR_TL Cross-Validation Results recall:
 [1.         0.96969697 0.93939394 0.93939394 0.93939394 0.96969697
 1.         1.         1.         0.96969697 1.         0.93939394
 0.96969697 0.96969697 1.         1.         1.         0.90909091
 0.96969697 0.96969697 1.         1.         0.96969697 1.
 0.96969697 0.96969697 0.93939394 1.         0.96969697 0.93939394
 0.90909091 0.96969697 1.         0.96969697 1.         1.
 1.         0.96969697 1.         0.93939394 1.         0.93939394
 0.93939394 0.96969697 0.93939394 1.         1.         1.
 1.         1.         0.96969697 1.         1.         0.96969697
 1.         0.90909091 1.         0.96969697 0.93939394 1.
 1.         0.96969697 1.         0.96969697 0.93939394 0.96969697
 0.96969697 1.         1.         0.96969697 1.         0.96969697
 0.93939394 1.         1.         0.93939394 1.         0.93939394
 0.96969697 0.96969697 0.93939394 0.96969697 0.96969697 1.
 0.96969697 1.         1.         0.96969697 0.96969697 0.96969697
 0.96969697 0.93939394 0.96969697 1.         1.         1.
 0.96969697 0.96969697 1.         0.96969697]
Mean recall: 0.9757575757575758
Dev: 0.024988518943137326


DT_RUS Cross-Validation Results recall:
 [0.94117647 0.94117647 1.         1.         1.         1.
 0.9375     0.88235294 1.         1.         0.94117647 1.
 1.         0.88235294 1.         0.9375     1.         0.94117647
 1.         0.94117647 0.94117647 0.94117647 1.         0.94117647
 1.         0.9375     1.         1.         0.94117647 0.94117647
 1.         0.88235294 1.         0.94117647 1.         1.
 1.         0.94117647 0.94117647 0.94117647 0.94117647 0.88235294
 1.         1.         0.9375     1.         1.         1.
 0.94117647 1.         0.94117647 0.88235294 1.         1.
 1.         0.9375     1.         0.94117647 0.94117647 1.
 0.94117647 0.94117647 1.         1.         0.9375     1.
 0.9375     0.94117647 1.         0.94117647 0.94117647 0.94117647
 1.         1.         0.9375     1.         1.         0.94117647
 1.         0.88235294 0.82352941 1.         1.         1.
 1.         0.9375     1.         1.         0.94117647 1.
 0.94117647 0.94117647 1.         0.94117647 0.875      1.
 0.9375     1.         1.         1.        ]
Mean recall: 0.9660294117647058
Dev: 0.039658604750997584


DT_NM Cross-Validation Results recall:
 [1. 1. 1. 1. 1. 1. 1. 1. 1. 1. 1. 1. 1. 1. 1. 1. 1. 1. 1. 1. 1. 1. 1. 1.
 1. 1. 1. 1. 1. 1. 1. 1. 1. 1. 1. 1. 1. 1. 1. 1. 1. 1. 1. 1. 1. 1. 1. 1.
 1. 1. 1. 1. 1. 1. 1. 1. 1. 1. 1. 1. 1. 1. 1. 1. 1. 1. 1. 1. 1. 1. 1. 1.
 1. 1. 1. 1. 1. 1. 1. 1. 1. 1. 1. 1. 1. 1. 1. 1. 1. 1. 1. 1. 1. 1. 1. 1.
 1. 1. 1. 1.]
Mean recall: 1.0
Dev: 0.0


DT_CNN Cross-Validation Results recall:
 [0.8  0.8  1.   0.6  1.   0.6  1.   0.8  1.   0.8  0.8  1.   0.8  0.8
 0.8  0.8  1.   0.8  1.   1.   1.   0.4  0.8  0.8  1.   0.8  1.   0.6
 0.8  0.8  1.   1.   1.   0.8  1.   0.8  0.5  0.6  0.8  0.6  0.8  1.
 0.8  0.6  0.8  1.   1.   1.   0.8  1.   1.   0.8  1.   0.6  1.   1.
 1.   0.8  0.6  1.   0.8  0.8  1.   0.8  0.8  1.   1.   1.   1.   0.6
 1.   0.6  0.8  0.8  1.   0.8  1.   0.8  1.   1.   0.4  0.8  1.   1.
 1.   0.6  0.75 0.8  1.   1.   1.   1.   0.8  1.   0.8  0.8  0.25 1.
 0.6  0.8 ]
Mean recall: 0.8489999999999999
Dev: 0.1659789143234766


DT_TL Cross-Validation Results recall:
 [1.         1.         1.         0.96969697 1.         1.
 1.         1.         1.         0.96969697 1.         0.96969697
 0.93939394 1.         1.         1.         1.         0.96969697
 1.         1.         1.         1.         1.         1.
 1.         0.96969697 0.96969697 0.96969697 0.96969697 1.
 0.96969697 1.         1.         1.         0.96969697 1.
 1.         1.         1.         1.         1.         1.
 0.96969697 1.         0.96969697 1.         1.         1.
 1.         0.96969697 1.         1.         1.         0.96969697
 1.         1.         1.         0.96969697 1.         1.
 0.93939394 0.96969697 1.         0.90909091 1.         1.
 1.         1.         1.         1.         1.         1.
 0.96969697 1.         1.         0.96969697 1.         1.
 1.         0.87878788 1.         0.93939394 1.         1.
 1.         0.93939394 1.         0.93939394 0.96969697 0.96969697
 0.96969697 1.         1.         1.         1.         1.
 0.96969697 1.         0.96969697 1.        ]
Mean recall: 0.9878787878787878
Dev: 0.021851825911902958


RF_RUS Cross-Validation Results recall:
 [0.88235294 0.94117647 1.         1.         1.         1.
 1.         1.         1.         1.         0.94117647 1.
 1.         0.88235294 1.         1.         1.         1.
 1.         1.         0.94117647 1.         0.94117647 0.94117647
 1.         0.9375     1.         1.         1.         1.
 1.         1.         0.94117647 1.         1.         1.
 1.         0.94117647 0.94117647 0.94117647 0.94117647 1.
 1.         1.         0.9375     1.         1.         1.
 1.         1.         0.94117647 1.         0.94117647 1.
 1.         1.         1.         1.         1.         1.
 1.         0.94117647 1.         1.         1.         1.
 0.9375     1.         1.         1.         0.94117647 1.
 1.         1.         1.         1.         1.         1.
 1.         0.88235294 1.         1.         1.         1.
 1.         1.         1.         1.         1.         1.
 1.         1.         0.94117647 0.94117647 0.9375     1.
 1.         1.         1.         1.        ]
Mean recall: 0.9845588235294119
Dev: 0.029777142251936162


RF_NM Cross-Validation Results recall:
 [1.         1.         1.         1.         0.9375     1.
 1.         1.         1.         1.         1.         1.
 1.         1.         1.         0.9375     1.         1.
 1.         1.         1.         1.         1.         1.
 1.         1.         1.         0.94117647 1.         1.
 1.         1.         1.         0.94117647 1.         1.
 1.         1.         1.         1.         0.94117647 1.
 1.         1.         1.         1.         1.         1.
 1.         1.         0.94117647 1.         1.         1.
 1.         1.         1.         1.         1.         1.
 1.         0.94117647 1.         1.         1.         1.
 1.         1.         1.         1.         1.         1.
 1.         1.         1.         1.         1.         1.
 1.         0.94117647 1.         0.94117647 1.         1.
 1.         1.         1.         1.         1.         1.
 1.         1.         1.         1.         1.         1.
 1.         1.         0.94117647 1.        ]
Mean recall: 0.9940441176470588
Dev: 0.017873697837729713


RF_CNN Cross-Validation Results recall:
 [0.6  1.   1.   1.   1.   0.6  1.   1.   1.   0.8  1.   0.8  0.8  0.8
 0.4  1.   1.   1.   1.   0.8  1.   0.8  0.8  1.   1.   1.   1.   0.8
 1.   0.8  1.   1.   1.   0.8  1.   1.   0.75 1.   1.   1.   1.   1.
 1.   1.   0.8  1.   1.   1.   0.8  1.   0.8  0.6  0.6  1.   1.   0.8
 1.   1.   1.   1.   1.   1.   1.   1.   0.8  1.   1.   0.8  1.   0.6
 1.   1.   1.   0.8  1.   1.   0.75 1.   1.   1.   0.6  0.8  1.   1.
 1.   0.8  0.75 1.   0.8  1.   1.   1.   1.   1.   0.6  1.   1.   1.
 1.   0.8 ]
Mean recall: 0.9165000000000001
Dev: 0.13454646037707568


RF_TL Cross-Validation Results recall:
 [1.         1.         1.         1.         1.         1.
 1.         0.96969697 1.         1.         1.         1.
 1.         1.         0.96969697 1.         1.         0.96969697
 1.         1.         1.         1.         1.         1.
 1.         1.         1.         0.96969697 1.         1.
 0.96969697 1.         1.         1.         1.         1.
 1.         1.         1.         1.         1.         1.
 1.         1.         1.         1.         1.         1.
 1.         0.96969697 0.96969697 1.         1.         1.
 1.         1.         1.         1.         1.         1.
 1.         1.         1.         0.96969697 1.         1.
 1.         1.         1.         1.         1.         1.
 1.         1.         1.         1.         1.         1.
 1.         0.96969697 1.         0.96969697 1.         1.
 1.         0.96969697 1.         1.         1.         1.
 1.         1.         1.         1.         1.         1.
 1.         1.         0.96969697 1.        ]
Mean recall: 0.9963636363636362
Dev: 0.009847319278346608


XGB_RUS Cross-Validation Results recall:
 [0.88235294 0.88235294 1.         0.88235294 1.         1.
 0.9375     0.94117647 1.         1.         0.94117647 1.
 1.         0.88235294 1.         1.         1.         0.88235294
 1.         0.94117647 0.94117647 0.94117647 0.94117647 0.94117647
 1.         0.9375     1.         0.94117647 0.94117647 0.94117647
 1.         0.94117647 1.         0.94117647 1.         1.
 1.         0.94117647 0.94117647 0.88235294 0.88235294 0.94117647
 1.         1.         0.8125     1.         1.         1.
 0.94117647 1.         0.88235294 0.88235294 0.94117647 1.
 1.         1.         1.         0.94117647 0.94117647 1.
 0.94117647 0.88235294 0.94117647 1.         0.9375     1.
 0.9375     0.94117647 0.94117647 1.         0.94117647 0.94117647
 1.         1.         1.         1.         1.         0.88235294
 1.         0.82352941 0.82352941 1.         1.         1.
 1.         0.9375     1.         1.         0.94117647 1.
 0.94117647 0.94117647 0.94117647 0.94117647 0.9375     1.
 0.875      0.94117647 1.         1.        ]
Mean recall: 0.9584191176470589
Dev: 0.0472356941553275


XGB_NM Cross-Validation Results recall:
 [1.         1.         1.         1.         0.9375     1.
 1.         1.         1.         1.         1.         1.
 1.         1.         1.         0.9375     1.         1.
 1.         1.         1.         1.         1.         1.
 1.         0.75       1.         0.94117647 1.         1.
 1.         1.         1.         0.94117647 1.         1.
 1.         1.         1.         1.         0.88235294 1.
 1.         1.         0.9375     1.         1.         1.
 1.         1.         0.88235294 1.         1.         1.
 1.         1.         1.         1.         1.         1.
 1.         0.94117647 1.         1.         1.         1.
 1.         1.         1.         1.         1.         1.
 0.94117647 1.         1.         1.         1.         1.
 1.         0.94117647 1.         0.94117647 1.         1.
 1.         1.         1.         0.94117647 1.         1.
 1.         1.         1.         1.         1.         1.
 1.         1.         0.94117647 1.        ]
Mean recall: 0.9885661764705883
Dev: 0.03413339123924475


XGB_CNN Cross-Validation Results recall:
 [0.8  1.   0.6  1.   1.   0.4  1.   0.8  1.   0.8  1.   0.8  0.6  0.8
 0.8  1.   1.   1.   1.   1.   1.   1.   0.8  1.   1.   1.   0.75 1.
 0.8  0.8  1.   1.   0.8  0.6  1.   1.   0.75 0.8  0.8  0.6  1.   1.
 1.   1.   0.8  0.8  1.   1.   0.8  0.6  1.   0.8  0.6  0.8  1.   0.8
 1.   0.8  1.   1.   1.   0.8  1.   0.6  0.6  1.   0.5  0.8  1.   0.8
 0.8  0.8  1.   0.8  1.   1.   0.75 0.8  1.   0.6  0.6  0.8  1.   1.
 0.8  1.   0.5  1.   0.8  1.   1.   1.   0.8  1.   0.8  1.   0.5  1.
 0.8  1.  ]
Mean recall: 0.8675
Dev: 0.15562374497485917


XGB_TL Cross-Validation Results recall:
 [1.         1.         1.         1.         1.         0.96969697
 1.         0.96969697 1.         0.93939394 1.         1.
 1.         1.         0.96969697 1.         1.         1.
 1.         0.96969697 1.         1.         1.         1.
 1.         0.93939394 1.         0.96969697 1.         1.
 1.         1.         0.96969697 1.         1.         1.
 1.         1.         0.96969697 1.         1.         0.93939394
 0.96969697 1.         1.         1.         0.96969697 1.
 1.         0.96969697 0.96969697 1.         1.         0.96969697
 1.         1.         1.         0.96969697 1.         1.
 1.         0.96969697 1.         0.96969697 1.         1.
 1.         0.96969697 1.         1.         0.96969697 1.
 0.96969697 1.         1.         1.         1.         0.96969697
 1.         0.93939394 1.         1.         1.         1.
 1.         0.93939394 1.         1.         1.         1.
 0.96969697 0.96969697 1.         1.         1.         1.
 1.         1.         0.96969697 1.        ]
Mean recall: 0.9903030303030304
Dev: 0.017077579155885283


XGB_RF_RUS Cross-Validation Results recall:
 [0.94117647 0.94117647 1.         1.         1.         1.
 0.9375     1.         1.         1.         0.94117647 1.
 1.         0.94117647 1.         1.         1.         0.94117647
 1.         0.94117647 0.94117647 0.94117647 1.         0.94117647
 1.         0.9375     1.         1.         1.         0.94117647
 1.         0.94117647 1.         0.94117647 1.         1.
 1.         0.94117647 0.94117647 1.         0.94117647 1.
 1.         1.         0.9375     1.         1.         1.
 0.94117647 1.         0.94117647 0.94117647 1.         1.
 1.         1.         1.         0.94117647 0.94117647 1.
 1.         0.94117647 1.         1.         0.9375     1.
 0.9375     0.94117647 1.         1.         1.         0.94117647
 1.         1.         1.         1.         1.         0.94117647
 1.         0.88235294 0.88235294 1.         1.         1.
 1.         0.9375     1.         1.         0.82352941 1.
 1.         0.94117647 1.         0.94117647 1.         1.
 0.9375     1.         1.         1.        ]
Mean recall: 0.9762132352941176
Dev: 0.03457624326301791


XGB_RF_NM Cross-Validation Results recall:
 [1.         1.         1.         1.         0.875      1.
 0.9375     0.94117647 1.         0.94117647 1.         0.94117647
 1.         1.         0.9375     0.875      0.9375     1.
 1.         1.         0.94117647 1.         1.         1.
 1.         0.8125     1.         0.94117647 1.         1.
 1.         1.         1.         0.94117647 0.9375     1.
 1.         1.         0.94117647 0.94117647 0.88235294 1.
 1.         1.         0.875      1.         1.         0.94117647
 1.         1.         0.88235294 1.         0.94117647 1.
 1.         1.         1.         1.         1.         0.94117647
 1.         0.94117647 1.         1.         1.         0.9375
 1.         0.94117647 0.94117647 0.94117647 1.         1.
 0.94117647 1.         1.         1.         0.9375     1.
 0.88235294 0.94117647 1.         0.94117647 1.         0.94117647
 1.         1.         1.         0.94117647 0.94117647 0.94117647
 1.         1.         1.         0.94117647 1.         0.9375
 0.875      1.         0.94117647 1.        ]
Mean recall: 0.9711029411764707
Dev: 0.04075088627053294


XGB_RF_CNN Cross-Validation Results recall:
 [1.   1.   0.6  1.   1.   0.8  1.   1.   1.   0.8  0.8  0.8  0.6  1.
 1.   1.   1.   1.   1.   1.   0.8  1.   0.8  1.   1.   1.   1.   1.
 1.   0.8  1.   1.   1.   0.8  1.   1.   1.   1.   1.   0.4  0.8  1.
 1.   1.   0.8  1.   1.   1.   0.8  0.6  1.   0.4  0.8  1.   1.   1.
 1.   1.   1.   1.   1.   1.   1.   1.   0.8  1.   0.5  0.8  1.   1.
 1.   1.   1.   0.6  1.   0.8  1.   0.8  1.   0.6  0.8  1.   1.   1.
 1.   1.   0.75 1.   0.8  1.   1.   1.   0.8  1.   0.8  1.   1.   1.
 1.   1.  ]
Mean recall: 0.9205000000000001
Dev: 0.14143814902635002


XGB_RF_TL Cross-Validation Results recall:
 [1.         1.         1.         1.         1.         0.96969697
 1.         0.96969697 1.         0.96969697 1.         0.96969697
 1.         1.         0.96969697 1.         1.         0.96969697
 1.         0.96969697 1.         1.         1.         1.
 1.         0.96969697 1.         0.96969697 1.         1.
 1.         1.         0.96969697 1.         1.         1.
 1.         1.         0.96969697 1.         1.         1.
 1.         1.         0.96969697 1.         0.93939394 1.
 1.         0.96969697 0.96969697 1.         1.         0.96969697
 1.         1.         1.         0.96969697 1.         1.
 1.         0.96969697 1.         1.         1.         1.
 1.         1.         1.         1.         0.96969697 0.96969697
 1.         1.         1.         1.         1.         1.
 1.         0.93939394 1.         0.96969697 1.         1.
 1.         0.96969697 1.         0.93939394 1.         1.
 0.96969697 0.96969697 1.         1.         1.         1.
 1.         1.         0.90909091 1.        ]
Mean recall: 0.9903030303030304
Dev: 0.01760707763191993


