LR Cross-Validation Results accuracy:
 [0.92284866 0.92878338 0.93768546 0.90801187 0.90504451 0.9495549
 0.91097923 0.92878338 0.91071429 0.91071429 0.89317507 0.92581602
 0.92284866 0.90504451 0.9347181  0.91394659 0.90801187 0.95252226
 0.93452381 0.92261905 0.92878338 0.91691395 0.92581602 0.91988131
 0.92284866 0.89317507 0.92284866 0.91394659 0.91369048 0.92857143
 0.92581602 0.92581602 0.91097923 0.91394659 0.91097923 0.92581602
 0.94362018 0.91097923 0.91369048 0.89880952 0.91988131 0.91988131
 0.92284866 0.90801187 0.90801187 0.91988131 0.92284866 0.90801187
 0.93452381 0.92857143 0.93768546 0.89020772 0.90801187 0.93175074
 0.93768546 0.92284866 0.89317507 0.91394659 0.95535714 0.91369048
 0.91394659 0.90801187 0.90801187 0.93175074 0.93175074 0.94065282
 0.91988131 0.93175074 0.92261905 0.92857143 0.96439169 0.92581602
 0.92284866 0.92878338 0.92581602 0.91097923 0.90207715 0.88724036
 0.91071429 0.91369048 0.91097923 0.95252226 0.93768546 0.91097923
 0.91988131 0.91988131 0.91394659 0.90207715 0.92559524 0.91964286
 0.92878338 0.92878338 0.92581602 0.91394659 0.9347181  0.91097923
 0.94362018 0.90801187 0.9375     0.9047619 ]
Mean accuracy: 0.9206952098346757
Dev: 0.01423075867525074


LR_SMOTE Cross-Validation Results accuracy:
 [0.94987469 0.9273183  0.95238095 0.9273183  0.92982456 0.92230576
 0.9197995  0.90726817 0.9047619  0.92982456 0.9197995  0.92982456
 0.92982456 0.94235589 0.94987469 0.9197995  0.9122807  0.91478697
 0.94736842 0.92982456 0.89974937 0.89724311 0.9273183  0.92230576
 0.9122807  0.93984962 0.92982456 0.95238095 0.94235589 0.94736842
 0.94235589 0.94235589 0.9122807  0.93734336 0.9197995  0.92481203
 0.91478697 0.91729323 0.94486216 0.9197995  0.92982456 0.91729323
 0.9197995  0.93483709 0.92481203 0.93483709 0.94486216 0.9273183
 0.92230576 0.90726817 0.92230576 0.9273183  0.93233083 0.89974937
 0.93233083 0.92230576 0.94736842 0.91478697 0.93483709 0.9273183
 0.93984962 0.9197995  0.93483709 0.91729323 0.9122807  0.9122807
 0.94987469 0.9273183  0.92481203 0.93233083 0.93984962 0.93984962
 0.93984962 0.89974937 0.91729323 0.93483709 0.92230576 0.93483709
 0.89473684 0.95238095 0.92230576 0.92481203 0.93984962 0.91729323
 0.90225564 0.93233083 0.9273183  0.93233083 0.94736842 0.93233083
 0.9273183  0.9122807  0.95739348 0.93483709 0.94486216 0.9273183
 0.9047619  0.9047619  0.91478697 0.93734336]
Mean accuracy: 0.927268170426065
Dev: 0.014061825587415262


LR_BrdSMOTE Cross-Validation Results accuracy:
 [0.93984962 0.9273183  0.94235589 0.9197995  0.9273183  0.91478697
 0.92230576 0.90726817 0.87969925 0.9197995  0.91478697 0.93233083
 0.9197995  0.92982456 0.93984962 0.9122807  0.90726817 0.90726817
 0.94486216 0.92481203 0.9197995  0.89473684 0.9197995  0.9047619
 0.89724311 0.9273183  0.93734336 0.94486216 0.93734336 0.9273183
 0.93483709 0.93233083 0.91729323 0.93483709 0.90977444 0.92982456
 0.9122807  0.9122807  0.93483709 0.90726817 0.9273183  0.91729323
 0.91729323 0.9273183  0.92230576 0.93233083 0.93984962 0.91729323
 0.92481203 0.89473684 0.91729323 0.92982456 0.92230576 0.89974937
 0.92481203 0.91478697 0.93734336 0.90726817 0.93734336 0.91729323
 0.9197995  0.92230576 0.92982456 0.90726817 0.92481203 0.90225564
 0.95488722 0.90977444 0.9197995  0.92230576 0.93483709 0.93483709
 0.92481203 0.89974937 0.90977444 0.92982456 0.90726817 0.93233083
 0.91478697 0.91729323 0.9122807  0.91729323 0.93734336 0.91729323
 0.9047619  0.93233083 0.91729323 0.93233083 0.94486216 0.91729323
 0.93233083 0.90726817 0.93984962 0.91729323 0.92982456 0.9273183
 0.90726817 0.90977444 0.90977444 0.93233083]
Mean accuracy: 0.9216290726817045
Dev: 0.0131279286413115


LR_GAN Cross-Validation Results accuracy:
 [0.95488722 0.93233083 0.94987469 0.93734336 0.93483709 0.92481203
 0.9197995  0.90726817 0.9122807  0.94486216 0.92481203 0.93233083
 0.93483709 0.94736842 0.94235589 0.9273183  0.9122807  0.92481203
 0.96240602 0.9273183  0.91729323 0.90726817 0.94486216 0.92982456
 0.91478697 0.94736842 0.94736842 0.95238095 0.92982456 0.93483709
 0.93984962 0.96240602 0.9197995  0.94235589 0.9273183  0.93734336
 0.92230576 0.9197995  0.94736842 0.92230576 0.93734336 0.92230576
 0.9273183  0.94486216 0.93483709 0.93734336 0.95739348 0.92982456
 0.93233083 0.9047619  0.93233083 0.93734336 0.94486216 0.9047619
 0.93483709 0.93483709 0.95989975 0.91729323 0.92982456 0.93233083
 0.94486216 0.92481203 0.93734336 0.9273183  0.91729323 0.9197995
 0.95739348 0.92982456 0.93233083 0.93483709 0.93483709 0.94235589
 0.94736842 0.91478697 0.92481203 0.94987469 0.9122807  0.93734336
 0.91478697 0.94486216 0.91729323 0.93984962 0.94235589 0.9197995
 0.90977444 0.92982456 0.93483709 0.93734336 0.94736842 0.94736842
 0.93734336 0.94486216 0.95238095 0.9273183  0.94736842 0.93984962
 0.9122807  0.9197995  0.93233083 0.93734336]
Mean accuracy: 0.9330325814536341
Dev: 0.013389558652276708


DT Cross-Validation Results accuracy:
 [0.90801187 0.92284866 0.91988131 0.90801187 0.89020772 0.92581602
 0.90207715 0.91097923 0.88988095 0.91071429 0.86053412 0.91394659
 0.91394659 0.89910979 0.91097923 0.89317507 0.92878338 0.93175074
 0.91071429 0.89880952 0.90504451 0.90207715 0.91097923 0.91097923
 0.90207715 0.91097923 0.91691395 0.90801187 0.9077381  0.91666667
 0.91691395 0.89910979 0.90207715 0.94065282 0.91097923 0.89614243
 0.89910979 0.93175074 0.91369048 0.88988095 0.89614243 0.884273
 0.88724036 0.92581602 0.884273   0.90801187 0.884273   0.884273
 0.91666667 0.89880952 0.91394659 0.89020772 0.87537092 0.90801187
 0.91988131 0.89910979 0.89614243 0.92878338 0.89583333 0.91964286
 0.91097923 0.91691395 0.89614243 0.90504451 0.91097923 0.93768546
 0.90504451 0.91988131 0.89285714 0.89880952 0.91988131 0.90207715
 0.92581602 0.91988131 0.91097923 0.88724036 0.89910979 0.85756677
 0.9047619  0.91071429 0.86350148 0.93768546 0.91394659 0.91988131
 0.92581602 0.91691395 0.89614243 0.89910979 0.9077381  0.90178571
 0.90207715 0.90504451 0.89317507 0.92581602 0.91988131 0.91394659
 0.91394659 0.90801187 0.89285714 0.89880952]
Mean accuracy: 0.9064711389006642
Dev: 0.015308047208955122


DT_SMOTE Cross-Validation Results accuracy:
 [0.93734336 0.92481203 0.9197995  0.91729323 0.90726817 0.92481203
 0.90977444 0.89724311 0.9197995  0.90225564 0.87218045 0.93734336
 0.92230576 0.9197995  0.9197995  0.90977444 0.93483709 0.92481203
 0.92481203 0.90726817 0.89473684 0.88471178 0.9122807  0.9122807
 0.9197995  0.9273183  0.9197995  0.90726817 0.92481203 0.92481203
 0.92481203 0.93233083 0.9047619  0.93984962 0.9122807  0.9273183
 0.90726817 0.90977444 0.93233083 0.92230576 0.9122807  0.93984962
 0.93483709 0.92230576 0.91729323 0.92481203 0.9047619  0.91478697
 0.94235589 0.91729323 0.9197995  0.94486216 0.93233083 0.92481203
 0.90977444 0.93483709 0.93233083 0.9197995  0.9047619  0.9197995
 0.92230576 0.92982456 0.92481203 0.89223058 0.90726817 0.91729323
 0.95488722 0.92230576 0.9273183  0.91478697 0.9197995  0.9273183
 0.9047619  0.89473684 0.9047619  0.94486216 0.88972431 0.93483709
 0.89974937 0.93984962 0.92481203 0.92982456 0.90726817 0.92982456
 0.89724311 0.90726817 0.92982456 0.90225564 0.91478697 0.93483709
 0.90225564 0.93734336 0.93483709 0.91478697 0.92481203 0.9047619
 0.91478697 0.90726817 0.91729323 0.93483709]
Mean accuracy: 0.9189223057644109
Dev: 0.014276367693882746


DT_BrdSMOTE Cross-Validation Results accuracy:
 [0.9197995  0.90726817 0.91478697 0.89974937 0.92481203 0.90726817
 0.90977444 0.88972431 0.89473684 0.89724311 0.89724311 0.91478697
 0.92481203 0.9273183  0.89974937 0.90726817 0.9273183  0.88972431
 0.9047619  0.88721805 0.90225564 0.89974937 0.89724311 0.87969925
 0.9122807  0.91478697 0.92230576 0.93734336 0.91729323 0.89223058
 0.91478697 0.9197995  0.90977444 0.9122807  0.93483709 0.92481203
 0.89223058 0.89724311 0.9047619  0.90225564 0.9122807  0.88721805
 0.9197995  0.89724311 0.9122807  0.92982456 0.9047619  0.9122807
 0.9197995  0.89974937 0.89473684 0.9273183  0.90726817 0.91478697
 0.9122807  0.9197995  0.92481203 0.9122807  0.89974937 0.87969925
 0.90977444 0.9197995  0.90977444 0.85964912 0.9122807  0.88972431
 0.93984962 0.91729323 0.90977444 0.93483709 0.90225564 0.9273183
 0.9122807  0.88471178 0.9047619  0.89974937 0.90225564 0.89724311
 0.89974937 0.91729323 0.88721805 0.90225564 0.93233083 0.90977444
 0.90726817 0.93233083 0.91729323 0.90726817 0.9122807  0.89473684
 0.88972431 0.9047619  0.94235589 0.9047619  0.93483709 0.88721805
 0.9122807  0.9047619  0.92230576 0.91729323]
Mean accuracy: 0.9089473684210525
Dev: 0.014669920339689878


DT_GAN Cross-Validation Results accuracy:
 [0.92481203 0.92481203 0.93233083 0.88972431 0.9047619  0.9047619
 0.92982456 0.90726817 0.92481203 0.9197995  0.88220551 0.9122807
 0.9273183  0.9122807  0.92230576 0.90726817 0.9197995  0.94235589
 0.89473684 0.90225564 0.90726817 0.86716792 0.92481203 0.9197995
 0.9122807  0.93233083 0.9122807  0.9273183  0.91478697 0.91729323
 0.93483709 0.94235589 0.9122807  0.92982456 0.90726817 0.91478697
 0.91729323 0.91729323 0.90225564 0.92230576 0.90977444 0.92481203
 0.90977444 0.91729323 0.88972431 0.91478697 0.9197995  0.9047619
 0.93233083 0.90977444 0.89974937 0.91729323 0.92230576 0.92230576
 0.90977444 0.90977444 0.92982456 0.9197995  0.91478697 0.9122807
 0.92481203 0.91478697 0.91478697 0.88721805 0.89974937 0.91729323
 0.94736842 0.89974937 0.9047619  0.90977444 0.91478697 0.9197995
 0.9197995  0.89974937 0.91729323 0.92230576 0.91478697 0.92481203
 0.9047619  0.94987469 0.9122807  0.92481203 0.90977444 0.88972431
 0.89974937 0.9047619  0.92230576 0.9197995  0.92982456 0.92230576
 0.9122807  0.9197995  0.92481203 0.9273183  0.92481203 0.89473684
 0.91478697 0.89473684 0.9197995  0.91729323]
Mean accuracy: 0.9150626566416039
Dev: 0.013374608696629353


RF Cross-Validation Results accuracy:
 [0.94362018 0.9347181  0.94362018 0.92878338 0.91988131 0.96439169
 0.94065282 0.94065282 0.94047619 0.94642857 0.91394659 0.94065282
 0.93175074 0.92878338 0.95252226 0.92284866 0.95548961 0.94658754
 0.95535714 0.94345238 0.94362018 0.94658754 0.94362018 0.95252226
 0.92284866 0.93175074 0.95252226 0.94065282 0.92559524 0.94047619
 0.95845697 0.95845697 0.91988131 0.93768546 0.94362018 0.92878338
 0.94065282 0.93768546 0.9375     0.92857143 0.93768546 0.93175074
 0.94065282 0.95845697 0.93768546 0.95548961 0.94362018 0.94065282
 0.94047619 0.93154762 0.94362018 0.91691395 0.91691395 0.9495549
 0.94658754 0.93175074 0.92284866 0.95548961 0.94940476 0.93154762
 0.93175074 0.9347181  0.9347181  0.9495549  0.92284866 0.96142433
 0.95252226 0.95548961 0.94940476 0.92559524 0.98219585 0.94065282
 0.94065282 0.94362018 0.94065282 0.94658754 0.9347181  0.90801187
 0.91666667 0.95238095 0.94362018 0.96142433 0.9495549  0.94065282
 0.9347181  0.95252226 0.95252226 0.93175074 0.94642857 0.91666667
 0.93768546 0.93768546 0.92878338 0.9347181  0.93768546 0.92581602
 0.95548961 0.9495549  0.95535714 0.92857143]
Mean accuracy: 0.9401413028119258
Dev: 0.012648502543178512


RF_SMOTE Cross-Validation Results accuracy:
 [0.96491228 0.94486216 0.96240602 0.95989975 0.94486216 0.95238095
 0.93233083 0.93984962 0.93483709 0.95238095 0.93233083 0.94987469
 0.94736842 0.96240602 0.95488722 0.94486216 0.94235589 0.96491228
 0.95488722 0.93483709 0.94235589 0.93734336 0.94235589 0.95238095
 0.94235589 0.97243108 0.95989975 0.96240602 0.93984962 0.95989975
 0.95739348 0.96491228 0.93233083 0.95488722 0.95238095 0.94736842
 0.95739348 0.93483709 0.94987469 0.95739348 0.93483709 0.95739348
 0.95989975 0.95739348 0.94486216 0.96491228 0.94736842 0.94486216
 0.95238095 0.94736842 0.94736842 0.95238095 0.95989975 0.95488722
 0.94736842 0.94486216 0.96240602 0.96491228 0.95739348 0.93984962
 0.96240602 0.95238095 0.96741855 0.94486216 0.93233083 0.94235589
 0.96741855 0.95238095 0.94486216 0.94235589 0.92982456 0.95488722
 0.94736842 0.94486216 0.95739348 0.96741855 0.93984962 0.95238095
 0.95488722 0.95989975 0.93483709 0.96491228 0.94486216 0.94736842
 0.92481203 0.95739348 0.96240602 0.94987469 0.95238095 0.95989975
 0.94987469 0.94987469 0.96992481 0.94987469 0.95238095 0.95238095
 0.95989975 0.93984962 0.93984962 0.93734336]
Mean accuracy: 0.9505764411027569
Dev: 0.010254761989750687


RF_BrdSMOTE Cross-Validation Results accuracy:
 [0.96491228 0.95739348 0.96240602 0.95238095 0.95238095 0.94736842
 0.93984962 0.93483709 0.9197995  0.94987469 0.93483709 0.95488722
 0.93984962 0.95989975 0.95488722 0.93984962 0.94235589 0.95739348
 0.94736842 0.93233083 0.92982456 0.92982456 0.94736842 0.95488722
 0.93734336 0.95488722 0.95488722 0.97243108 0.94736842 0.93734336
 0.94736842 0.97493734 0.93233083 0.95739348 0.95488722 0.95739348
 0.94987469 0.93734336 0.94486216 0.94235589 0.93984962 0.94987469
 0.95989975 0.95989975 0.93734336 0.96491228 0.95238095 0.94235589
 0.95488722 0.93233083 0.93233083 0.95488722 0.94486216 0.94987469
 0.93734336 0.93984962 0.95989975 0.96741855 0.95238095 0.94736842
 0.94235589 0.96491228 0.94987469 0.92982456 0.93984962 0.92982456
 0.96992481 0.94736842 0.94987469 0.95238095 0.92982456 0.95238095
 0.95488722 0.92982456 0.95488722 0.96992481 0.93734336 0.94486216
 0.94235589 0.95488722 0.93233083 0.95989975 0.95238095 0.93984962
 0.9273183  0.95238095 0.95989975 0.95238095 0.95488722 0.95238095
 0.94987469 0.94736842 0.97243108 0.93984962 0.94486216 0.94736842
 0.95488722 0.92982456 0.95238095 0.94235589]
Mean accuracy: 0.9480200501253132
Dev: 0.011373145287957685


RF_GAN Cross-Validation Results accuracy:
 [0.96240602 0.94736842 0.97493734 0.95989975 0.95238095 0.94987469
 0.93483709 0.93233083 0.94486216 0.95238095 0.94486216 0.94987469
 0.95488722 0.96240602 0.95739348 0.93984962 0.93984962 0.96240602
 0.95238095 0.92982456 0.93483709 0.9273183  0.94987469 0.95238095
 0.94486216 0.97493734 0.95238095 0.95739348 0.94486216 0.95238095
 0.95739348 0.97243108 0.93734336 0.94987469 0.95739348 0.95238095
 0.95488722 0.93233083 0.94987469 0.94486216 0.93734336 0.96240602
 0.96240602 0.95989975 0.93483709 0.94736842 0.95238095 0.94987469
 0.96491228 0.94486216 0.93984962 0.95739348 0.95488722 0.95989975
 0.94486216 0.94736842 0.96741855 0.96491228 0.95238095 0.93233083
 0.95488722 0.95739348 0.96240602 0.94987469 0.93483709 0.93984962
 0.97493734 0.95238095 0.94235589 0.94987469 0.94486216 0.95488722
 0.96240602 0.94486216 0.94987469 0.97243108 0.92982456 0.94736842
 0.95238095 0.96491228 0.92982456 0.96491228 0.95238095 0.93984962
 0.92230576 0.95488722 0.95989975 0.95238095 0.95739348 0.95989975
 0.95238095 0.95238095 0.97493734 0.94736842 0.94736842 0.95238095
 0.95238095 0.93233083 0.94987469 0.93984962]
Mean accuracy: 0.9508020050125313
Dev: 0.011295753528476166


XGB Cross-Validation Results accuracy:
 [0.94362018 0.94362018 0.95548961 0.94065282 0.9347181  0.97032641
 0.94362018 0.94362018 0.93452381 0.95238095 0.91394659 0.95548961
 0.9495549  0.95548961 0.95845697 0.94065282 0.94362018 0.9495549
 0.94940476 0.94345238 0.9495549  0.94658754 0.93768546 0.94362018
 0.94362018 0.95252226 0.96142433 0.95845697 0.94940476 0.96130952
 0.96142433 0.96142433 0.94362018 0.95252226 0.94658754 0.94065282
 0.96142433 0.95252226 0.93452381 0.9375     0.9495549  0.9495549
 0.95548961 0.95845697 0.9347181  0.95548961 0.9347181  0.93768546
 0.96130952 0.92559524 0.94658754 0.94362018 0.93768546 0.95548961
 0.95845697 0.91988131 0.9347181  0.96735905 0.96428571 0.94940476
 0.93768546 0.92284866 0.93768546 0.95548961 0.94362018 0.96142433
 0.95548961 0.96142433 0.94345238 0.93154762 0.9851632  0.96439169
 0.94065282 0.94658754 0.95548961 0.95548961 0.93175074 0.90801187
 0.92857143 0.95238095 0.93768546 0.97329377 0.94362018 0.96439169
 0.92581602 0.95252226 0.96439169 0.9495549  0.95535714 0.9077381
 0.93768546 0.95252226 0.93175074 0.94362018 0.95548961 0.94362018
 0.95845697 0.94065282 0.96428571 0.93452381]
Mean accuracy: 0.9471478027412745
Dev: 0.013273993334789246


XGB_SMOTE Cross-Validation Results accuracy:
 [0.96741855 0.95488722 0.96240602 0.95739348 0.95989975 0.95989975
 0.95488722 0.93233083 0.93734336 0.95739348 0.94486216 0.95989975
 0.94235589 0.96240602 0.95989975 0.94235589 0.94486216 0.95989975
 0.95989975 0.94736842 0.93984962 0.92481203 0.94486216 0.96741855
 0.94987469 0.96240602 0.96240602 0.95739348 0.94486216 0.95739348
 0.95989975 0.96992481 0.93734336 0.95739348 0.94486216 0.95238095
 0.95238095 0.94987469 0.94486216 0.94987469 0.93734336 0.96992481
 0.95739348 0.95989975 0.93734336 0.94736842 0.95488722 0.95238095
 0.94235589 0.93483709 0.95739348 0.96741855 0.96240602 0.95989975
 0.93734336 0.94486216 0.96741855 0.96741855 0.96240602 0.94987469
 0.96240602 0.96741855 0.96992481 0.94987469 0.93984962 0.93984962
 0.97744361 0.95238095 0.94736842 0.95238095 0.95989975 0.95739348
 0.94987469 0.95739348 0.95488722 0.96992481 0.93984962 0.94736842
 0.93984962 0.94736842 0.94235589 0.95238095 0.95488722 0.95238095
 0.94736842 0.95488722 0.96240602 0.94987469 0.95488722 0.95739348
 0.93483709 0.93483709 0.97493734 0.94987469 0.95739348 0.94486216
 0.95488722 0.94987469 0.96992481 0.94736842]
Mean accuracy: 0.9529824561403508
Dev: 0.010382838867276407


XGB_BrdSMOTE Cross-Validation Results accuracy:
 [0.96741855 0.96491228 0.97493734 0.96741855 0.96491228 0.94987469
 0.94486216 0.94235589 0.93984962 0.94486216 0.93483709 0.95989975
 0.94736842 0.96491228 0.96240602 0.94486216 0.95989975 0.95739348
 0.96491228 0.95739348 0.93734336 0.93233083 0.94736842 0.95739348
 0.94486216 0.96741855 0.96992481 0.97493734 0.96240602 0.95488722
 0.95739348 0.96992481 0.93483709 0.95238095 0.96491228 0.95739348
 0.95238095 0.94235589 0.94486216 0.94736842 0.94736842 0.96240602
 0.95739348 0.95488722 0.95739348 0.96741855 0.95989975 0.95488722
 0.94486216 0.95488722 0.94736842 0.95238095 0.95989975 0.94486216
 0.93483709 0.95989975 0.96240602 0.96992481 0.96240602 0.94736842
 0.95739348 0.96741855 0.96240602 0.93233083 0.94736842 0.94235589
 0.96240602 0.94486216 0.95488722 0.94987469 0.95739348 0.95238095
 0.95989975 0.94987469 0.96240602 0.96992481 0.94736842 0.95739348
 0.93984962 0.95488722 0.94486216 0.95488722 0.96491228 0.94736842
 0.94987469 0.96240602 0.97243108 0.95989975 0.94736842 0.95739348
 0.95739348 0.94486216 0.96992481 0.94987469 0.95989975 0.94987469
 0.95739348 0.94736842 0.94987469 0.95238095]
Mean accuracy: 0.9546365914786966
Dev: 0.009851250128838869


XGB_GAN Cross-Validation Results accuracy:
 [0.97243108 0.94486216 0.97994987 0.96240602 0.94987469 0.94736842
 0.93984962 0.94736842 0.94486216 0.95238095 0.93984962 0.95739348
 0.95488722 0.96992481 0.96491228 0.95488722 0.95238095 0.95488722
 0.96491228 0.95989975 0.93734336 0.93734336 0.95238095 0.96491228
 0.94987469 0.97493734 0.95989975 0.96240602 0.95238095 0.96741855
 0.96240602 0.97493734 0.94235589 0.94987469 0.95989975 0.95989975
 0.94486216 0.93233083 0.94736842 0.95989975 0.94486216 0.96491228
 0.96491228 0.94736842 0.94987469 0.95488722 0.96491228 0.94987469
 0.94486216 0.94736842 0.94987469 0.96741855 0.95488722 0.95488722
 0.93233083 0.95739348 0.96491228 0.96741855 0.95739348 0.95488722
 0.96240602 0.96491228 0.96992481 0.94235589 0.93984962 0.95488722
 0.96992481 0.94987469 0.95488722 0.94987469 0.96240602 0.95488722
 0.95488722 0.95488722 0.96741855 0.96741855 0.9273183  0.94486216
 0.94486216 0.95739348 0.93984962 0.96491228 0.94736842 0.94736842
 0.93483709 0.96741855 0.96240602 0.95739348 0.95739348 0.95238095
 0.95238095 0.94736842 0.97243108 0.94486216 0.97493734 0.93483709
 0.94987469 0.94736842 0.96741855 0.93734336]
Mean accuracy: 0.9545864661654135
Dev: 0.010920418138262633


XGB_RF Cross-Validation Results accuracy:
 [0.94362018 0.9347181  0.93768546 0.94065282 0.91691395 0.95548961
 0.92581602 0.92581602 0.91071429 0.93154762 0.88130564 0.94065282
 0.92581602 0.91691395 0.92878338 0.90504451 0.9347181  0.94065282
 0.95535714 0.91964286 0.9347181  0.9347181  0.92284866 0.93175074
 0.91988131 0.92581602 0.9347181  0.91988131 0.91369048 0.9375
 0.93768546 0.94362018 0.91394659 0.94065282 0.92878338 0.91988131
 0.92878338 0.92581602 0.93452381 0.91666667 0.93175074 0.92878338
 0.93768546 0.95845697 0.91097923 0.9347181  0.92878338 0.93175074
 0.92559524 0.92261905 0.9347181  0.91394659 0.89910979 0.93768546
 0.93768546 0.91988131 0.92878338 0.95548961 0.93452381 0.92857143
 0.90801187 0.9347181  0.93768546 0.9347181  0.91394659 0.94658754
 0.93768546 0.93768546 0.94047619 0.92559524 0.97032641 0.91988131
 0.93768546 0.93768546 0.92878338 0.94362018 0.92878338 0.88724036
 0.91071429 0.92559524 0.91691395 0.95548961 0.92878338 0.93768546
 0.91988131 0.92878338 0.93768546 0.93768546 0.93452381 0.89880952
 0.94362018 0.94658754 0.91988131 0.93175074 0.93768546 0.92284866
 0.9347181  0.9347181  0.92261905 0.91369048]
Mean accuracy: 0.9295104740709341
Dev: 0.013999020581802055


XGB_RF_SMOTE Cross-Validation Results accuracy:
 [0.95238095 0.93483709 0.94987469 0.94987469 0.94486216 0.92982456
 0.91729323 0.9197995  0.93734336 0.93734336 0.92481203 0.93734336
 0.94736842 0.95739348 0.94486216 0.92481203 0.93734336 0.94736842
 0.93734336 0.94987469 0.92982456 0.90726817 0.9273183  0.93734336
 0.93483709 0.94987469 0.96240602 0.95739348 0.92982456 0.93483709
 0.96240602 0.95989975 0.91729323 0.93483709 0.93734336 0.93734336
 0.94486216 0.93483709 0.94736842 0.93233083 0.91729323 0.94987469
 0.95488722 0.94987469 0.93734336 0.94486216 0.93734336 0.92982456
 0.95238095 0.94736842 0.93984962 0.95739348 0.96240602 0.94486216
 0.93233083 0.93984962 0.93984962 0.95238095 0.93734336 0.92982456
 0.94486216 0.93483709 0.95238095 0.93483709 0.93233083 0.92982456
 0.96992481 0.93233083 0.92230576 0.93734336 0.93233083 0.93734336
 0.9273183  0.91478697 0.93984962 0.95488722 0.91729323 0.94486216
 0.92982456 0.94987469 0.92982456 0.95739348 0.93984962 0.93734336
 0.90726817 0.94486216 0.95238095 0.93483709 0.94235589 0.94486216
 0.92982456 0.94736842 0.96992481 0.93984962 0.94486216 0.9197995
 0.93483709 0.94235589 0.93984962 0.93734336]
Mean accuracy: 0.939548872180451
Dev: 0.012497598716596314


XGB_RF_BrdSMOTE Cross-Validation Results accuracy:
 [0.95989975 0.94486216 0.93984962 0.93734336 0.93734336 0.9273183
 0.92230576 0.9197995  0.92230576 0.92982456 0.9122807  0.94736842
 0.93984962 0.93984962 0.94486216 0.9122807  0.94987469 0.95238095
 0.94486216 0.93233083 0.92230576 0.90726817 0.92481203 0.94235589
 0.94486216 0.95238095 0.95739348 0.94736842 0.93233083 0.9197995
 0.94486216 0.95739348 0.92982456 0.93984962 0.93984962 0.95739348
 0.9273183  0.9197995  0.93734336 0.92982456 0.92481203 0.92230576
 0.94987469 0.93734336 0.93233083 0.94736842 0.93984962 0.9273183
 0.93984962 0.93233083 0.93483709 0.93483709 0.94987469 0.93984962
 0.92230576 0.93233083 0.94987469 0.94987469 0.92982456 0.90726817
 0.93233083 0.93734336 0.92982456 0.90977444 0.9197995  0.90977444
 0.95989975 0.93483709 0.94486216 0.95238095 0.93233083 0.93483709
 0.92481203 0.9122807  0.93233083 0.95739348 0.92230576 0.93984962
 0.92481203 0.93483709 0.92230576 0.93483709 0.94486216 0.9273183
 0.91478697 0.93734336 0.93984962 0.9273183  0.93984962 0.93734336
 0.94235589 0.92481203 0.94987469 0.94235589 0.94235589 0.91729323
 0.9273183  0.91729323 0.94987469 0.93483709]
Mean accuracy: 0.9347619047619047
Dev: 0.012593604652669958


XGB_RF_GAN Cross-Validation Results accuracy:
 [0.95989975 0.93483709 0.96491228 0.93734336 0.94486216 0.94235589
 0.92982456 0.91478697 0.93984962 0.94736842 0.92982456 0.93233083
 0.95238095 0.95238095 0.94987469 0.93984962 0.93734336 0.94987469
 0.93734336 0.93483709 0.9197995  0.91478697 0.94235589 0.95488722
 0.94235589 0.95989975 0.94486216 0.94235589 0.93984962 0.9273183
 0.95238095 0.96741855 0.92230576 0.94736842 0.94736842 0.94987469
 0.94486216 0.9273183  0.92481203 0.94987469 0.91729323 0.95739348
 0.95989975 0.94486216 0.93233083 0.94486216 0.93984962 0.93233083
 0.95989975 0.93734336 0.94987469 0.95739348 0.95238095 0.94987469
 0.93483709 0.93483709 0.94987469 0.94987469 0.93483709 0.92230576
 0.94486216 0.95739348 0.95488722 0.93734336 0.93233083 0.93734336
 0.96491228 0.94235589 0.92982456 0.94486216 0.94235589 0.94486216
 0.93734336 0.92481203 0.93233083 0.95488722 0.92982456 0.93734336
 0.92481203 0.94987469 0.9273183  0.95488722 0.93483709 0.92982456
 0.91729323 0.94987469 0.95488722 0.95238095 0.94235589 0.95238095
 0.92982456 0.94235589 0.95739348 0.94736842 0.93984962 0.93984962
 0.94736842 0.9197995  0.94235589 0.93483709]
Mean accuracy: 0.941578947368421
Dev: 0.011886650251148427


