LR_RUS_1 Cross-Validation Results accuracy:
 [0.90726817 0.93233083 0.92230576 0.92481203 0.92982456 0.94486216
 0.93734336 0.90726817 0.93233083 0.93483709 0.92230576 0.93233083
 0.91729323 0.92481203 0.93734336 0.93233083 0.92982456 0.92230576
 0.91478697 0.92481203 0.91729323 0.93233083 0.94235589 0.9273183
 0.9273183  0.93984962 0.91729323 0.91729323 0.9197995  0.93984962
 0.9197995  0.91478697 0.95488722 0.9122807  0.94736842 0.94736842
 0.94486216 0.91729323 0.90225564 0.91729323 0.9197995  0.93233083
 0.94486216 0.92230576 0.92982456 0.9047619  0.9273183  0.93483709
 0.93734336 0.92230576 0.92230576 0.9273183  0.94736842 0.92230576
 0.9273183  0.90225564 0.91478697 0.93483709 0.95238095 0.93233083
 0.91729323 0.89974937 0.92230576 0.92481203 0.93233083 0.93734336
 0.93233083 0.95238095 0.91729323 0.92481203 0.92481203 0.9273183
 0.9122807  0.93483709 0.9273183  0.93734336 0.92481203 0.93483709
 0.93483709 0.91478697 0.9122807  0.95238095 0.93233083 0.93734336
 0.90726817 0.91729323 0.9273183  0.93734336 0.94235589 0.92982456
 0.93233083 0.93233083 0.9122807  0.92481203 0.90977444 0.93734336
 0.93734336 0.92982456 0.92481203 0.93483709]
Mean accuracy: 0.9275438596491228
Dev: 0.011862317158794346


LR_RUS_2 Cross-Validation Results accuracy:
 [0.91478697 0.92481203 0.92230576 0.93233083 0.92230576 0.93483709
 0.94486216 0.90726817 0.90726817 0.92982456 0.90726817 0.91729323
 0.90225564 0.9197995  0.93984962 0.93233083 0.93984962 0.91729323
 0.92481203 0.93734336 0.92481203 0.94486216 0.93734336 0.9197995
 0.91729323 0.93483709 0.9273183  0.89974937 0.90977444 0.94486216
 0.92481203 0.90726817 0.93233083 0.9197995  0.93734336 0.94987469
 0.92982456 0.92230576 0.9047619  0.92230576 0.93734336 0.92230576
 0.94486216 0.90225564 0.92481203 0.9273183  0.92230576 0.9273183
 0.93233083 0.91729323 0.93984962 0.93483709 0.9273183  0.92481203
 0.9122807  0.89724311 0.92481203 0.93734336 0.95238095 0.90977444
 0.93233083 0.90726817 0.9122807  0.9047619  0.9122807  0.9273183
 0.92982456 0.93984962 0.9273183  0.93233083 0.91729323 0.90977444
 0.90977444 0.92982456 0.93734336 0.93734336 0.9122807  0.92982456
 0.93483709 0.92481203 0.9047619  0.93233083 0.9273183  0.92230576
 0.92230576 0.91478697 0.91729323 0.93483709 0.93734336 0.92982456
 0.94235589 0.9197995  0.9122807  0.90977444 0.9122807  0.92481203
 0.92230576 0.93984962 0.91478697 0.93984962]
Mean accuracy: 0.9245864661654134
Dev: 0.012258150231435323


LR_RUS_3 Cross-Validation Results accuracy:
 [0.92481203 0.92982456 0.9273183  0.92230576 0.92982456 0.93984962
 0.93483709 0.90726817 0.9047619  0.94235589 0.9122807  0.9197995
 0.9197995  0.92982456 0.93483709 0.94486216 0.94235589 0.92230576
 0.89974937 0.92982456 0.92481203 0.95488722 0.9273183  0.92230576
 0.9273183  0.93483709 0.9197995  0.90726817 0.92481203 0.93734336
 0.92230576 0.90225564 0.95739348 0.93483709 0.93734336 0.93734336
 0.93233083 0.92481203 0.90225564 0.9197995  0.92982456 0.92230576
 0.93984962 0.92481203 0.92982456 0.9197995  0.93483709 0.91478697
 0.92982456 0.91478697 0.9273183  0.93984962 0.93483709 0.90726817
 0.92982456 0.89724311 0.91729323 0.94235589 0.94987469 0.92230576
 0.9273183  0.9047619  0.91478697 0.92230576 0.9122807  0.93483709
 0.92481203 0.94235589 0.93233083 0.9197995  0.93984962 0.91729323
 0.90977444 0.90977444 0.92982456 0.9273183  0.90977444 0.9197995
 0.94235589 0.9273183  0.90726817 0.93734336 0.92481203 0.93734336
 0.91729323 0.92230576 0.91729323 0.93984962 0.92982456 0.95238095
 0.93984962 0.91729323 0.9197995  0.9273183  0.92481203 0.92982456
 0.91478697 0.93233083 0.9197995  0.93734336]
Mean accuracy: 0.9261654135338346
Dev: 0.012249564126226272


LR_RUS_4 Cross-Validation Results accuracy:
 [0.91729323 0.9197995  0.90977444 0.91729323 0.92481203 0.93483709
 0.93984962 0.9122807  0.92481203 0.9273183  0.9047619  0.91478697
 0.91478697 0.91729323 0.93483709 0.93984962 0.93734336 0.92481203
 0.91729323 0.9273183  0.91478697 0.94235589 0.93984962 0.91729323
 0.90977444 0.94486216 0.92982456 0.90225564 0.9197995  0.93984962
 0.92982456 0.9122807  0.94235589 0.90225564 0.93734336 0.94235589
 0.93984962 0.91729323 0.9047619  0.92481203 0.91729323 0.9273183
 0.93734336 0.90977444 0.92982456 0.92982456 0.91478697 0.92982456
 0.93984962 0.91478697 0.9122807  0.93483709 0.93734336 0.9047619
 0.9273183  0.89724311 0.90977444 0.93984962 0.94987469 0.9273183
 0.92481203 0.89974937 0.90225564 0.9122807  0.9273183  0.92481203
 0.9273183  0.94235589 0.92982456 0.92982456 0.91729323 0.9122807
 0.89724311 0.94235589 0.9273183  0.9273183  0.91729323 0.92230576
 0.93734336 0.92230576 0.89473684 0.94736842 0.93483709 0.93233083
 0.92230576 0.9122807  0.91729323 0.92481203 0.93984962 0.91478697
 0.9197995  0.92481203 0.9197995  0.92230576 0.90977444 0.9122807
 0.92481203 0.93984962 0.92230576 0.93483709]
Mean accuracy: 0.9238095238095235
Dev: 0.01261127380993396


LR_RUS_5 Cross-Validation Results accuracy:
 [0.90726817 0.93483709 0.92982456 0.9122807  0.91729323 0.94736842
 0.93233083 0.92230576 0.89974937 0.92982456 0.92982456 0.9273183
 0.91478697 0.9122807  0.93734336 0.93233083 0.92481203 0.9273183
 0.92230576 0.91729323 0.9197995  0.93734336 0.94235589 0.91729323
 0.92230576 0.93734336 0.9197995  0.90977444 0.9273183  0.93984962
 0.92982456 0.91729323 0.94486216 0.9047619  0.94736842 0.93483709
 0.93483709 0.90726817 0.92230576 0.9273183  0.92230576 0.9273183
 0.93984962 0.91729323 0.9273183  0.91729323 0.92481203 0.92481203
 0.93483709 0.91729323 0.91729323 0.92982456 0.93984962 0.9197995
 0.92982456 0.9122807  0.9273183  0.92481203 0.94987469 0.93233083
 0.93233083 0.89223058 0.89724311 0.90977444 0.9273183  0.93483709
 0.93233083 0.95238095 0.92481203 0.92230576 0.93483709 0.92982456
 0.90977444 0.9197995  0.93734336 0.92982456 0.92230576 0.9122807
 0.94235589 0.92481203 0.89974937 0.94486216 0.93233083 0.9273183
 0.93483709 0.92481203 0.90225564 0.93233083 0.9273183  0.92230576
 0.94235589 0.9197995  0.90977444 0.93233083 0.9197995  0.92481203
 0.9273183  0.93984962 0.91478697 0.9273183 ]
Mean accuracy: 0.9255388471177945
Dev: 0.011847481242499742


LR_RUS_6 Cross-Validation Results accuracy:
 [0.91729323 0.93483709 0.9273183  0.93233083 0.91478697 0.92982456
 0.93483709 0.90977444 0.9197995  0.94235589 0.9047619  0.91729323
 0.9122807  0.93984962 0.94235589 0.94235589 0.93734336 0.9197995
 0.91478697 0.93233083 0.91478697 0.93483709 0.94235589 0.9197995
 0.91729323 0.94235589 0.9273183  0.92230576 0.9197995  0.93734336
 0.93734336 0.92230576 0.94486216 0.9197995  0.93483709 0.93483709
 0.93233083 0.9122807  0.90726817 0.92481203 0.92230576 0.9197995
 0.95739348 0.91729323 0.92230576 0.92982456 0.92230576 0.91478697
 0.94235589 0.91478697 0.93233083 0.93734336 0.93233083 0.91478697
 0.93233083 0.9047619  0.9273183  0.92230576 0.93984962 0.93483709
 0.9273183  0.90225564 0.92230576 0.9197995  0.92982456 0.94235589
 0.92982456 0.94486216 0.9122807  0.9273183  0.92982456 0.91729323
 0.9273183  0.93483709 0.93233083 0.93734336 0.9197995  0.92230576
 0.94486216 0.92481203 0.91729323 0.94235589 0.92982456 0.92982456
 0.91729323 0.91729323 0.92230576 0.9273183  0.92982456 0.92982456
 0.93483709 0.93483709 0.92982456 0.93233083 0.90726817 0.94235589
 0.9122807  0.93483709 0.9197995  0.92982456]
Mean accuracy: 0.9270676691729323
Dev: 0.01080023129143621


LR_RUS_7 Cross-Validation Results accuracy:
 [0.90726817 0.91729323 0.92481203 0.93233083 0.92982456 0.92481203
 0.94736842 0.90726817 0.91478697 0.93984962 0.90726817 0.9122807
 0.92481203 0.92481203 0.94235589 0.93233083 0.93734336 0.93233083
 0.9047619  0.9273183  0.91729323 0.93984962 0.94486216 0.9197995
 0.92481203 0.92982456 0.92982456 0.9122807  0.90977444 0.9197995
 0.92982456 0.89974937 0.94736842 0.9122807  0.9197995  0.95238095
 0.92982456 0.9197995  0.9122807  0.92230576 0.92230576 0.92230576
 0.94987469 0.91729323 0.9197995  0.92481203 0.92481203 0.91478697
 0.95238095 0.90977444 0.92982456 0.93734336 0.93233083 0.9197995
 0.93984962 0.9047619  0.90726817 0.90977444 0.94486216 0.91729323
 0.92982456 0.9047619  0.9047619  0.90726817 0.9122807  0.92982456
 0.92982456 0.95739348 0.92230576 0.90977444 0.92982456 0.9122807
 0.90225564 0.92481203 0.93984962 0.93734336 0.9122807  0.9197995
 0.92230576 0.93233083 0.90977444 0.94486216 0.92230576 0.91729323
 0.92481203 0.90225564 0.9122807  0.93233083 0.94486216 0.93483709
 0.93233083 0.92230576 0.91478697 0.91729323 0.91478697 0.93483709
 0.9273183  0.93984962 0.91478697 0.91478697]
Mean accuracy: 0.9240601503759399
Dev: 0.012996383120264838


LR_RUS_8 Cross-Validation Results accuracy:
 [0.91729323 0.92481203 0.92982456 0.91729323 0.93233083 0.93734336
 0.92481203 0.91478697 0.91729323 0.93984962 0.9197995  0.93233083
 0.9122807  0.93483709 0.94235589 0.91729323 0.93734336 0.92982456
 0.92481203 0.93233083 0.91729323 0.9273183  0.93483709 0.92230576
 0.9273183  0.94736842 0.93483709 0.91729323 0.9197995  0.94736842
 0.9273183  0.90977444 0.94235589 0.93734336 0.93233083 0.94736842
 0.94486216 0.91729323 0.9047619  0.9197995  0.93233083 0.9047619
 0.94235589 0.93483709 0.93233083 0.92481203 0.92982456 0.9273183
 0.94235589 0.9122807  0.93483709 0.9197995  0.93984962 0.9197995
 0.9197995  0.9122807  0.92230576 0.93734336 0.94987469 0.92230576
 0.92982456 0.9122807  0.89974937 0.90726817 0.9197995  0.93483709
 0.9273183  0.93984962 0.93984962 0.93233083 0.92230576 0.9273183
 0.9273183  0.93233083 0.90977444 0.92481203 0.90977444 0.9197995
 0.93984962 0.93233083 0.90225564 0.94486216 0.9273183  0.92982456
 0.92982456 0.9197995  0.92230576 0.93984962 0.93734336 0.92230576
 0.9273183  0.9197995  0.91478697 0.92982456 0.91729323 0.92481203
 0.91729323 0.94235589 0.9197995  0.9273183 ]
Mean accuracy: 0.9268421052631579
Dev: 0.011025831487646173


LR_RUS_9 Cross-Validation Results accuracy:
 [0.92982456 0.93483709 0.91478697 0.93233083 0.91729323 0.92982456
 0.94987469 0.90726817 0.92230576 0.94235589 0.90977444 0.9197995
 0.9047619  0.93233083 0.94736842 0.93734336 0.94987469 0.92230576
 0.92230576 0.93483709 0.92982456 0.93483709 0.94736842 0.9197995
 0.9273183  0.94486216 0.92982456 0.9047619  0.9197995  0.93233083
 0.92481203 0.91729323 0.94235589 0.9273183  0.9273183  0.94235589
 0.94486216 0.9273183  0.89473684 0.9197995  0.9273183  0.9273183
 0.94736842 0.9122807  0.9273183  0.9122807  0.93734336 0.9273183
 0.93483709 0.92230576 0.9273183  0.92982456 0.9273183  0.92230576
 0.92230576 0.90726817 0.93734336 0.93734336 0.95238095 0.92481203
 0.92982456 0.90726817 0.90977444 0.91729323 0.92481203 0.93734336
 0.9273183  0.94736842 0.92982456 0.92982456 0.9122807  0.90225564
 0.9197995  0.92230576 0.93984962 0.92982456 0.92230576 0.93233083
 0.93984962 0.93984962 0.90225564 0.94987469 0.93984962 0.92481203
 0.9197995  0.91729323 0.91478697 0.93483709 0.93734336 0.9273183
 0.94235589 0.92982456 0.92481203 0.9122807  0.91478697 0.92230576
 0.92230576 0.93483709 0.92481203 0.93233083]
Mean accuracy: 0.9273433583959898
Dev: 0.012084749400923259


LR_RUS_10 Cross-Validation Results accuracy:
 [0.9197995  0.92481203 0.92481203 0.93233083 0.9273183  0.93483709
 0.94736842 0.88972431 0.93233083 0.93233083 0.9047619  0.92481203
 0.9197995  0.93483709 0.94235589 0.92982456 0.93734336 0.9273183
 0.91478697 0.92982456 0.9122807  0.94235589 0.93984962 0.92230576
 0.93483709 0.93233083 0.92481203 0.91729323 0.91729323 0.93984962
 0.9273183  0.90977444 0.94486216 0.9273183  0.94736842 0.95238095
 0.93483709 0.9197995  0.89473684 0.9047619  0.94235589 0.92982456
 0.95238095 0.9197995  0.91729323 0.90225564 0.9273183  0.92230576
 0.94987469 0.89974937 0.92481203 0.9273183  0.93483709 0.90977444
 0.93734336 0.90977444 0.92982456 0.92481203 0.95739348 0.9197995
 0.92982456 0.90977444 0.92230576 0.93233083 0.92230576 0.9273183
 0.92982456 0.93984962 0.92481203 0.92481203 0.92481203 0.91729323
 0.9047619  0.92982456 0.92982456 0.93984962 0.91478697 0.92982456
 0.93734336 0.9273183  0.9047619  0.93984962 0.92982456 0.9197995
 0.93233083 0.9197995  0.9197995  0.93233083 0.92982456 0.94486216
 0.94235589 0.9273183  0.9273183  0.91729323 0.90977444 0.93233083
 0.9197995  0.93984962 0.9273183  0.93233083]
Mean accuracy: 0.9268421052631579
Dev: 0.012624689810908344


LR_NM Cross-Validation Results accuracy:
 [0.92230576 0.89724311 0.89974937 0.92982456 0.9122807  0.89473684
 0.92230576 0.9273183  0.92481203 0.90977444 0.93483709 0.9047619
 0.90726817 0.9197995  0.9122807  0.89223058 0.9197995  0.93734336
 0.91729323 0.93483709 0.9273183  0.91478697 0.91478697 0.90726817
 0.90726817 0.90225564 0.93233083 0.92230576 0.90225564 0.9047619
 0.93483709 0.9122807  0.9047619  0.91729323 0.91478697 0.93483709
 0.92982456 0.90726817 0.9122807  0.9197995  0.92481203 0.93233083
 0.91729323 0.9273183  0.92230576 0.90225564 0.92982456 0.9122807
 0.92230576 0.90977444 0.92481203 0.9047619  0.93734336 0.93233083
 0.9197995  0.91729323 0.9273183  0.90726817 0.91478697 0.90977444
 0.90225564 0.92481203 0.89974937 0.9197995  0.92481203 0.93233083
 0.93734336 0.92230576 0.9273183  0.89473684 0.91478697 0.90225564
 0.88972431 0.88721805 0.92982456 0.9197995  0.91729323 0.91478697
 0.92230576 0.93984962 0.90225564 0.90225564 0.92982456 0.94235589
 0.92481203 0.89223058 0.93233083 0.92982456 0.9273183  0.91478697
 0.9122807  0.94486216 0.93734336 0.92481203 0.9197995  0.9122807
 0.90977444 0.90726817 0.90726817 0.90977444]
Mean accuracy: 0.917468671679198
Dev: 0.012805300808480581


DT_RUS_1 Cross-Validation Results accuracy:
 [0.88972431 0.92230576 0.9273183  0.92230576 0.89724311 0.93233083
 0.89473684 0.88721805 0.9047619  0.9197995  0.90977444 0.89223058
 0.90977444 0.9197995  0.91729323 0.9047619  0.93233083 0.9197995
 0.9047619  0.90225564 0.91729323 0.91729323 0.92230576 0.88972431
 0.88471178 0.9273183  0.9122807  0.90225564 0.9047619  0.9197995
 0.89473684 0.89974937 0.92230576 0.89724311 0.92481203 0.9197995
 0.92481203 0.91729323 0.90977444 0.91729323 0.88972431 0.9122807
 0.90225564 0.90225564 0.91729323 0.88721805 0.9273183  0.90977444
 0.89974937 0.9197995  0.89974937 0.9122807  0.94987469 0.89223058
 0.90225564 0.87719298 0.90225564 0.90977444 0.92982456 0.9047619
 0.91478697 0.90225564 0.91729323 0.9197995  0.9047619  0.92230576
 0.92982456 0.91478697 0.9122807  0.89974937 0.92230576 0.89974937
 0.91478697 0.90726817 0.91729323 0.9273183  0.90726817 0.9273183
 0.9122807  0.89473684 0.9047619  0.90726817 0.92481203 0.90977444
 0.90225564 0.9122807  0.90726817 0.91729323 0.92982456 0.92230576
 0.89724311 0.9122807  0.9122807  0.9197995  0.90977444 0.9122807
 0.93233083 0.9273183  0.92982456 0.90977444]
Mean accuracy: 0.9115288220551379
Dev: 0.012781954887218044


DT_RUS_2 Cross-Validation Results accuracy:
 [0.90225564 0.91729323 0.91478697 0.92481203 0.90726817 0.92481203
 0.9122807  0.87719298 0.89724311 0.9273183  0.89974937 0.88471178
 0.88972431 0.92481203 0.9122807  0.88972431 0.91478697 0.94235589
 0.9122807  0.92481203 0.9197995  0.93734336 0.9047619  0.9122807
 0.88721805 0.91478697 0.9122807  0.9047619  0.90977444 0.91729323
 0.9273183  0.88972431 0.93984962 0.89724311 0.89974937 0.90977444
 0.92982456 0.90225564 0.89223058 0.90977444 0.92230576 0.9122807
 0.9122807  0.91478697 0.89974937 0.91729323 0.90977444 0.89223058
 0.89724311 0.9047619  0.90726817 0.91729323 0.94235589 0.89974937
 0.89223058 0.88721805 0.90225564 0.92982456 0.92481203 0.90225564
 0.92230576 0.90225564 0.90225564 0.90977444 0.92481203 0.9122807
 0.9122807  0.92481203 0.89974937 0.91729323 0.90726817 0.89724311
 0.90225564 0.90726817 0.9197995  0.91478697 0.89974937 0.92481203
 0.93483709 0.9122807  0.91729323 0.89974937 0.90726817 0.91478697
 0.92982456 0.90726817 0.89223058 0.92982456 0.92230576 0.91729323
 0.88972431 0.92481203 0.93734336 0.90726817 0.90977444 0.89974937
 0.93233083 0.91729323 0.9197995  0.91729323]
Mean accuracy: 0.9114786967418546
Dev: 0.013653421346787006


DT_RUS_3 Cross-Validation Results accuracy:
 [0.89473684 0.9273183  0.92481203 0.9273183  0.88471178 0.90726817
 0.91478697 0.89473684 0.90977444 0.9197995  0.90726817 0.88972431
 0.91729323 0.89974937 0.90726817 0.9122807  0.90225564 0.91729323
 0.88721805 0.92230576 0.92982456 0.9273183  0.9197995  0.90977444
 0.92481203 0.90977444 0.89974937 0.89974937 0.9047619  0.92982456
 0.90726817 0.9273183  0.92481203 0.90225564 0.90977444 0.93483709
 0.92230576 0.92230576 0.90726817 0.91729323 0.9047619  0.90225564
 0.89724311 0.90977444 0.91729323 0.92230576 0.9122807  0.90225564
 0.91729323 0.91478697 0.90977444 0.9197995  0.95488722 0.90977444
 0.90225564 0.87719298 0.92230576 0.91729323 0.90977444 0.92230576
 0.92481203 0.89724311 0.9047619  0.92481203 0.9197995  0.92230576
 0.9197995  0.9273183  0.89724311 0.89724311 0.91729323 0.90225564
 0.88471178 0.88220551 0.90726817 0.93233083 0.9197995  0.92230576
 0.90726817 0.9197995  0.90977444 0.9047619  0.92230576 0.90726817
 0.9197995  0.90726817 0.89724311 0.9273183  0.92481203 0.92230576
 0.89724311 0.9122807  0.91729323 0.90977444 0.90726817 0.90977444
 0.9122807  0.93233083 0.92230576 0.9047619 ]
Mean accuracy: 0.9124310776942355
Dev: 0.01274908545858393


DT_RUS_4 Cross-Validation Results accuracy:
 [0.9122807  0.9047619  0.90977444 0.9197995  0.88972431 0.92481203
 0.91729323 0.89223058 0.93233083 0.90726817 0.89974937 0.88972431
 0.89974937 0.89223058 0.9122807  0.91729323 0.9197995  0.92982456
 0.91478697 0.92982456 0.92481203 0.90977444 0.91729323 0.85964912
 0.9047619  0.9197995  0.91478697 0.87719298 0.89974937 0.92230576
 0.9122807  0.92230576 0.93233083 0.89473684 0.90977444 0.90726817
 0.92982456 0.88471178 0.89724311 0.90726817 0.90977444 0.88972431
 0.89724311 0.88972431 0.9122807  0.9047619  0.92230576 0.89974937
 0.9047619  0.90225564 0.89223058 0.93734336 0.9273183  0.90977444
 0.91478697 0.88471178 0.90726817 0.9273183  0.9122807  0.90977444
 0.92982456 0.88972431 0.89974937 0.89974937 0.9122807  0.91729323
 0.9273183  0.9197995  0.88972431 0.89974937 0.92230576 0.88721805
 0.89724311 0.9197995  0.91478697 0.9197995  0.90726817 0.91478697
 0.93233083 0.90977444 0.90225564 0.92230576 0.90726817 0.91478697
 0.91478697 0.90726817 0.89473684 0.91478697 0.92481203 0.9122807
 0.90977444 0.89473684 0.89974937 0.92230576 0.91729323 0.9047619
 0.9273183  0.91729323 0.92230576 0.91478697]
Mean accuracy: 0.9097493734335839
Dev: 0.013793549066202448


DT_RUS_5 Cross-Validation Results accuracy:
 [0.90225564 0.9273183  0.9122807  0.9197995  0.88220551 0.93233083
 0.9197995  0.89223058 0.90977444 0.90726817 0.88972431 0.9047619
 0.90726817 0.9122807  0.9122807  0.90726817 0.9122807  0.9197995
 0.89974937 0.90977444 0.90977444 0.89223058 0.9122807  0.87969925
 0.90726817 0.90726817 0.92982456 0.90225564 0.91478697 0.90726817
 0.89223058 0.89974937 0.91729323 0.90726817 0.9122807  0.89223058
 0.9197995  0.89974937 0.89223058 0.9273183  0.9047619  0.9047619
 0.89473684 0.90977444 0.9197995  0.93233083 0.9047619  0.90977444
 0.9122807  0.89473684 0.88471178 0.90977444 0.93984962 0.90977444
 0.90225564 0.87969925 0.89473684 0.93233083 0.90977444 0.91729323
 0.93233083 0.9047619  0.89974937 0.89974937 0.89724311 0.93233083
 0.92481203 0.92481203 0.9122807  0.89724311 0.92982456 0.88471178
 0.89473684 0.90225564 0.93233083 0.9273183  0.87969925 0.90726817
 0.93233083 0.91478697 0.88721805 0.91729323 0.9122807  0.91729323
 0.90977444 0.89223058 0.88471178 0.93734336 0.91478697 0.90977444
 0.90726817 0.91729323 0.90726817 0.91478697 0.89724311 0.90726817
 0.9197995  0.9122807  0.91729323 0.91729323]
Mean accuracy: 0.9090225563909775
Dev: 0.013757092903873135


DT_RUS_6 Cross-Validation Results accuracy:
 [0.90225564 0.93483709 0.9197995  0.90726817 0.91478697 0.9197995
 0.92230576 0.88972431 0.90225564 0.9122807  0.89223058 0.9197995
 0.89974937 0.9122807  0.92481203 0.90977444 0.92230576 0.91478697
 0.92230576 0.9047619  0.9197995  0.93734336 0.91729323 0.90977444
 0.90977444 0.9197995  0.91478697 0.90726817 0.90726817 0.92982456
 0.90977444 0.93483709 0.92230576 0.90726817 0.9197995  0.89473684
 0.91478697 0.90726817 0.9047619  0.91478697 0.89974937 0.9122807
 0.9197995  0.90726817 0.91729323 0.90977444 0.91729323 0.92230576
 0.89974937 0.9047619  0.89724311 0.92230576 0.9273183  0.90977444
 0.90977444 0.88972431 0.90977444 0.92230576 0.90977444 0.93233083
 0.93233083 0.89473684 0.89974937 0.9047619  0.9273183  0.92230576
 0.92230576 0.9273183  0.89724311 0.91478697 0.9197995  0.9047619
 0.9122807  0.89473684 0.91729323 0.9273183  0.90977444 0.9273183
 0.9273183  0.90977444 0.9122807  0.9122807  0.89473684 0.9047619
 0.92982456 0.92481203 0.89473684 0.91729323 0.92481203 0.9273183
 0.90977444 0.91729323 0.92481203 0.90977444 0.90726817 0.89974937
 0.91729323 0.92982456 0.92230576 0.91478697]
Mean accuracy: 0.9138095238095238
Dev: 0.010964131730184122


DT_RUS_7 Cross-Validation Results accuracy:
 [0.88721805 0.9047619  0.91729323 0.92481203 0.90225564 0.9273183
 0.91729323 0.89223058 0.88471178 0.9047619  0.91478697 0.91478697
 0.90977444 0.91478697 0.9273183  0.90977444 0.91729323 0.92230576
 0.91478697 0.9047619  0.9122807  0.91478697 0.89473684 0.9122807
 0.89974937 0.88471178 0.92230576 0.91729323 0.89724311 0.91478697
 0.89974937 0.91478697 0.93734336 0.9122807  0.89223058 0.93233083
 0.91729323 0.90726817 0.89473684 0.92481203 0.89724311 0.90726817
 0.93483709 0.9047619  0.9047619  0.92230576 0.9197995  0.88220551
 0.9047619  0.90977444 0.89974937 0.90977444 0.9273183  0.9273183
 0.9122807  0.88972431 0.90726817 0.90225564 0.93233083 0.90726817
 0.92481203 0.89724311 0.90977444 0.9197995  0.9122807  0.92481203
 0.90977444 0.92481203 0.90225564 0.89974937 0.91729323 0.88220551
 0.90977444 0.89223058 0.9122807  0.9273183  0.92230576 0.91729323
 0.89974937 0.91478697 0.90225564 0.92230576 0.88220551 0.9122807
 0.90726817 0.89473684 0.89974937 0.9273183  0.90977444 0.90977444
 0.90977444 0.92481203 0.91729323 0.89223058 0.9197995  0.9197995
 0.91729323 0.9047619  0.92230576 0.89473684]
Mean accuracy: 0.9103007518796989
Dev: 0.012557841626266332


DT_RUS_8 Cross-Validation Results accuracy:
 [0.9197995  0.90726817 0.92982456 0.91729323 0.91729323 0.90977444
 0.9047619  0.90977444 0.9122807  0.91478697 0.90225564 0.9197995
 0.87468672 0.9047619  0.92230576 0.9047619  0.9122807  0.93483709
 0.90726817 0.9273183  0.9122807  0.93734336 0.9047619  0.91478697
 0.91729323 0.9047619  0.91478697 0.90977444 0.87969925 0.9273183
 0.9273183  0.9273183  0.93734336 0.90977444 0.89473684 0.91729323
 0.91478697 0.88471178 0.90977444 0.92230576 0.90977444 0.88972431
 0.92481203 0.90225564 0.91478697 0.90977444 0.91478697 0.9122807
 0.90225564 0.92230576 0.9047619  0.91478697 0.94235589 0.9122807
 0.9047619  0.88972431 0.9047619  0.9273183  0.90225564 0.91478697
 0.92982456 0.89724311 0.90977444 0.92481203 0.92230576 0.92481203
 0.91478697 0.91478697 0.91478697 0.9047619  0.9197995  0.90225564
 0.9122807  0.89223058 0.90225564 0.92982456 0.9122807  0.90225564
 0.94486216 0.90977444 0.91478697 0.9197995  0.9122807  0.90977444
 0.93483709 0.89223058 0.89724311 0.90977444 0.92481203 0.89473684
 0.9197995  0.90726817 0.89724311 0.89974937 0.92230576 0.90977444
 0.9197995  0.93483709 0.9197995  0.89974937]
Mean accuracy: 0.9126817042606515
Dev: 0.01285164548524601


DT_RUS_9 Cross-Validation Results accuracy:
 [0.90225564 0.92982456 0.92481203 0.89724311 0.90225564 0.92982456
 0.92982456 0.88471178 0.9047619  0.9273183  0.91729323 0.89223058
 0.89724311 0.91729323 0.90977444 0.89724311 0.91478697 0.92982456
 0.9197995  0.92982456 0.92481203 0.92982456 0.92481203 0.89724311
 0.90977444 0.94486216 0.90977444 0.88972431 0.88972431 0.93734336
 0.92230576 0.90726817 0.92982456 0.92982456 0.89974937 0.90726817
 0.9122807  0.92230576 0.90726817 0.91729323 0.9197995  0.9047619
 0.91729323 0.90977444 0.9273183  0.92230576 0.91729323 0.93483709
 0.90726817 0.90225564 0.89473684 0.89974937 0.93984962 0.89724311
 0.90726817 0.87719298 0.9197995  0.93483709 0.92982456 0.9197995
 0.93233083 0.88220551 0.91729323 0.92982456 0.91729323 0.91729323
 0.93483709 0.91478697 0.89473684 0.90726817 0.9273183  0.88220551
 0.92481203 0.89473684 0.92481203 0.92230576 0.89473684 0.92481203
 0.9197995  0.92481203 0.90726817 0.9273183  0.93233083 0.9122807
 0.92230576 0.90225564 0.9047619  0.88721805 0.91729323 0.93233083
 0.9197995  0.9197995  0.92481203 0.93233083 0.89223058 0.89974937
 0.90977444 0.9197995  0.91729323 0.91729323]
Mean accuracy: 0.9144110275689223
Dev: 0.01465415484151191


DT_RUS_10 Cross-Validation Results accuracy:
 [0.89223058 0.89974937 0.92230576 0.9197995  0.89974937 0.9273183
 0.91478697 0.88471178 0.93483709 0.90726817 0.90225564 0.90726817
 0.89974937 0.90726817 0.91478697 0.9122807  0.89724311 0.9122807
 0.9047619  0.91729323 0.92481203 0.9122807  0.90977444 0.88220551
 0.9122807  0.9197995  0.89724311 0.87719298 0.88972431 0.9197995
 0.89724311 0.9122807  0.92230576 0.89724311 0.9047619  0.90726817
 0.89974937 0.91729323 0.88220551 0.90726817 0.89974937 0.9047619
 0.92481203 0.88471178 0.9273183  0.88972431 0.91478697 0.90977444
 0.91478697 0.89473684 0.90977444 0.9047619  0.93483709 0.89223058
 0.90225564 0.87468672 0.91478697 0.9197995  0.91478697 0.89724311
 0.9122807  0.89974937 0.90225564 0.9273183  0.89974937 0.9273183
 0.90726817 0.92481203 0.89473684 0.91729323 0.9197995  0.86967419
 0.88471178 0.89724311 0.92982456 0.9197995  0.90726817 0.92481203
 0.92481203 0.88471178 0.9197995  0.90726817 0.89974937 0.9122807
 0.90726817 0.90225564 0.88972431 0.90726817 0.91729323 0.89724311
 0.88471178 0.9122807  0.90726817 0.9122807  0.89223058 0.9122807
 0.91729323 0.90726817 0.92982456 0.89724311]
Mean accuracy: 0.9070927318295737
Dev: 0.013719395309267897


DT_NM Cross-Validation Results accuracy:
 [0.91478697 0.88972431 0.91478697 0.89223058 0.90977444 0.88972431
 0.9273183  0.9273183  0.89974937 0.9122807  0.93233083 0.84962406
 0.88972431 0.87468672 0.91729323 0.89724311 0.90726817 0.91478697
 0.9047619  0.91478697 0.88471178 0.9047619  0.92230576 0.89724311
 0.9122807  0.91729323 0.9047619  0.89724311 0.9197995  0.87719298
 0.92481203 0.88471178 0.92230576 0.92481203 0.90225564 0.9047619
 0.88972431 0.90977444 0.9122807  0.90225564 0.92982456 0.91729323
 0.89724311 0.89473684 0.87969925 0.89223058 0.90726817 0.87969925
 0.90977444 0.93734336 0.9197995  0.90225564 0.92481203 0.9273183
 0.92481203 0.89473684 0.88220551 0.88471178 0.90726817 0.90225564
 0.92481203 0.88220551 0.90225564 0.9047619  0.9197995  0.92982456
 0.88721805 0.90726817 0.89223058 0.9047619  0.89974937 0.9122807
 0.89223058 0.88220551 0.91729323 0.90225564 0.90977444 0.89223058
 0.90726817 0.9197995  0.90225564 0.90726817 0.92481203 0.92230576
 0.9273183  0.89974937 0.9122807  0.9122807  0.88471178 0.88721805
 0.90225564 0.9197995  0.9122807  0.9197995  0.91478697 0.89974937
 0.89223058 0.89473684 0.90225564 0.92481203]
Mean accuracy: 0.9056390977443608
Dev: 0.015503942525782022


RF_RUS_1 Cross-Validation Results accuracy:
 [0.93984962 0.95488722 0.93734336 0.93984962 0.96491228 0.95238095
 0.95739348 0.93984962 0.96240602 0.94987469 0.95238095 0.93734336
 0.94987469 0.95488722 0.96240602 0.95989975 0.96491228 0.94736842
 0.94235589 0.93734336 0.95488722 0.95739348 0.95989975 0.93984962
 0.95238095 0.96992481 0.94736842 0.93233083 0.93984962 0.96491228
 0.94486216 0.95488722 0.95238095 0.95488722 0.93734336 0.95989975
 0.96240602 0.94486216 0.93984962 0.94486216 0.93233083 0.96491228
 0.96240602 0.95238095 0.94987469 0.92481203 0.95739348 0.95488722
 0.95488722 0.95488722 0.94486216 0.96992481 0.97243108 0.94987469
 0.94235589 0.93233083 0.95488722 0.95238095 0.95989975 0.95488722
 0.94987469 0.94486216 0.95739348 0.94987469 0.94987469 0.96741855
 0.96240602 0.95238095 0.93233083 0.93483709 0.96240602 0.93233083
 0.94486216 0.93734336 0.95488722 0.96992481 0.94235589 0.95739348
 0.95989975 0.94987469 0.93984962 0.95739348 0.96240602 0.95488722
 0.95238095 0.94235589 0.94736842 0.94987469 0.95739348 0.95488722
 0.95989975 0.95739348 0.94987469 0.93233083 0.94235589 0.95488722
 0.94987469 0.95238095 0.95488722 0.94486216]
Mean accuracy: 0.950952380952381
Dev: 0.01003292298364897


RF_RUS_2 Cross-Validation Results accuracy:
 [0.93984962 0.93984962 0.94736842 0.95238095 0.95739348 0.96741855
 0.95238095 0.9273183  0.93984962 0.94486216 0.93984962 0.9197995
 0.93734336 0.96491228 0.95238095 0.95989975 0.95739348 0.95739348
 0.95238095 0.94736842 0.96240602 0.96491228 0.94736842 0.93483709
 0.94987469 0.95739348 0.93483709 0.93483709 0.93984962 0.97243108
 0.93483709 0.94736842 0.96240602 0.94486216 0.93984962 0.95989975
 0.96240602 0.95238095 0.93483709 0.94736842 0.94486216 0.95488722
 0.95989975 0.95238095 0.94235589 0.94486216 0.95238095 0.93984962
 0.95238095 0.94235589 0.93233083 0.94486216 0.96741855 0.94235589
 0.94486216 0.93984962 0.94736842 0.94987469 0.96741855 0.93734336
 0.95488722 0.93734336 0.94736842 0.94987469 0.95488722 0.95739348
 0.95488722 0.95488722 0.93984962 0.94486216 0.94987469 0.92982456
 0.93734336 0.92982456 0.94486216 0.95989975 0.95238095 0.95488722
 0.95739348 0.94987469 0.95238095 0.94486216 0.95488722 0.94235589
 0.95488722 0.93483709 0.93984962 0.95739348 0.94987469 0.95989975
 0.95488722 0.96491228 0.95739348 0.94235589 0.93233083 0.94486216
 0.95488722 0.96240602 0.96240602 0.94235589]
Mean accuracy: 0.94874686716792
Dev: 0.01024431299951244


RF_RUS_3 Cross-Validation Results accuracy:
 [0.94736842 0.96491228 0.93734336 0.94987469 0.94987469 0.95739348
 0.95989975 0.94486216 0.94987469 0.95488722 0.95739348 0.92982456
 0.94235589 0.94987469 0.94987469 0.94736842 0.94736842 0.96992481
 0.94486216 0.94987469 0.96240602 0.95989975 0.94987469 0.92982456
 0.95989975 0.95488722 0.94486216 0.93233083 0.94736842 0.96741855
 0.93984962 0.93734336 0.96741855 0.95238095 0.92982456 0.95989975
 0.96240602 0.94736842 0.92982456 0.95488722 0.94235589 0.94987469
 0.95488722 0.95739348 0.94235589 0.95739348 0.96741855 0.94235589
 0.92982456 0.95238095 0.93483709 0.95488722 0.96992481 0.95488722
 0.94987469 0.93734336 0.94736842 0.96240602 0.94486216 0.94235589
 0.96741855 0.94486216 0.95488722 0.95989975 0.95989975 0.94987469
 0.94486216 0.94987469 0.93483709 0.94235589 0.96240602 0.94235589
 0.94987469 0.92481203 0.95488722 0.97493734 0.95238095 0.95989975
 0.96491228 0.95488722 0.94736842 0.95739348 0.95989975 0.94486216
 0.95989975 0.93483709 0.93483709 0.95488722 0.95989975 0.95488722
 0.95989975 0.95739348 0.95488722 0.93984962 0.9273183  0.94235589
 0.95238095 0.95739348 0.94736842 0.94486216]
Mean accuracy: 0.9503258145363408
Dev: 0.01062361050296545


RF_RUS_4 Cross-Validation Results accuracy:
 [0.93483709 0.93233083 0.95238095 0.93984962 0.95989975 0.95238095
 0.96741855 0.93233083 0.96741855 0.93734336 0.93984962 0.92230576
 0.93734336 0.94736842 0.95238095 0.96491228 0.95238095 0.96491228
 0.94486216 0.94736842 0.95739348 0.95488722 0.95238095 0.92230576
 0.94736842 0.95238095 0.95238095 0.9273183  0.9273183  0.97994987
 0.93734336 0.94486216 0.95739348 0.94486216 0.93483709 0.94486216
 0.95989975 0.94235589 0.93984962 0.96240602 0.93984962 0.95739348
 0.95238095 0.94987469 0.93984962 0.93984962 0.96240602 0.94486216
 0.94987469 0.9273183  0.91729323 0.95739348 0.96741855 0.93233083
 0.95488722 0.9273183  0.94736842 0.95238095 0.94486216 0.93734336
 0.95488722 0.93483709 0.94486216 0.94736842 0.94736842 0.96491228
 0.95238095 0.95989975 0.93233083 0.93483709 0.95238095 0.93734336
 0.93233083 0.94486216 0.94235589 0.96240602 0.94235589 0.95488722
 0.96741855 0.93984962 0.95238095 0.95739348 0.95989975 0.94235589
 0.95739348 0.92481203 0.93233083 0.94736842 0.95488722 0.94987469
 0.94235589 0.95989975 0.94736842 0.93984962 0.93233083 0.94736842
 0.95238095 0.96240602 0.94736842 0.94235589]
Mean accuracy: 0.9469674185463659
Dev: 0.011892065515649653


RF_RUS_5 Cross-Validation Results accuracy:
 [0.93483709 0.95739348 0.94987469 0.95488722 0.94486216 0.96240602
 0.95739348 0.93984962 0.95488722 0.95238095 0.94987469 0.9273183
 0.94486216 0.95488722 0.95739348 0.95739348 0.95238095 0.95739348
 0.94736842 0.93984962 0.94235589 0.95238095 0.95739348 0.93734336
 0.95739348 0.94736842 0.94235589 0.93734336 0.94235589 0.98245614
 0.93734336 0.94987469 0.96240602 0.95739348 0.93984962 0.93233083
 0.96741855 0.93984962 0.94486216 0.95739348 0.94486216 0.96240602
 0.95739348 0.94486216 0.94235589 0.94736842 0.96240602 0.95488722
 0.94235589 0.94736842 0.93233083 0.95238095 0.96741855 0.93734336
 0.95488722 0.92982456 0.95989975 0.94736842 0.95238095 0.95488722
 0.96741855 0.9273183  0.9273183  0.95739348 0.95488722 0.96741855
 0.94736842 0.95238095 0.9273183  0.94486216 0.96491228 0.93984962
 0.93984962 0.93483709 0.95488722 0.96741855 0.93734336 0.95238095
 0.95739348 0.95488722 0.94736842 0.95488722 0.95238095 0.94235589
 0.95488722 0.93734336 0.92481203 0.95739348 0.95238095 0.94736842
 0.95989975 0.95488722 0.95989975 0.94736842 0.93734336 0.94235589
 0.95989975 0.95739348 0.95238095 0.94736842]
Mean accuracy: 0.9494736842105262
Dev: 0.010696323744039409


RF_RUS_6 Cross-Validation Results accuracy:
 [0.94736842 0.95488722 0.95739348 0.95488722 0.94736842 0.95238095
 0.95739348 0.92982456 0.95989975 0.95488722 0.94235589 0.93483709
 0.9273183  0.94987469 0.95739348 0.95739348 0.94736842 0.95488722
 0.95488722 0.94736842 0.94736842 0.95989975 0.95739348 0.93483709
 0.93734336 0.96741855 0.93483709 0.93483709 0.94736842 0.97493734
 0.94736842 0.95739348 0.95989975 0.95989975 0.93734336 0.94987469
 0.95488722 0.93734336 0.92982456 0.95989975 0.94235589 0.95739348
 0.96491228 0.94736842 0.93984962 0.95488722 0.95739348 0.94235589
 0.94987469 0.94235589 0.94486216 0.94987469 0.96240602 0.94987469
 0.95739348 0.93734336 0.95488722 0.94486216 0.94486216 0.94486216
 0.96992481 0.93483709 0.95739348 0.95238095 0.95989975 0.96240602
 0.94736842 0.96240602 0.93483709 0.93984962 0.95989975 0.93483709
 0.94987469 0.93734336 0.93483709 0.95989975 0.94736842 0.96491228
 0.96992481 0.93734336 0.96240602 0.95739348 0.94987469 0.94987469
 0.96240602 0.93734336 0.93233083 0.94486216 0.95238095 0.94736842
 0.96491228 0.96491228 0.95989975 0.93734336 0.93233083 0.94736842
 0.95739348 0.95238095 0.94736842 0.93483709]
Mean accuracy: 0.9498245614035088
Dev: 0.010532162119160445


RF_RUS_7 Cross-Validation Results accuracy:
 [0.93734336 0.94736842 0.94987469 0.95488722 0.95488722 0.95739348
 0.96240602 0.93483709 0.95488722 0.94987469 0.94235589 0.93233083
 0.95238095 0.94736842 0.95739348 0.96240602 0.95238095 0.95739348
 0.93734336 0.93734336 0.95739348 0.95739348 0.94235589 0.93233083
 0.94486216 0.96240602 0.94736842 0.93483709 0.9273183  0.97243108
 0.94486216 0.94736842 0.95989975 0.94987469 0.93233083 0.95989975
 0.94486216 0.94987469 0.92481203 0.95989975 0.93483709 0.94987469
 0.96741855 0.95238095 0.94235589 0.95238095 0.95739348 0.92982456
 0.94987469 0.94736842 0.94235589 0.95238095 0.96491228 0.94987469
 0.95739348 0.92481203 0.94736842 0.93984962 0.95238095 0.9273183
 0.97243108 0.94235589 0.95739348 0.95238095 0.94987469 0.96240602
 0.94987469 0.96240602 0.92982456 0.92481203 0.94987469 0.93984962
 0.94736842 0.92481203 0.95488722 0.97243108 0.94987469 0.95989975
 0.96491228 0.94235589 0.94736842 0.95488722 0.95238095 0.93984962
 0.95989975 0.93734336 0.93483709 0.94736842 0.94987469 0.95238095
 0.94736842 0.95739348 0.95739348 0.93734336 0.93734336 0.94486216
 0.96491228 0.96491228 0.94736842 0.93734336]
Mean accuracy: 0.9485964912280701
Dev: 0.011261446767192299


RF_RUS_8 Cross-Validation Results accuracy:
 [0.94235589 0.95488722 0.94486216 0.94486216 0.95989975 0.95989975
 0.95488722 0.93233083 0.95739348 0.93984962 0.94235589 0.93734336
 0.94736842 0.95238095 0.96491228 0.95238095 0.94987469 0.94987469
 0.94486216 0.94987469 0.95488722 0.95238095 0.94235589 0.93233083
 0.93734336 0.95739348 0.95238095 0.93233083 0.93984962 0.96491228
 0.94736842 0.95238095 0.96240602 0.95989975 0.93734336 0.95488722
 0.94987469 0.93984962 0.93984962 0.94987469 0.94486216 0.94736842
 0.94987469 0.95488722 0.94235589 0.94736842 0.95488722 0.94235589
 0.95488722 0.94486216 0.93984962 0.93984962 0.97994987 0.94987469
 0.94736842 0.93734336 0.95739348 0.96240602 0.95238095 0.94736842
 0.97243108 0.93984962 0.95488722 0.93984962 0.95238095 0.94987469
 0.95739348 0.94486216 0.94486216 0.93734336 0.95488722 0.9273183
 0.95488722 0.92230576 0.94736842 0.95989975 0.94736842 0.94736842
 0.97493734 0.95488722 0.95238095 0.95488722 0.95488722 0.93984962
 0.96491228 0.94235589 0.94235589 0.95488722 0.95238095 0.94235589
 0.94736842 0.96240602 0.95739348 0.94736842 0.93734336 0.94235589
 0.95238095 0.96240602 0.95739348 0.93483709]
Mean accuracy: 0.9492731829573934
Dev: 0.009739801113491289


RF_RUS_9 Cross-Validation Results accuracy:
 [0.94736842 0.95739348 0.93984962 0.95488722 0.93483709 0.95989975
 0.95488722 0.9273183  0.93233083 0.95739348 0.94987469 0.93233083
 0.92230576 0.94486216 0.94486216 0.95739348 0.95488722 0.96240602
 0.93734336 0.94987469 0.95989975 0.95989975 0.94736842 0.93233083
 0.95238095 0.96240602 0.93483709 0.92481203 0.93734336 0.97744361
 0.92481203 0.94987469 0.95488722 0.94736842 0.94486216 0.95238095
 0.95989975 0.94736842 0.92982456 0.95739348 0.9273183  0.94987469
 0.95238095 0.95488722 0.93483709 0.94235589 0.95989975 0.94235589
 0.94987469 0.94486216 0.9273183  0.93734336 0.96741855 0.93734336
 0.95739348 0.94235589 0.94987469 0.96240602 0.95739348 0.93984962
 0.95989975 0.93984962 0.93984962 0.94736842 0.96491228 0.94736842
 0.95488722 0.96240602 0.93984962 0.94486216 0.94987469 0.93233083
 0.93984962 0.92982456 0.94486216 0.95488722 0.94736842 0.95739348
 0.96491228 0.95488722 0.95989975 0.95739348 0.95238095 0.94486216
 0.96240602 0.93483709 0.93984962 0.93984962 0.95989975 0.94987469
 0.94736842 0.95488722 0.94987469 0.94736842 0.93233083 0.93984962
 0.94987469 0.95488722 0.95238095 0.93734336]
Mean accuracy: 0.9476190476190476
Dev: 0.011053171464260625


RF_RUS_10 Cross-Validation Results accuracy:
 [0.93734336 0.92982456 0.94736842 0.95238095 0.94486216 0.95989975
 0.96491228 0.9273183  0.96992481 0.94486216 0.92982456 0.93483709
 0.93483709 0.94235589 0.94987469 0.96240602 0.96240602 0.95989975
 0.93734336 0.94987469 0.94987469 0.95989975 0.95238095 0.92982456
 0.95238095 0.94987469 0.94486216 0.9273183  0.92982456 0.98496241
 0.93233083 0.94736842 0.96240602 0.95989975 0.94235589 0.95739348
 0.95488722 0.94987469 0.92982456 0.94987469 0.95238095 0.96240602
 0.95739348 0.94486216 0.93984962 0.94736842 0.94987469 0.94736842
 0.95238095 0.94486216 0.93734336 0.94486216 0.95739348 0.93734336
 0.96240602 0.93233083 0.95739348 0.94486216 0.96240602 0.94736842
 0.95739348 0.94235589 0.94736842 0.95739348 0.95488722 0.94987469
 0.94235589 0.94736842 0.9273183  0.93734336 0.95739348 0.92230576
 0.94486216 0.92230576 0.95488722 0.96491228 0.93483709 0.94987469
 0.95739348 0.94736842 0.95989975 0.95488722 0.94235589 0.94736842
 0.95238095 0.93233083 0.93984962 0.93984962 0.96491228 0.94486216
 0.96491228 0.95739348 0.95989975 0.93734336 0.93483709 0.93984962
 0.95739348 0.96240602 0.95989975 0.93734336]
Mean accuracy: 0.9480200501253132
Dev: 0.011683714853652173


RF_NM Cross-Validation Results accuracy:
 [0.95238095 0.93734336 0.95989975 0.95488722 0.96741855 0.93734336
 0.96240602 0.96741855 0.95238095 0.93734336 0.95989975 0.92481203
 0.96741855 0.93734336 0.95488722 0.95238095 0.95238095 0.95488722
 0.95238095 0.95739348 0.94736842 0.94987469 0.95238095 0.94736842
 0.96240602 0.94987469 0.95739348 0.96491228 0.94235589 0.93233083
 0.95488722 0.93233083 0.95488722 0.96491228 0.96491228 0.96491228
 0.95238095 0.95488722 0.94736842 0.94486216 0.95739348 0.96491228
 0.94987469 0.93984962 0.95739348 0.93984962 0.95238095 0.93483709
 0.95739348 0.94736842 0.96741855 0.95488722 0.96741855 0.97493734
 0.95238095 0.95238095 0.93734336 0.94486216 0.94486216 0.93984962
 0.94987469 0.93984962 0.93483709 0.94736842 0.95739348 0.96741855
 0.95238095 0.93984962 0.96491228 0.95238095 0.96240602 0.96992481
 0.9273183  0.94987469 0.95238095 0.93984962 0.95238095 0.96741855
 0.94736842 0.97493734 0.93984962 0.94987469 0.96240602 0.95238095
 0.96491228 0.93734336 0.95488722 0.95739348 0.96240602 0.94987469
 0.93233083 0.96741855 0.95989975 0.96240602 0.96240602 0.94987469
 0.95989975 0.94235589 0.94235589 0.94235589]
Mean accuracy: 0.9522556390977445
Dev: 0.010874853934660473


XGB_RUS_1 Cross-Validation Results accuracy:
 [0.94235589 0.95488722 0.93734336 0.95488722 0.95739348 0.96240602
 0.96741855 0.94235589 0.96741855 0.95488722 0.95488722 0.93233083
 0.95488722 0.95488722 0.94736842 0.95989975 0.96491228 0.96240602
 0.94987469 0.94736842 0.95739348 0.95739348 0.96491228 0.94486216
 0.94736842 0.95238095 0.95238095 0.94736842 0.94235589 0.97493734
 0.94486216 0.96240602 0.95739348 0.96992481 0.94736842 0.94987469
 0.96491228 0.95989975 0.94486216 0.96491228 0.93984962 0.95739348
 0.97243108 0.95488722 0.95238095 0.93483709 0.96240602 0.95739348
 0.95989975 0.95488722 0.94987469 0.94736842 0.96741855 0.93734336
 0.94486216 0.93233083 0.95238095 0.94987469 0.95488722 0.95989975
 0.94736842 0.95488722 0.96491228 0.94987469 0.93734336 0.95989975
 0.96240602 0.95238095 0.93483709 0.93984962 0.94987469 0.94486216
 0.94235589 0.95238095 0.96491228 0.96741855 0.95739348 0.94987469
 0.96491228 0.95488722 0.96240602 0.95989975 0.93483709 0.95488722
 0.94987469 0.95238095 0.93483709 0.95238095 0.96741855 0.96741855
 0.96240602 0.96240602 0.95238095 0.94235589 0.93233083 0.96491228
 0.95989975 0.96491228 0.95989975 0.94736842]
Mean accuracy: 0.9535839598997492
Dev: 0.009908343086419597


XGB_RUS_2 Cross-Validation Results accuracy:
 [0.94486216 0.93483709 0.95488722 0.95739348 0.97243108 0.96992481
 0.95238095 0.95739348 0.95739348 0.94987469 0.94235589 0.92481203
 0.95238095 0.95739348 0.96240602 0.95989975 0.94736842 0.94987469
 0.95238095 0.94736842 0.95739348 0.96741855 0.94987469 0.94486216
 0.95989975 0.95488722 0.95238095 0.94736842 0.95739348 0.98496241
 0.93984962 0.94235589 0.95739348 0.96491228 0.94736842 0.95238095
 0.96992481 0.94987469 0.93483709 0.96741855 0.95238095 0.94987469
 0.96992481 0.94486216 0.94736842 0.95488722 0.96240602 0.95989975
 0.96240602 0.95739348 0.94987469 0.95739348 0.96992481 0.94736842
 0.94486216 0.95238095 0.95238095 0.94486216 0.96741855 0.94736842
 0.96240602 0.94987469 0.96240602 0.94987469 0.94987469 0.95739348
 0.95739348 0.95238095 0.93734336 0.95989975 0.95989975 0.93984962
 0.94987469 0.94987469 0.95238095 0.97744361 0.94736842 0.95739348
 0.95739348 0.95488722 0.95238095 0.94736842 0.94235589 0.94736842
 0.96240602 0.93734336 0.94235589 0.97243108 0.96491228 0.95739348
 0.95739348 0.96491228 0.96992481 0.94987469 0.93483709 0.95488722
 0.95989975 0.96741855 0.95989975 0.95488722]
Mean accuracy: 0.954310776942356
Dev: 0.009954986912907169


XGB_RUS_3 Cross-Validation Results accuracy:
 [0.94736842 0.95739348 0.95238095 0.96491228 0.95989975 0.95739348
 0.95488722 0.93233083 0.95989975 0.96240602 0.95488722 0.93984962
 0.95739348 0.95238095 0.94987469 0.96240602 0.94736842 0.97243108
 0.96240602 0.95739348 0.96240602 0.97243108 0.95488722 0.93984962
 0.94736842 0.95739348 0.95238095 0.94486216 0.94235589 0.98746867
 0.93984962 0.95739348 0.96741855 0.97243108 0.93984962 0.95739348
 0.96992481 0.95739348 0.93734336 0.95488722 0.95488722 0.96240602
 0.94235589 0.96240602 0.94987469 0.95739348 0.97744361 0.95739348
 0.93734336 0.94736842 0.94486216 0.95739348 0.97994987 0.95488722
 0.94736842 0.93233083 0.95488722 0.95739348 0.94486216 0.95989975
 0.96240602 0.94987469 0.94486216 0.94987469 0.95488722 0.96491228
 0.96491228 0.94987469 0.93984962 0.94987469 0.96240602 0.94736842
 0.95488722 0.93233083 0.95238095 0.95989975 0.94736842 0.95989975
 0.95739348 0.95739348 0.93734336 0.95488722 0.95739348 0.93734336
 0.96741855 0.93734336 0.93734336 0.94987469 0.96741855 0.95989975
 0.95989975 0.95739348 0.95989975 0.94486216 0.93233083 0.93483709
 0.96240602 0.96491228 0.95488722 0.95238095]
Mean accuracy: 0.9539598997493733
Dev: 0.010853345767656015


XGB_RUS_4 Cross-Validation Results accuracy:
 [0.93984962 0.94987469 0.96741855 0.94486216 0.95989975 0.95989975
 0.96240602 0.93984962 0.96741855 0.95238095 0.95989975 0.92230576
 0.94987469 0.94987469 0.96240602 0.95989975 0.96240602 0.96491228
 0.95488722 0.95488722 0.97243108 0.97243108 0.95238095 0.93734336
 0.94736842 0.95989975 0.94987469 0.93233083 0.94987469 0.97493734
 0.95488722 0.94736842 0.94987469 0.95238095 0.94736842 0.95238095
 0.97243108 0.94987469 0.93483709 0.96240602 0.93483709 0.95989975
 0.95238095 0.95739348 0.94486216 0.95739348 0.96240602 0.96240602
 0.95739348 0.94235589 0.95238095 0.94987469 0.97493734 0.93734336
 0.95989975 0.94235589 0.95488722 0.95989975 0.94987469 0.94486216
 0.96491228 0.94736842 0.95488722 0.95238095 0.94235589 0.95488722
 0.95739348 0.96240602 0.94987469 0.95739348 0.94736842 0.94486216
 0.93984962 0.93984962 0.94736842 0.97744361 0.94987469 0.95739348
 0.96992481 0.95238095 0.96491228 0.96992481 0.95739348 0.94987469
 0.96240602 0.93483709 0.94235589 0.94736842 0.94486216 0.95989975
 0.95238095 0.94987469 0.95488722 0.95739348 0.93984962 0.94486216
 0.95989975 0.97493734 0.95739348 0.95989975]
Mean accuracy: 0.9537092731829572
Dev: 0.010433141756887197


XGB_RUS_5 Cross-Validation Results accuracy:
 [0.93984962 0.95488722 0.94736842 0.96240602 0.94486216 0.96240602
 0.95989975 0.94235589 0.94486216 0.95989975 0.94736842 0.93483709
 0.94736842 0.94987469 0.96240602 0.95989975 0.94987469 0.96992481
 0.94486216 0.94736842 0.95739348 0.95238095 0.95739348 0.94235589
 0.95989975 0.95238095 0.94235589 0.95739348 0.94235589 0.97994987
 0.93984962 0.95238095 0.96741855 0.96741855 0.94736842 0.94736842
 0.95739348 0.94486216 0.94736842 0.96992481 0.96240602 0.95989975
 0.95989975 0.95739348 0.95238095 0.95488722 0.96741855 0.95989975
 0.94987469 0.94987469 0.95238095 0.96240602 0.96240602 0.94235589
 0.96491228 0.94486216 0.95488722 0.95238095 0.95238095 0.96491228
 0.97243108 0.94235589 0.93734336 0.95739348 0.95739348 0.97243108
 0.95739348 0.96240602 0.93483709 0.96491228 0.96240602 0.94987469
 0.93734336 0.94486216 0.94736842 0.96491228 0.92982456 0.93984962
 0.96491228 0.95989975 0.94736842 0.96491228 0.94987469 0.94235589
 0.96491228 0.93984962 0.93734336 0.95739348 0.97243108 0.96741855
 0.95739348 0.96741855 0.94736842 0.95488722 0.94235589 0.94235589
 0.96992481 0.95739348 0.94987469 0.94987469]
Mean accuracy: 0.9538847117794487
Dev: 0.010211302650357575


XGB_RUS_6 Cross-Validation Results accuracy:
 [0.95488722 0.94736842 0.95238095 0.96491228 0.95739348 0.94987469
 0.96240602 0.93483709 0.96741855 0.95488722 0.94736842 0.93233083
 0.94486216 0.95238095 0.96491228 0.96491228 0.95989975 0.97994987
 0.95739348 0.95488722 0.95488722 0.95739348 0.95238095 0.93984962
 0.93984962 0.96741855 0.94235589 0.95238095 0.95488722 0.97744361
 0.93734336 0.95739348 0.95238095 0.96240602 0.95238095 0.94235589
 0.95739348 0.93984962 0.92982456 0.95989975 0.94987469 0.95488722
 0.96240602 0.95238095 0.93984962 0.95989975 0.97493734 0.94736842
 0.95488722 0.93984962 0.95238095 0.94486216 0.96240602 0.95739348
 0.95238095 0.95488722 0.95488722 0.95989975 0.94486216 0.96491228
 0.95989975 0.95739348 0.94235589 0.95989975 0.94987469 0.97243108
 0.96491228 0.95739348 0.93233083 0.94987469 0.96240602 0.9273183
 0.96240602 0.94736842 0.96992481 0.96741855 0.95989975 0.96240602
 0.95989975 0.94987469 0.95238095 0.96240602 0.95238095 0.95488722
 0.97493734 0.94235589 0.93734336 0.96240602 0.94736842 0.96240602
 0.96240602 0.95739348 0.95739348 0.94486216 0.9273183  0.94235589
 0.96741855 0.96491228 0.95488722 0.95488722]
Mean accuracy: 0.9541854636591479
Dev: 0.010733607575898911


XGB_RUS_7 Cross-Validation Results accuracy:
 [0.9273183  0.93734336 0.95488722 0.96491228 0.96992481 0.96240602
 0.96741855 0.93233083 0.95989975 0.94736842 0.93984962 0.93483709
 0.93984962 0.94235589 0.96240602 0.95488722 0.95989975 0.96491228
 0.95488722 0.94736842 0.96741855 0.96992481 0.93984962 0.95488722
 0.93984962 0.95488722 0.94987469 0.95989975 0.93233083 0.97243108
 0.93483709 0.94736842 0.96491228 0.95739348 0.93483709 0.95488722
 0.94736842 0.94736842 0.93483709 0.97493734 0.95238095 0.94987469
 0.96992481 0.95989975 0.95238095 0.96992481 0.96992481 0.93734336
 0.95989975 0.93734336 0.95739348 0.94486216 0.95238095 0.95238095
 0.95739348 0.94235589 0.95238095 0.95739348 0.94736842 0.94235589
 0.95238095 0.95238095 0.94736842 0.95238095 0.94736842 0.95989975
 0.95238095 0.96491228 0.93734336 0.94987469 0.96491228 0.93483709
 0.95739348 0.95739348 0.94987469 0.97243108 0.93734336 0.94486216
 0.95739348 0.94736842 0.94486216 0.95739348 0.95238095 0.93734336
 0.96240602 0.92481203 0.93984962 0.95488722 0.95739348 0.96240602
 0.95488722 0.94486216 0.96491228 0.94987469 0.94235589 0.95989975
 0.96240602 0.96240602 0.95739348 0.92982456]
Mean accuracy: 0.9519298245614035
Dev: 0.011310896618268437


XGB_RUS_8 Cross-Validation Results accuracy:
 [0.95488722 0.95238095 0.94235589 0.95739348 0.95989975 0.95739348
 0.95238095 0.93984962 0.96491228 0.94736842 0.95739348 0.92982456
 0.95989975 0.95739348 0.97243108 0.94486216 0.95488722 0.95989975
 0.95488722 0.95238095 0.96491228 0.96741855 0.94987469 0.93984962
 0.94736842 0.94987469 0.95238095 0.95238095 0.93734336 0.96491228
 0.93734336 0.95488722 0.95488722 0.95488722 0.94987469 0.96741855
 0.96741855 0.94486216 0.93734336 0.95739348 0.94736842 0.94486216
 0.95739348 0.95739348 0.94987469 0.95488722 0.95488722 0.95238095
 0.96240602 0.94486216 0.95739348 0.94736842 0.97243108 0.95238095
 0.94987469 0.94235589 0.96491228 0.96741855 0.94486216 0.95238095
 0.96741855 0.94486216 0.93734336 0.94235589 0.95488722 0.96741855
 0.95739348 0.95488722 0.94235589 0.94736842 0.96992481 0.94987469
 0.95238095 0.94736842 0.94736842 0.96741855 0.94987469 0.94736842
 0.96992481 0.95488722 0.94486216 0.94987469 0.95989975 0.93984962
 0.96491228 0.93483709 0.94736842 0.94736842 0.95989975 0.96491228
 0.95989975 0.95739348 0.95739348 0.94736842 0.94235589 0.94235589
 0.95739348 0.96240602 0.95488722 0.94736842]
Mean accuracy: 0.9531829573934837
Dev: 0.009132441413530626


XGB_RUS_9 Cross-Validation Results accuracy:
 [0.95238095 0.95238095 0.95989975 0.96240602 0.94736842 0.96491228
 0.95488722 0.93734336 0.95488722 0.95989975 0.96491228 0.93483709
 0.94987469 0.95488722 0.96992481 0.95238095 0.95238095 0.96491228
 0.94987469 0.95238095 0.95739348 0.96992481 0.95739348 0.94987469
 0.93984962 0.96240602 0.94235589 0.93483709 0.92982456 0.97493734
 0.93233083 0.95989975 0.95989975 0.96992481 0.94736842 0.96491228
 0.96491228 0.94486216 0.92481203 0.96992481 0.93233083 0.95739348
 0.96240602 0.95488722 0.94486216 0.95238095 0.95488722 0.95488722
 0.95739348 0.94486216 0.92982456 0.93984962 0.97744361 0.93734336
 0.95739348 0.94235589 0.96992481 0.96240602 0.95739348 0.95488722
 0.96491228 0.93984962 0.95488722 0.94987469 0.95739348 0.96240602
 0.94987469 0.95488722 0.93233083 0.95238095 0.94736842 0.92982456
 0.95989975 0.94235589 0.95989975 0.96741855 0.95238095 0.95238095
 0.96491228 0.96240602 0.94736842 0.96240602 0.95488722 0.94235589
 0.96741855 0.93734336 0.92982456 0.95989975 0.95739348 0.96491228
 0.96240602 0.95989975 0.95739348 0.95989975 0.92982456 0.93984962
 0.96491228 0.95488722 0.94987469 0.94235589]
Mean accuracy: 0.9529824561403509
Dev: 0.011556684213871994


XGB_RUS_10 Cross-Validation Results accuracy:
 [0.94235589 0.94235589 0.96491228 0.96491228 0.94486216 0.95989975
 0.95488722 0.93483709 0.96992481 0.94736842 0.94736842 0.92481203
 0.94736842 0.94987469 0.96741855 0.96491228 0.96741855 0.96992481
 0.93734336 0.95488722 0.96240602 0.96240602 0.95238095 0.95238095
 0.95739348 0.95739348 0.93984962 0.94736842 0.94486216 0.97744361
 0.93734336 0.94987469 0.96741855 0.97493734 0.93734336 0.96240602
 0.96992481 0.95238095 0.92982456 0.96240602 0.94987469 0.96491228
 0.95989975 0.95488722 0.94736842 0.95739348 0.95238095 0.94736842
 0.94486216 0.94486216 0.95238095 0.95238095 0.96240602 0.94987469
 0.95989975 0.94235589 0.95989975 0.95488722 0.95739348 0.95739348
 0.95739348 0.96491228 0.94235589 0.95238095 0.95488722 0.95739348
 0.95989975 0.93734336 0.93984962 0.93984962 0.96491228 0.93233083
 0.94987469 0.93984962 0.95989975 0.95989975 0.94235589 0.95989975
 0.96491228 0.94987469 0.95739348 0.96240602 0.93984962 0.94235589
 0.95739348 0.93233083 0.95739348 0.96240602 0.96992481 0.95238095
 0.95488722 0.96240602 0.95989975 0.95238095 0.93483709 0.94235589
 0.95488722 0.96240602 0.95488722 0.95238095]
Mean accuracy: 0.9532330827067669
Dev: 0.010622664437063988


XGB_NM Cross-Validation Results accuracy:
 [0.95488722 0.95739348 0.96240602 0.95739348 0.96491228 0.95238095
 0.96741855 0.97493734 0.95488722 0.94736842 0.96992481 0.93734336
 0.96491228 0.96240602 0.95989975 0.94736842 0.96240602 0.96741855
 0.94987469 0.96240602 0.95238095 0.95488722 0.95238095 0.95739348
 0.95488722 0.95989975 0.96491228 0.96992481 0.95989975 0.95238095
 0.95739348 0.93984962 0.96741855 0.96240602 0.96491228 0.97243108
 0.96240602 0.95739348 0.95238095 0.93984962 0.95488722 0.96741855
 0.94736842 0.95488722 0.96992481 0.93984962 0.95989975 0.94736842
 0.95989975 0.95238095 0.96491228 0.95739348 0.96741855 0.98746867
 0.94486216 0.96240602 0.94486216 0.94736842 0.95739348 0.94736842
 0.95739348 0.95989975 0.93734336 0.95488722 0.96741855 0.95989975
 0.95238095 0.95488722 0.96240602 0.96240602 0.96491228 0.96491228
 0.93483709 0.96741855 0.95739348 0.93984962 0.95989975 0.96240602
 0.95739348 0.96491228 0.95739348 0.95739348 0.97243108 0.95989975
 0.96491228 0.95488722 0.95488722 0.96491228 0.95238095 0.95739348
 0.94736842 0.96992481 0.96491228 0.96741855 0.97243108 0.95488722
 0.96741855 0.95739348 0.95238095 0.95739348]
Mean accuracy: 0.9581954887218045
Dev: 0.009056466491083173


XGB_RF_RUS_1 Cross-Validation Results accuracy:
 [0.90977444 0.95238095 0.93734336 0.94235589 0.93984962 0.95739348
 0.94235589 0.92230576 0.94235589 0.94235589 0.94736842 0.92481203
 0.93984962 0.94486216 0.94736842 0.93734336 0.94235589 0.94736842
 0.9197995  0.9273183  0.94736842 0.94987469 0.93984962 0.9047619
 0.93734336 0.94486216 0.94486216 0.94235589 0.92481203 0.95488722
 0.9197995  0.94987469 0.94987469 0.93734336 0.93233083 0.93483709
 0.94486216 0.94486216 0.92481203 0.93734336 0.92481203 0.93483709
 0.95488722 0.94736842 0.93984962 0.91729323 0.95488722 0.93483709
 0.92982456 0.92481203 0.93233083 0.94736842 0.96741855 0.92481203
 0.93483709 0.90977444 0.93483709 0.9273183  0.94987469 0.94987469
 0.93984962 0.94235589 0.93233083 0.93233083 0.9273183  0.94486216
 0.95488722 0.94736842 0.93233083 0.92481203 0.94987469 0.92230576
 0.93233083 0.9273183  0.94486216 0.95989975 0.93734336 0.94235589
 0.93984962 0.93483709 0.93233083 0.94235589 0.9273183  0.93483709
 0.94736842 0.93483709 0.92481203 0.94486216 0.93734336 0.96491228
 0.93483709 0.94235589 0.93984962 0.92982456 0.92230576 0.93734336
 0.95739348 0.94736842 0.95989975 0.92982456]
Mean accuracy: 0.9383709273182957
Dev: 0.011777288769085818


XGB_RF_RUS_2 Cross-Validation Results accuracy:
 [0.92230576 0.9273183  0.93483709 0.94235589 0.94486216 0.95739348
 0.93483709 0.92230576 0.9273183  0.94486216 0.92982456 0.9122807
 0.93233083 0.93734336 0.93483709 0.94235589 0.93483709 0.95238095
 0.93483709 0.94235589 0.96240602 0.94987469 0.92982456 0.92230576
 0.93984962 0.94235589 0.93233083 0.92481203 0.93233083 0.95488722
 0.9273183  0.93233083 0.95238095 0.93984962 0.93734336 0.94486216
 0.94987469 0.95488722 0.90977444 0.93984962 0.92982456 0.92982456
 0.95238095 0.94235589 0.93233083 0.94235589 0.93483709 0.92481203
 0.93483709 0.92230576 0.9273183  0.93483709 0.96240602 0.9197995
 0.92982456 0.91729323 0.93984962 0.94486216 0.96240602 0.93984962
 0.94987469 0.92230576 0.9273183  0.9273183  0.92982456 0.95488722
 0.94736842 0.94987469 0.92230576 0.94987469 0.94235589 0.9122807
 0.92481203 0.92481203 0.94987469 0.94486216 0.93483709 0.94486216
 0.95488722 0.93483709 0.93734336 0.93233083 0.9273183  0.93984962
 0.95238095 0.93984962 0.92230576 0.95488722 0.95739348 0.95488722
 0.93233083 0.94235589 0.94736842 0.93734336 0.92481203 0.93233083
 0.95238095 0.94987469 0.94486216 0.92982456]
Mean accuracy: 0.9377694235588973
Dev: 0.011851509970404166


XGB_RF_RUS_3 Cross-Validation Results accuracy:
 [0.91729323 0.94486216 0.93233083 0.95238095 0.9273183  0.95238095
 0.93233083 0.93233083 0.93734336 0.93734336 0.92982456 0.90225564
 0.92982456 0.93984962 0.93734336 0.94235589 0.94235589 0.96240602
 0.9122807  0.94736842 0.95739348 0.94987469 0.93233083 0.91478697
 0.94235589 0.9273183  0.94987469 0.92982456 0.93734336 0.96240602
 0.9273183  0.93233083 0.95739348 0.95238095 0.92982456 0.93483709
 0.93984962 0.94736842 0.92481203 0.93984962 0.92481203 0.94736842
 0.93734336 0.93233083 0.94736842 0.93984962 0.95989975 0.92230576
 0.92481203 0.93483709 0.93483709 0.94987469 0.96491228 0.93734336
 0.9273183  0.9122807  0.93734336 0.94736842 0.93233083 0.94736842
 0.95238095 0.9197995  0.94486216 0.93984962 0.93233083 0.94486216
 0.93483709 0.93984962 0.94987469 0.93734336 0.95238095 0.92481203
 0.91729323 0.9273183  0.93734336 0.94235589 0.94736842 0.92982456
 0.95488722 0.95989975 0.93483709 0.93984962 0.92982456 0.91729323
 0.96491228 0.91729323 0.9273183  0.95238095 0.95238095 0.95739348
 0.94736842 0.94987469 0.94736842 0.92982456 0.9197995  0.9273183
 0.94486216 0.94987469 0.94235589 0.93233083]
Mean accuracy: 0.938370927318296
Dev: 0.012829020429376298


XGB_RF_RUS_4 Cross-Validation Results accuracy:
 [0.9197995  0.92230576 0.93483709 0.92982456 0.9273183  0.94736842
 0.94486216 0.90225564 0.94486216 0.93483709 0.9273183  0.91729323
 0.92982456 0.92230576 0.93483709 0.94235589 0.93984962 0.95989975
 0.93734336 0.93984962 0.96240602 0.92982456 0.93984962 0.89974937
 0.93984962 0.94486216 0.94486216 0.90977444 0.92481203 0.95739348
 0.93233083 0.93984962 0.95238095 0.92982456 0.93233083 0.93734336
 0.94486216 0.93233083 0.92481203 0.93734336 0.91729323 0.94736842
 0.94736842 0.9197995  0.93483709 0.94486216 0.93984962 0.93734336
 0.92230576 0.92230576 0.92481203 0.94486216 0.95488722 0.92982456
 0.93734336 0.89724311 0.93483709 0.94235589 0.9273183  0.94486216
 0.95238095 0.92230576 0.92230576 0.9273183  0.93233083 0.95238095
 0.93483709 0.95238095 0.93233083 0.92481203 0.93734336 0.92481203
 0.91729323 0.92481203 0.93233083 0.93984962 0.93483709 0.94486216
 0.96240602 0.9273183  0.93233083 0.94235589 0.94486216 0.93734336
 0.95488722 0.9197995  0.9273183  0.94235589 0.95739348 0.93984962
 0.93483709 0.92481203 0.92982456 0.93734336 0.91729323 0.9197995
 0.94486216 0.95238095 0.94235589 0.93233083]
Mean accuracy: 0.934812030075188
Dev: 0.012757335373979333


XGB_RF_RUS_5 Cross-Validation Results accuracy:
 [0.91729323 0.94736842 0.93734336 0.95488722 0.92982456 0.96240602
 0.94736842 0.92230576 0.92982456 0.94486216 0.92230576 0.9197995
 0.93734336 0.93984962 0.94486216 0.94235589 0.93984962 0.94235589
 0.93483709 0.92982456 0.94736842 0.92982456 0.92982456 0.89974937
 0.94736842 0.93734336 0.92982456 0.92481203 0.93483709 0.96491228
 0.92481203 0.92982456 0.95238095 0.92982456 0.93984962 0.92982456
 0.96240602 0.93483709 0.92982456 0.95238095 0.93734336 0.93233083
 0.94736842 0.94235589 0.93483709 0.94235589 0.93734336 0.94486216
 0.93233083 0.92481203 0.92982456 0.93734336 0.95488722 0.9273183
 0.93734336 0.91478697 0.94235589 0.94235589 0.94235589 0.95739348
 0.95488722 0.9197995  0.92230576 0.9273183  0.93483709 0.95238095
 0.93734336 0.94736842 0.93483709 0.92481203 0.94486216 0.92230576
 0.92230576 0.93233083 0.94736842 0.95739348 0.93483709 0.9197995
 0.95739348 0.93984962 0.93734336 0.94486216 0.93233083 0.92481203
 0.95989975 0.92982456 0.9122807  0.95739348 0.95238095 0.94987469
 0.95238095 0.94235589 0.94235589 0.94486216 0.9273183  0.93734336
 0.96240602 0.94235589 0.94486216 0.92481203]
Mean accuracy: 0.93796992481203
Dev: 0.012402217084026454


XGB_RF_RUS_6 Cross-Validation Results accuracy:
 [0.91729323 0.94235589 0.94486216 0.93984962 0.93233083 0.94486216
 0.94987469 0.92481203 0.93483709 0.95238095 0.9197995  0.92230576
 0.92481203 0.93233083 0.94736842 0.93734336 0.94736842 0.94987469
 0.93734336 0.93233083 0.94486216 0.94736842 0.93984962 0.9197995
 0.92230576 0.95488722 0.93483709 0.92982456 0.92230576 0.95739348
 0.92982456 0.94736842 0.94987469 0.93734336 0.92481203 0.9273183
 0.95488722 0.93483709 0.9122807  0.94987469 0.9197995  0.94736842
 0.93984962 0.93233083 0.92982456 0.94486216 0.94987469 0.93734336
 0.9273183  0.91729323 0.91478697 0.94987469 0.95488722 0.92982456
 0.93483709 0.90726817 0.94235589 0.93483709 0.94736842 0.95238095
 0.94486216 0.91478697 0.92982456 0.92230576 0.93734336 0.96491228
 0.93233083 0.94736842 0.92982456 0.93984962 0.93734336 0.90977444
 0.9273183  0.93233083 0.94235589 0.95989975 0.93483709 0.93984962
 0.95238095 0.9273183  0.93984962 0.94235589 0.93483709 0.9273183
 0.96240602 0.93984962 0.92481203 0.93984962 0.93483709 0.94486216
 0.93734336 0.94235589 0.93734336 0.92481203 0.92481203 0.93233083
 0.94486216 0.94235589 0.94736842 0.9273183 ]
Mean accuracy: 0.9366917293233086
Dev: 0.011938982605633856


XGB_RF_RUS_7 Cross-Validation Results accuracy:
 [0.90726817 0.91729323 0.93483709 0.94987469 0.92230576 0.95238095
 0.94736842 0.90726817 0.94736842 0.94486216 0.9197995  0.91729323
 0.93734336 0.93233083 0.94235589 0.93483709 0.94486216 0.94987469
 0.92982456 0.93984962 0.95488722 0.94736842 0.93984962 0.90977444
 0.92982456 0.92982456 0.94987469 0.92982456 0.91478697 0.94736842
 0.92230576 0.94736842 0.94987469 0.93233083 0.93483709 0.93734336
 0.93483709 0.93734336 0.93734336 0.95238095 0.93233083 0.93233083
 0.96491228 0.93483709 0.93483709 0.93483709 0.94987469 0.92982456
 0.92982456 0.9197995  0.94235589 0.94235589 0.96491228 0.93734336
 0.94235589 0.89974937 0.9273183  0.91478697 0.93483709 0.93984962
 0.94486216 0.91478697 0.92982456 0.93233083 0.9273183  0.94235589
 0.93734336 0.94987469 0.9273183  0.9273183  0.93233083 0.9197995
 0.92982456 0.9047619  0.94736842 0.95989975 0.94486216 0.93483709
 0.94987469 0.94235589 0.93984962 0.93734336 0.9197995  0.93233083
 0.94736842 0.9273183  0.93233083 0.95488722 0.94987469 0.96992481
 0.94486216 0.93734336 0.95238095 0.9197995  0.93233083 0.93233083
 0.95488722 0.93734336 0.95238095 0.92230576]
Mean accuracy: 0.9362406015037594
Dev: 0.013442184805105006


XGB_RF_RUS_8 Cross-Validation Results accuracy:
 [0.92982456 0.93734336 0.93734336 0.94486216 0.93483709 0.94736842
 0.93984962 0.9273183  0.93483709 0.94235589 0.93233083 0.92481203
 0.9273183  0.92982456 0.94486216 0.93483709 0.93984962 0.95238095
 0.9197995  0.94486216 0.94486216 0.95488722 0.9273183  0.9197995
 0.93483709 0.93233083 0.95739348 0.93483709 0.92481203 0.95488722
 0.93734336 0.93483709 0.95238095 0.94736842 0.93734336 0.95238095
 0.95238095 0.93233083 0.91729323 0.95238095 0.93233083 0.91729323
 0.95238095 0.94736842 0.94235589 0.92982456 0.95488722 0.9273183
 0.93984962 0.93483709 0.92982456 0.93984962 0.95739348 0.92481203
 0.91729323 0.92230576 0.9273183  0.94736842 0.94235589 0.93483709
 0.94987469 0.93233083 0.93734336 0.9273183  0.93984962 0.95488722
 0.93233083 0.94235589 0.94486216 0.93734336 0.94987469 0.92230576
 0.92230576 0.9197995  0.94736842 0.95739348 0.94235589 0.92982456
 0.97243108 0.93734336 0.93984962 0.93984962 0.92982456 0.9273183
 0.96240602 0.93483709 0.92481203 0.95238095 0.95488722 0.94987469
 0.94235589 0.93734336 0.94486216 0.92982456 0.93233083 0.92481203
 0.94486216 0.94987469 0.96491228 0.92230576]
Mean accuracy: 0.9385964912280701
Dev: 0.011688444928682724


XGB_RF_RUS_9 Cross-Validation Results accuracy:
 [0.93483709 0.93734336 0.93984962 0.94486216 0.9197995  0.94736842
 0.94486216 0.92230576 0.93483709 0.94235589 0.93984962 0.92230576
 0.9197995  0.94235589 0.92481203 0.93734336 0.93233083 0.95238095
 0.9273183  0.94486216 0.95739348 0.95238095 0.95238095 0.91729323
 0.93233083 0.95238095 0.93984962 0.92982456 0.91478697 0.95488722
 0.91729323 0.94987469 0.94486216 0.95488722 0.92982456 0.93483709
 0.94235589 0.94235589 0.92982456 0.95989975 0.9273183  0.93734336
 0.94486216 0.93483709 0.93734336 0.94736842 0.95989975 0.94736842
 0.9273183  0.92982456 0.91729323 0.94235589 0.96491228 0.92230576
 0.93984962 0.9122807  0.94987469 0.94987469 0.95238095 0.94987469
 0.94486216 0.92481203 0.9273183  0.94736842 0.92982456 0.94486216
 0.94736842 0.95238095 0.93984962 0.93734336 0.93984962 0.91729323
 0.92481203 0.92230576 0.94987469 0.93734336 0.93734336 0.94987469
 0.96491228 0.94736842 0.92982456 0.95488722 0.93483709 0.92982456
 0.95989975 0.93483709 0.9273183  0.94486216 0.94987469 0.95989975
 0.93483709 0.93984962 0.94736842 0.93734336 0.9197995  0.94235589
 0.95238095 0.94486216 0.94486216 0.93233083]
Mean accuracy: 0.939248120300752
Dev: 0.012134674752218945


XGB_RF_RUS_10 Cross-Validation Results accuracy:
 [0.90726817 0.9122807  0.93734336 0.94987469 0.93984962 0.94987469
 0.94736842 0.9197995  0.94486216 0.95488722 0.92481203 0.9273183
 0.92982456 0.92982456 0.93734336 0.93483709 0.95488722 0.95739348
 0.93483709 0.94486216 0.95238095 0.94736842 0.93233083 0.91729323
 0.95488722 0.94235589 0.93483709 0.91729323 0.92230576 0.96741855
 0.9122807  0.93734336 0.94987469 0.94486216 0.93984962 0.94486216
 0.94486216 0.94486216 0.89974937 0.93483709 0.93233083 0.94235589
 0.95488722 0.93734336 0.93734336 0.92982456 0.94235589 0.93483709
 0.93984962 0.92481203 0.9273183  0.94235589 0.95989975 0.92230576
 0.93734336 0.90726817 0.94736842 0.93233083 0.95238095 0.95488722
 0.93483709 0.93233083 0.93233083 0.93734336 0.94235589 0.95989975
 0.93734336 0.92230576 0.92481203 0.94987469 0.94486216 0.90977444
 0.92481203 0.92982456 0.94486216 0.94987469 0.93483709 0.94736842
 0.95989975 0.93233083 0.93984962 0.94486216 0.92481203 0.9197995
 0.94736842 0.93233083 0.92982456 0.95238095 0.95238095 0.94736842
 0.94736842 0.94736842 0.94486216 0.92982456 0.92481203 0.93233083
 0.93984962 0.93734336 0.94486216 0.92230576]
Mean accuracy: 0.9375438596491228
Dev: 0.013011743510642661


XGB_RF_NM Cross-Validation Results accuracy:
 [0.94235589 0.90225564 0.93483709 0.9273183  0.93984962 0.91478697
 0.95238095 0.94987469 0.91729323 0.9273183  0.94987469 0.89473684
 0.93734336 0.92230576 0.92982456 0.9197995  0.93483709 0.93483709
 0.92982456 0.93984962 0.9273183  0.92982456 0.93483709 0.92481203
 0.93483709 0.92982456 0.93233083 0.95989975 0.94736842 0.9197995
 0.93233083 0.90225564 0.93233083 0.94235589 0.94486216 0.93984962
 0.92481203 0.93483709 0.93734336 0.92230576 0.95238095 0.94486216
 0.92481203 0.90225564 0.92481203 0.92481203 0.92230576 0.91478697
 0.93734336 0.93734336 0.93734336 0.94486216 0.93984962 0.95238095
 0.93233083 0.9273183  0.91729323 0.9273183  0.92982456 0.90726817
 0.93734336 0.91478697 0.9197995  0.92230576 0.93233083 0.94987469
 0.92481203 0.92481203 0.93483709 0.92481203 0.94235589 0.93233083
 0.9122807  0.9197995  0.94987469 0.92481203 0.92982456 0.95238095
 0.93734336 0.94486216 0.9122807  0.9273183  0.94486216 0.93734336
 0.93483709 0.91729323 0.93483709 0.94486216 0.93483709 0.93984962
 0.9273183  0.9197995  0.93483709 0.93483709 0.93984962 0.92481203
 0.94235589 0.91478697 0.9197995  0.93233083]
Mean accuracy: 0.9310776942355891
Dev: 0.012336836565653101


