LR Cross-Validation Results f1:
 [0.90298507 0.90977444 0.92134831 0.88301887 0.87692308 0.93862816
 0.89285714 0.91428571 0.88721805 0.89051095 0.86567164 0.90566038
 0.9057971  0.88059701 0.91791045 0.89138577 0.88727273 0.94117647
 0.91851852 0.90510949 0.91240876 0.8962963  0.90494297 0.9010989
 0.90510949 0.86666667 0.9057971  0.89377289 0.88973384 0.91111111
 0.9070632  0.90566038 0.88970588 0.89298893 0.88970588 0.9070632
 0.92830189 0.88636364 0.89679715 0.87681159 0.8988764  0.89962825
 0.90441176 0.88560886 0.88212928 0.89962825 0.90780142 0.88475836
 0.91603053 0.91366906 0.92250923 0.86346863 0.88808664 0.91385768
 0.92193309 0.90298507 0.86363636 0.89056604 0.94464945 0.89454545
 0.89138577 0.88644689 0.88560886 0.91512915 0.91512915 0.9270073
 0.9010989  0.91575092 0.90298507 0.90977444 0.95555556 0.90636704
 0.9057971  0.91176471 0.9070632  0.88636364 0.88       0.85606061
 0.88970588 0.89377289 0.89051095 0.94029851 0.92363636 0.88549618
 0.89962825 0.900369   0.89219331 0.87912088 0.91039427 0.89962825
 0.91044776 0.91240876 0.90974729 0.88888889 0.91851852 0.8880597
 0.92830189 0.88727273 0.92250923 0.88059701]
Mean f1: 0.9011362373133872
Dev: 0.01798786875019942


LR_SMOTE Cross-Validation Results f1:
 [0.95       0.9276808  0.95140665 0.9273183  0.92964824 0.92269327
 0.92039801 0.90537084 0.90452261 0.92820513 0.91752577 0.93103448
 0.92964824 0.94320988 0.95       0.91836735 0.91183879 0.915
 0.94656489 0.92893401 0.89583333 0.89775561 0.92695214 0.92307692
 0.91358025 0.94       0.92893401 0.95140665 0.94206549 0.94736842
 0.94320988 0.94264339 0.90956072 0.93638677 0.91836735 0.925
 0.91370558 0.91811414 0.94444444 0.91878173 0.93034826 0.91770574
 0.91919192 0.93434343 0.92268041 0.93434343 0.94416244 0.92658228
 0.92269327 0.90632911 0.92230576 0.9276808  0.93164557 0.8989899
 0.93266833 0.92269327 0.94736842 0.9119171  0.93367347 0.92695214
 0.94029851 0.91878173 0.93367347 0.91891892 0.9127182  0.90956072
 0.95       0.9258312  0.92385787 0.93164557 0.94059406 0.94
 0.94       0.89690722 0.91687657 0.93467337 0.92345679 0.93367347
 0.89119171 0.95189873 0.92383292 0.92537313 0.94       0.91729323
 0.90076336 0.93164557 0.92695214 0.93198992 0.94710327 0.93094629
 0.92695214 0.91183879 0.95739348 0.93467337 0.94387755 0.9273183
 0.905      0.90206186 0.915      0.93734336]
Mean f1: 0.9268274593808613
Dev: 0.014419988528721882


LR_BrdSMOTE Cross-Validation Results f1:
 [0.94       0.92839506 0.94117647 0.91959799 0.92839506 0.91457286
 0.92383292 0.90632911 0.87817259 0.91878173 0.91370558 0.93366093
 0.91919192 0.93103448 0.94       0.91048593 0.90726817 0.90680101
 0.94472362 0.92307692 0.91878173 0.8960396  0.91919192 0.90731707
 0.89775561 0.9276808  0.93734336 0.94358974 0.93670886 0.92658228
 0.93532338 0.93266833 0.91560102 0.93532338 0.90816327 0.93069307
 0.91183879 0.91358025 0.93401015 0.90680101 0.9280397  0.91811414
 0.91770574 0.92839506 0.92071611 0.93164557 0.94       0.9164557
 0.92537313 0.89285714 0.91687657 0.93103448 0.92191436 0.8989899
 0.92574257 0.91542289 0.93765586 0.90439276 0.93670886 0.9164557
 0.91959799 0.92230576 0.92893401 0.90909091 0.92574257 0.89974293
 0.95566502 0.90769231 0.91919192 0.92307692 0.93658537 0.93564356
 0.92424242 0.89795918 0.90954774 0.93       0.90864198 0.93129771
 0.91370558 0.91560102 0.91400491 0.91811414 0.93702771 0.91811414
 0.90306122 0.93129771 0.91687657 0.93233083 0.945      0.91472868
 0.93333333 0.90909091 0.93939394 0.91603053 0.92783505 0.92839506
 0.90773067 0.90816327 0.90954774 0.93266833]
Mean f1: 0.9214570193613665
Dev: 0.013385439337216108


LR_GAN Cross-Validation Results f1:
 [0.95522388 0.93266833 0.94818653 0.93670886 0.93434343 0.92424242
 0.91959799 0.90288714 0.9122807  0.94416244 0.92268041 0.93266833
 0.935      0.94763092 0.94177215 0.92544987 0.91183879 0.92346939
 0.96221662 0.9250646  0.9151671  0.90726817 0.94472362 0.92929293
 0.915      0.94710327 0.94656489 0.95165394 0.92783505 0.93434343
 0.94029851 0.96277916 0.91709845 0.94206549 0.9258312  0.93702771
 0.92111959 0.91919192 0.94629156 0.92030848 0.93765586 0.92269327
 0.92695214 0.94444444 0.93229167 0.93670886 0.95717884 0.92893401
 0.93198992 0.9015544  0.93129771 0.93702771 0.94416244 0.90306122
 0.935      0.93467337 0.96       0.91383812 0.92783505 0.93164557
 0.94416244 0.92268041 0.93573265 0.9280397  0.91729323 0.91794872
 0.95739348 0.92783505 0.93094629 0.93467337 0.935      0.94235589
 0.94736842 0.91237113 0.92346939 0.95       0.91183879 0.93606138
 0.91282051 0.94416244 0.91687657 0.94059406 0.94235589 0.91919192
 0.90816327 0.92783505 0.93401015 0.93638677 0.94683544 0.94545455
 0.93702771 0.94444444 0.95214106 0.9258312  0.94629156 0.93969849
 0.91139241 0.91709845 0.93266833 0.93670886]
Mean f1: 0.9322116136291644
Dev: 0.013850658888659214


DT Cross-Validation Results f1:
 [0.88644689 0.90151515 0.8973384  0.87843137 0.85931559 0.9070632
 0.88339223 0.89051095 0.86142322 0.89285714 0.81712062 0.88888889
 0.89219331 0.86923077 0.88888889 0.85826772 0.91240876 0.91636364
 0.88636364 0.86821705 0.88059701 0.87452471 0.88372093 0.88721805
 0.87912088 0.89051095 0.89705882 0.88560886 0.88030888 0.89473684
 0.8962963  0.87943262 0.87452471 0.92366412 0.88970588 0.86486486
 0.86614173 0.91320755 0.88803089 0.86346863 0.86891386 0.85818182
 0.86131387 0.90494297 0.85057471 0.88212928 0.85608856 0.8458498
 0.89552239 0.87313433 0.89377289 0.85931559 0.84671533 0.88727273
 0.89411765 0.86507937 0.86486486 0.90769231 0.86486486 0.8988764
 0.88461538 0.89781022 0.86988848 0.88321168 0.88636364 0.92418773
 0.88321168 0.89962825 0.859375   0.87407407 0.90322581 0.87159533
 0.90774908 0.90181818 0.88549618 0.85496183 0.87313433 0.82352941
 0.87878788 0.88888889 0.82706767 0.92015209 0.89530686 0.89811321
 0.9070632  0.89928058 0.86692015 0.87769784 0.88122605 0.8685259
 0.87732342 0.88059701 0.86466165 0.9034749  0.89494163 0.89377289
 0.89377289 0.88888889 0.86861314 0.86614173]
Mean f1: 0.8817329899796708
Dev: 0.020042895550446565


DT_SMOTE Cross-Validation Results f1:
 [0.9382716  0.92424242 0.91794872 0.9164557  0.90909091 0.92346939
 0.90909091 0.89460154 0.91709845 0.90176322 0.86956522 0.93702771
 0.92030848 0.91959799 0.92079208 0.90721649 0.935      0.92462312
 0.92385787 0.90439276 0.89285714 0.88205128 0.91315136 0.91315136
 0.91878173 0.9280397  0.92118227 0.90726817 0.92385787 0.92424242
 0.92610837 0.93233083 0.90206186 0.93908629 0.9127182  0.9273183
 0.90680101 0.90954774 0.93059126 0.92151899 0.91002571 0.93939394
 0.93467337 0.92383292 0.9151671  0.92462312 0.9040404  0.91414141
 0.94292804 0.91472868 0.91794872 0.94527363 0.93059126 0.92268041
 0.91       0.93434343 0.93198992 0.91578947 0.90052356 0.92
 0.92030848 0.92820513 0.92385787 0.89486553 0.90632911 0.91560102
 0.95544554 0.92191436 0.92658228 0.9119171  0.91878173 0.9273183
 0.9035533  0.89393939 0.9040404  0.94329897 0.89054726 0.93467337
 0.89847716 0.93908629 0.92307692 0.92929293 0.90632911 0.92929293
 0.89405685 0.90726817 0.92857143 0.89974293 0.91542289 0.93401015
 0.90126582 0.93638677 0.935      0.91666667 0.92307692 0.90452261
 0.91370558 0.9038961  0.91970803 0.93298969]
Mean f1: 0.9181280094483703
Dev: 0.014612018160890378


DT_BrdSMOTE Cross-Validation Results f1:
 [0.92118227 0.90680101 0.91326531 0.89637306 0.925      0.90488432
 0.91133005 0.88717949 0.890625   0.8992629  0.89724311 0.91457286
 0.92462312 0.9258312  0.89847716 0.90537084 0.92695214 0.89054726
 0.9025641  0.88607595 0.90225564 0.89847716 0.89826303 0.88118812
 0.91139241 0.91370558 0.92383292 0.93670886 0.9151671  0.89223058
 0.91584158 0.92       0.90862944 0.91139241 0.935      0.92385787
 0.89002558 0.89775561 0.90452261 0.90225564 0.91139241 0.88997555
 0.91794872 0.89724311 0.90956072 0.93069307 0.9040404  0.91183879
 0.92079208 0.89795918 0.89393939 0.92658228 0.90537084 0.91414141
 0.91139241 0.91836735 0.92462312 0.90765172 0.89949749 0.87817259
 0.90673575 0.91878173 0.90769231 0.86069652 0.91315136 0.89054726
 0.93939394 0.91729323 0.90954774 0.93401015 0.90225564 0.9273183
 0.9127182  0.88265306 0.9040404  0.90049751 0.90322581 0.89405685
 0.8989899  0.91292876 0.88549618 0.90225564 0.93198992 0.90954774
 0.9038961  0.93300248 0.91472868 0.90680101 0.91358025 0.89285714
 0.89       0.90452261 0.94292804 0.90594059 0.93367347 0.88491049
 0.91002571 0.9015544  0.92307692 0.91472868]
Mean f1: 0.9082389637768706
Dev: 0.014783375366606547


DT_GAN Cross-Validation Results f1:
 [0.92610837 0.92227979 0.93059126 0.88888889 0.9040404  0.9040404
 0.92857143 0.90185676 0.92462312 0.91836735 0.88279302 0.91002571
 0.9258312  0.91002571 0.92111959 0.9038961  0.91752577 0.94235589
 0.8960396  0.90126582 0.90537084 0.86513995 0.92385787 0.91666667
 0.90909091 0.93266833 0.91358025 0.92467532 0.91237113 0.91560102
 0.935      0.94206549 0.91048593 0.92893401 0.90537084 0.91370558
 0.91687657 0.91472868 0.89922481 0.91863517 0.90769231 0.92537313
 0.90816327 0.9164557  0.88421053 0.91584158 0.91752577 0.9040404
 0.93129771 0.90575916 0.89795918 0.91811414 0.91863517 0.92111959
 0.90909091 0.90862944 0.92820513 0.91534392 0.91326531 0.90956072
 0.92268041 0.91457286 0.91099476 0.88888889 0.89847716 0.91472868
 0.94789082 0.8989899  0.90547264 0.90769231 0.915      0.92156863
 0.91836735 0.8989899  0.9164557  0.91989664 0.91326531 0.92146597
 0.90104167 0.94818653 0.9071618  0.92462312 0.91133005 0.8877551
 0.89847716 0.9025641  0.92269327 0.91752577 0.92964824 0.92151899
 0.9122807  0.91794872 0.92346939 0.92620865 0.92346939 0.89119171
 0.9119171  0.89340102 0.91919192 0.91383812]
Mean f1: 0.9136141908823814
Dev: 0.013624189574353676


RF Cross-Validation Results f1:
 [0.93040293 0.91729323 0.9298893  0.90909091 0.8973384  0.95454545
 0.92857143 0.9270073  0.92537313 0.93283582 0.88888889 0.92424242
 0.91696751 0.91111111 0.94117647 0.89922481 0.94623656 0.93430657
 0.94423792 0.9298893  0.9298893  0.93333333 0.92664093 0.94117647
 0.90510949 0.91512915 0.94074074 0.92537313 0.90494297 0.92424242
 0.94852941 0.94776119 0.89811321 0.92193309 0.93040293 0.90909091
 0.92366412 0.92134831 0.92193309 0.91304348 0.92134831 0.91575092
 0.92647059 0.94852941 0.92307692 0.94464945 0.93040293 0.92366412
 0.92481203 0.91385768 0.92936803 0.89552239 0.89928058 0.93680297
 0.93076923 0.91254753 0.90076336 0.94423792 0.93680297 0.91449814
 0.91187739 0.91911765 0.91851852 0.93726937 0.90298507 0.95202952
 0.94160584 0.94545455 0.93584906 0.90421456 0.97794118 0.92647059
 0.9270073  0.9298893  0.92366412 0.93233083 0.91666667 0.88560886
 0.89552239 0.94160584 0.9298893  0.95167286 0.93726937 0.92537313
 0.91911765 0.94074074 0.94117647 0.91512915 0.93283582 0.890625
 0.92075472 0.92134831 0.91176471 0.91666667 0.92134831 0.90774908
 0.94423792 0.93818182 0.94382022 0.90909091]
Mean f1: 0.9248860337717146
Dev: 0.016297511422786622


RF_SMOTE Cross-Validation Results f1:
 [0.96482412 0.94444444 0.96183206 0.95939086 0.94472362 0.95189873
 0.93233083 0.93814433 0.93434343 0.95214106 0.93059126 0.95049505
 0.94710327 0.96221662 0.95544554 0.94416244 0.94206549 0.965
 0.95408163 0.93367347 0.94087404 0.93702771 0.94206549 0.95308642
 0.94147583 0.97270471 0.95979899 0.96202532 0.93846154 0.95959596
 0.95781638 0.96482412 0.93023256 0.95431472 0.95165394 0.94736842
 0.95717884 0.93467337 0.94923858 0.95717884 0.93467337 0.95739348
 0.96       0.95760599 0.94358974 0.96464646 0.94629156 0.94472362
 0.95238095 0.94656489 0.94736842 0.9528536  0.95918367 0.95408163
 0.94789082 0.94472362 0.96183206 0.96391753 0.95717884 0.93969849
 0.96202532 0.95115681 0.96708861 0.94554455 0.93233083 0.94087404
 0.96725441 0.95238095 0.945      0.94056848 0.92893401 0.95588235
 0.94656489 0.94444444 0.95717884 0.96725441 0.94029851 0.95165394
 0.95384615 0.95918367 0.93401015 0.96446701 0.94472362 0.94683544
 0.92424242 0.95696203 0.96240602 0.94897959 0.95165394 0.95979899
 0.94949495 0.94974874 0.96954315 0.95024876 0.95165394 0.95261845
 0.96       0.93846154 0.94029851 0.93506494]
Mean f1: 0.9501778019212774
Dev: 0.01046180017350337


RF_BrdSMOTE Cross-Validation Results f1:
 [0.965      0.95781638 0.96183206 0.95165394 0.95238095 0.94683544
 0.94       0.93333333 0.91794872 0.95       0.93401015 0.95522388
 0.93877551 0.96       0.95566502 0.93877551 0.94235589 0.95760599
 0.94683544 0.93094629 0.92929293 0.92929293 0.94789082 0.95522388
 0.93606138 0.95454545 0.95454545 0.9721519  0.94629156 0.93638677
 0.94789082 0.97487437 0.93094629 0.95696203 0.95477387 0.95760599
 0.94923858 0.93702771 0.94329897 0.94206549 0.93969849 0.94974874
 0.96039604 0.96       0.93573265 0.96464646 0.95189873 0.94177215
 0.955      0.93094629 0.93198992 0.955      0.94329897 0.94949495
 0.93796526 0.93939394 0.95918367 0.96658098 0.95238095 0.94736842
 0.94117647 0.96446701 0.94923858 0.93034826 0.94       0.92820513
 0.96984925 0.94789082 0.94949495 0.95165394 0.92964824 0.95308642
 0.95431472 0.92783505 0.955      0.97       0.93734336 0.94387755
 0.94147583 0.95431472 0.93129771 0.95939086 0.95238095 0.93969849
 0.9273183  0.95214106 0.95979899 0.95238095 0.95431472 0.95189873
 0.94949495 0.94789082 0.97229219 0.93969849 0.94387755 0.94763092
 0.95431472 0.92783505 0.95308642 0.94025974]
Mean f1: 0.9476208025549078
Dev: 0.011669554166518546


RF_GAN Cross-Validation Results f1:
 [0.96221662 0.94683544 0.97461929 0.95959596 0.95214106 0.94923858
 0.93401015 0.92950392 0.94416244 0.95189873 0.94329897 0.95
 0.95408163 0.96240602 0.95760599 0.93814433 0.93939394 0.96221662
 0.95115681 0.92708333 0.93264249 0.92658228 0.94974874 0.95214106
 0.94387755 0.97487437 0.95189873 0.956743   0.94329897 0.95165394
 0.95696203 0.97256858 0.93573265 0.94923858 0.95717884 0.95165394
 0.95384615 0.93094629 0.94897959 0.94358974 0.93702771 0.96259352
 0.96202532 0.95979899 0.93193717 0.94573643 0.95165394 0.94949495
 0.96482412 0.94300518 0.93877551 0.95739348 0.95360825 0.95897436
 0.94472362 0.94736842 0.96708861 0.96391753 0.95189873 0.93198992
 0.95431472 0.9562982  0.96183206 0.95024876 0.93467337 0.93814433
 0.97474747 0.95238095 0.94147583 0.94897959 0.94416244 0.955
 0.96163683 0.94416244 0.94949495 0.9721519  0.92964824 0.94629156
 0.95140665 0.96428571 0.92857143 0.96446701 0.95214106 0.93846154
 0.92111959 0.95408163 0.95918367 0.95140665 0.95652174 0.95939086
 0.95115681 0.95238095 0.97474747 0.94710327 0.94601542 0.95165394
 0.95238095 0.92987013 0.95       0.93717277]
Mean f1: 0.9500676605634095
Dev: 0.011680091177916173


XGB Cross-Validation Results f1:
 [0.93040293 0.93140794 0.94464945 0.92481203 0.91538462 0.96268657
 0.93238434 0.93140794 0.92086331 0.94117647 0.89138577 0.94464945
 0.93950178 0.94464945 0.94927536 0.92592593 0.93140794 0.93862816
 0.93680297 0.93140794 0.93772894 0.93478261 0.92250923 0.93090909
 0.93238434 0.94029851 0.95238095 0.94852941 0.93772894 0.95167286
 0.95272727 0.95202952 0.92936803 0.94117647 0.93478261 0.92647059
 0.95057034 0.94285714 0.91970803 0.92418773 0.93818182 0.93818182
 0.94584838 0.94814815 0.91911765 0.94464945 0.92086331 0.92075472
 0.95272727 0.90909091 0.93382353 0.93090909 0.92473118 0.94623656
 0.94776119 0.8988764  0.91729323 0.96       0.95652174 0.93772894
 0.92307692 0.90647482 0.92193309 0.94464945 0.9298893  0.95306859
 0.94623656 0.95306859 0.93090909 0.91320755 0.98194946 0.95588235
 0.92753623 0.93478261 0.94382022 0.94339623 0.91512915 0.88727273
 0.91240876 0.94117647 0.92363636 0.96703297 0.93090909 0.95555556
 0.90774908 0.94117647 0.95652174 0.93862816 0.94545455 0.88122605
 0.92250923 0.94202899 0.91756272 0.93040293 0.94382022 0.93140794
 0.94852941 0.92857143 0.95620438 0.91729323]
Mean f1: 0.934751469537727
Dev: 0.016635315677837804


XGB_SMOTE Cross-Validation Results f1:
 [0.96758105 0.95544554 0.96183206 0.95696203 0.95959596 0.95959596
 0.955      0.93198992 0.93702771 0.95739348 0.94444444 0.96059113
 0.94177215 0.96296296 0.960199   0.94177215 0.945      0.96
 0.95959596 0.94736842 0.93969849 0.92537313 0.94527363 0.96725441
 0.95       0.96240602 0.96259352 0.956743   0.94387755 0.95739348
 0.960199   0.97014925 0.93638677 0.95760599 0.94472362 0.95214106
 0.95238095 0.94974874 0.94444444 0.95024876 0.93796526 0.97
 0.95781638 0.96039604 0.93606138 0.94656489 0.95431472 0.95214106
 0.94292804 0.93401015 0.95739348 0.96805897 0.96163683 0.960199
 0.93796526 0.94444444 0.96708861 0.96658098 0.96277916 0.94897959
 0.96202532 0.96725441 0.96984925 0.95049505 0.94059406 0.93969849
 0.97732997 0.95238095 0.94710327 0.95189873 0.96       0.95781638
 0.94897959 0.95717884 0.95522388 0.96969697 0.94029851 0.94736842
 0.93846154 0.94710327 0.94147583 0.95214106 0.95522388 0.95214106
 0.94763092 0.95477387 0.96259352 0.94949495 0.95454545 0.95781638
 0.93434343 0.935      0.97512438 0.95024876 0.95696203 0.945
 0.955      0.94949495 0.97029703 0.94629156]
Mean f1: 0.9528845195750063
Dev: 0.010477899056576843


XGB_BrdSMOTE Cross-Validation Results f1:
 [0.96758105 0.96534653 0.97474747 0.96758105 0.965      0.94974874
 0.94527363 0.94177215 0.93908629 0.94472362 0.93467337 0.96039604
 0.94601542 0.96517413 0.96296296 0.94444444 0.960199   0.95760599
 0.96517413 0.95717884 0.93702771 0.93333333 0.94814815 0.95760599
 0.94444444 0.96758105 0.97029703 0.97487437 0.96202532 0.95454545
 0.95781638 0.97014925 0.93434343 0.95238095 0.96482412 0.95823096
 0.95238095 0.94264339 0.94387755 0.94736842 0.94789082 0.96240602
 0.95760599 0.95522388 0.95696203 0.96725441 0.96       0.95454545
 0.94416244 0.95477387 0.94736842 0.95261845 0.95897436 0.94554455
 0.93658537 0.95979899 0.96221662 0.96938776 0.96296296 0.94736842
 0.95696203 0.96741855 0.96221662 0.93233083 0.94814815 0.94206549
 0.96259352 0.94554455 0.95454545 0.95024876 0.95739348 0.9528536
 0.95979899 0.95       0.96259352 0.97       0.94736842 0.95717884
 0.93969849 0.95360825 0.94444444 0.955      0.96534653 0.94789082
 0.95073892 0.96221662 0.97256858 0.95918367 0.94736842 0.95696203
 0.95760599 0.94527363 0.97       0.95       0.95918367 0.94974874
 0.95760599 0.94683544 0.95121951 0.95165394]
Mean f1: 0.9546564842464703
Dev: 0.009852495292468072


XGB_GAN Cross-Validation Results f1:
 [0.97256858 0.94527363 0.9798995  0.96240602 0.94949495 0.94710327
 0.93939394 0.94601542 0.945      0.95189873 0.93969849 0.95781638
 0.95454545 0.97014925 0.96482412 0.95431472 0.95189873 0.95477387
 0.96446701 0.960199   0.93573265 0.93796526 0.95308642 0.96534653
 0.94974874 0.97487437 0.95979899 0.96163683 0.95140665 0.96708861
 0.96259352 0.97512438 0.94087404 0.94897959 0.96       0.960199
 0.94387755 0.93094629 0.94656489 0.95959596 0.94527363 0.965
 0.965      0.94763092 0.94871795 0.95477387 0.96464646 0.94949495
 0.94554455 0.94656489 0.94974874 0.96790123 0.95431472 0.95454545
 0.93333333 0.95739348 0.96482412 0.96708861 0.95739348 0.95477387
 0.96183206 0.96464646 0.96984925 0.94292804 0.94       0.95477387
 0.96984925 0.94949495 0.95454545 0.94974874 0.96240602 0.95477387
 0.95431472 0.95454545 0.96741855 0.96708861 0.9280397  0.94444444
 0.94387755 0.9562982  0.93969849 0.96464646 0.94763092 0.94683544
 0.93532338 0.96708861 0.96221662 0.95717884 0.95717884 0.95189873
 0.95189873 0.94736842 0.97256858 0.945      0.97474747 0.93467337
 0.95       0.94629156 0.96758105 0.93573265]
Mean f1: 0.9543757900277748
Dev: 0.011004134553252472


XGB_RF Cross-Validation Results f1:
 [0.93090909 0.91791045 0.92250923 0.92424242 0.89393939 0.94339623
 0.9122807  0.90842491 0.88888889 0.91512915 0.84251969 0.92481203
 0.91103203 0.8962963  0.91240876 0.87878788 0.92028986 0.92753623
 0.94423792 0.900369   0.91851852 0.91729323 0.90151515 0.91696751
 0.90181818 0.90842491 0.91911765 0.900369   0.89056604 0.92015209
 0.92250923 0.92936803 0.89377289 0.92481203 0.91304348 0.8988764
 0.90909091 0.9070632  0.91851852 0.89705882 0.91320755 0.91240876
 0.92473118 0.94814815 0.88721805 0.91851852 0.91366906 0.91119691
 0.90636704 0.90225564 0.91911765 0.89219331 0.875      0.92250923
 0.91954023 0.8973384  0.90977444 0.94505495 0.91729323 0.91176471
 0.88212928 0.92028986 0.92250923 0.91851852 0.88973384 0.93430657
 0.92250923 0.92250923 0.92753623 0.90636704 0.96350365 0.90181818
 0.92250923 0.92015209 0.90769231 0.92720307 0.91176471 0.86231884
 0.88721805 0.90842491 0.89473684 0.94545455 0.91176471 0.92134831
 0.9010989  0.91240876 0.92363636 0.92418773 0.91791045 0.86507937
 0.92883895 0.93333333 0.9010989  0.91320755 0.92015209 0.90441176
 0.91970803 0.92028986 0.90441176 0.89056604]
Mean f1: 0.9118474120370298
Dev: 0.018162758178494325


XGB_RF_SMOTE Cross-Validation Results f1:
 [0.95308642 0.93467337 0.94897959 0.94923858 0.94472362 0.92783505
 0.91729323 0.91878173 0.93702771 0.93734336 0.92307692 0.9382716
 0.94683544 0.95696203 0.94634146 0.92346939 0.93670886 0.94736842
 0.93702771 0.94974874 0.92820513 0.90680101 0.9273183  0.93734336
 0.93467337 0.95       0.96183206 0.95739348 0.92820513 0.93434343
 0.96296296 0.95959596 0.91560102 0.93333333 0.93670886 0.93796526
 0.94387755 0.93401015 0.94683544 0.93198992 0.9164557  0.95
 0.95522388 0.94897959 0.93573265 0.94444444 0.93606138 0.92929293
 0.95308642 0.94656489 0.93939394 0.95760599 0.96143959 0.94472362
 0.93300248 0.93908629 0.93939394 0.95115681 0.93670886 0.93069307
 0.94416244 0.93298969 0.95214106 0.93564356 0.93198992 0.93
 0.97029703 0.93233083 0.92230576 0.93606138 0.93198992 0.93796526
 0.9273183  0.91542289 0.93969849 0.95454545 0.91811414 0.945
 0.92857143 0.94897959 0.92783505 0.95802469 0.93969849 0.93734336
 0.90632911 0.94416244 0.95189873 0.93467337 0.94206549 0.945
 0.92857143 0.94710327 0.97       0.94059406 0.94387755 0.91878173
 0.93434343 0.94206549 0.93969849 0.93540052]
Mean f1: 0.9391582929771094
Dev: 0.012680375939647118


XGB_RF_BrdSMOTE Cross-Validation Results f1:
 [0.96       0.94472362 0.93877551 0.93638677 0.93796526 0.9258312
 0.92269327 0.91709845 0.92071611 0.92893401 0.91139241 0.94789082
 0.93908629 0.94       0.94554455 0.91048593 0.94974874 0.95238095
 0.94444444 0.93094629 0.92111959 0.90632911 0.92574257 0.94264339
 0.94358974 0.95238095 0.95739348 0.94683544 0.93059126 0.91878173
 0.945      0.95717884 0.92820513 0.93908629 0.94       0.95802469
 0.92388451 0.91878173 0.93670886 0.93       0.92346939 0.92230576
 0.94974874 0.93638677 0.93094629 0.94710327 0.94       0.92658228
 0.93939394 0.93094629 0.93434343 0.93467337 0.94897959 0.94
 0.92345679 0.93233083 0.95       0.94791667 0.92964824 0.90726817
 0.93023256 0.93702771 0.92820513 0.91133005 0.92       0.90625
 0.96       0.93467337 0.945      0.95165394 0.93198992 0.93434343
 0.925      0.91139241 0.93233083 0.95781638 0.92307692 0.93969849
 0.92307692 0.93298969 0.92071611 0.93467337 0.94472362 0.92695214
 0.91370558 0.93702771 0.93877551 0.92874693 0.93939394 0.93702771
 0.94235589 0.925      0.94974874 0.94206549 0.94147583 0.91687657
 0.92695214 0.91472868 0.95       0.93298969]
Mean f1: 0.9342284520621175
Dev: 0.012889206209696618


XGB_RF_GAN Cross-Validation Results f1:
 [0.960199   0.93467337 0.96464646 0.93606138 0.94472362 0.94147583
 0.92929293 0.9119171  0.93939394 0.94683544 0.92857143 0.93233083
 0.95165394 0.95214106 0.95       0.93877551 0.93606138 0.94923858
 0.93702771 0.93333333 0.91794872 0.91584158 0.94320988 0.95477387
 0.94177215 0.95979899 0.94387755 0.94117647 0.93814433 0.9258312
 0.95261845 0.96741855 0.91989664 0.94656489 0.94736842 0.95
 0.94358974 0.92544987 0.92385787 0.94923858 0.91603053 0.95760599
 0.960199   0.94416244 0.92950392 0.94358974 0.93908629 0.93198992
 0.95979899 0.93606138 0.94923858 0.95760599 0.95064935 0.94949495
 0.93467337 0.93467337 0.94974874 0.94845361 0.935      0.92191436
 0.94358974 0.9562982  0.95454545 0.93765586 0.93266833 0.93638677
 0.96517413 0.94177215 0.92893401 0.94387755 0.94206549 0.945
 0.93638677 0.92462312 0.93164557 0.95431472 0.92893401 0.93638677
 0.92268041 0.94923858 0.9258312  0.95454545 0.93564356 0.92857143
 0.91603053 0.94897959 0.95477387 0.95214106 0.94206549 0.95214106
 0.92820513 0.94235589 0.956743   0.94710327 0.93908629 0.93939394
 0.94656489 0.91878173 0.94235589 0.93264249]
Mean f1: 0.9409234452571725
Dev: 0.012218533687204306


