LR_RUS Cross-Validation Results f1:
 [0.94376528 0.92383292 0.93266833 0.94029851 0.8956743  0.90953545
 0.91851852 0.95098039 0.93796526 0.92118227 0.92195122 0.93333333
 0.92647059 0.93       0.92079208 0.93103448 0.93564356 0.94840295
 0.92695214 0.94634146 0.95522388 0.93564356 0.92195122 0.93564356
 0.92610837 0.95       0.9037037  0.90024331 0.93702771 0.9368932
 0.94736842 0.93333333 0.93366093 0.91891892 0.93300248 0.93198992
 0.9122807  0.92195122 0.9253012  0.94607843 0.94285714 0.93034826
 0.92944039 0.90322581 0.93434343 0.92307692 0.94763092 0.92610837
 0.93333333 0.93765586 0.93887531 0.93333333 0.94320988 0.935
 0.92269327 0.92230576 0.92230576 0.93627451 0.91442543 0.91
 0.94117647 0.93300248 0.89447236 0.91315136 0.93103448 0.90176322
 0.93269231 0.94736842 0.94403893 0.95073892 0.92647059 0.94789082
 0.91542289 0.93796526 0.91891892 0.92718447 0.92929293 0.92118227
 0.93       0.93917275 0.94890511 0.94004796 0.92565947 0.92111959
 0.94348894 0.90225564 0.9382716  0.93233083 0.92424242 0.93034826
 0.93333333 0.91183879 0.94292804 0.93398533 0.93269231 0.92151899
 0.91542289 0.92537313 0.90338164 0.9408867 ]
Mean f1: 0.9293908167163812
Dev: 0.013226190994874886


LR_NM Cross-Validation Results f1:
 [0.92944039 0.92086331 0.91687657 0.91891892 0.92383292 0.9041769
 0.91904762 0.92383292 0.91044776 0.93779904 0.90024331 0.93034826
 0.90680101 0.91542289 0.92671395 0.92753623 0.91262136 0.9276808
 0.92307692 0.91584158 0.9276808  0.95169082 0.9375     0.91084337
 0.91400491 0.935      0.89537713 0.89756098 0.9273183  0.90072639
 0.93198992 0.93366093 0.91891892 0.91707317 0.92874693 0.91584158
 0.92682927 0.91127098 0.90731707 0.91089109 0.91866029 0.91666667
 0.92195122 0.91584158 0.94029851 0.91442543 0.91687657 0.91826923
 0.93333333 0.92839506 0.90864198 0.9127182  0.92039801 0.92610837
 0.915      0.91891892 0.92039801 0.9352518  0.9216152  0.8989899
 0.91891892 0.92118227 0.91044776 0.92195122 0.93269231 0.92124105
 0.91346154 0.90206186 0.9193154  0.93103448 0.92682927 0.92071611
 0.92788462 0.9        0.91252955 0.91707317 0.9273183  0.91304348
 0.93887531 0.93069307 0.9127182  0.91041162 0.90120482 0.9276808
 0.93917275 0.91851852 0.91315136 0.925      0.92839506 0.92565947
 0.9127182  0.91041162 0.93103448 0.91851852 0.92307692 0.90726817
 0.93398533 0.90176322 0.9060241  0.91358025]
Mean f1: 0.9196208663172054
Dev: 0.010779606319252703


DT_RUS Cross-Validation Results f1:
 [0.95377129 0.93069307 0.91770574 0.94457831 0.94146341 0.93564356
 0.92718447 0.94059406 0.92420538 0.93887531 0.92380952 0.94146341
 0.93333333 0.9280397  0.95024876 0.92457421 0.92874693 0.94988067
 0.92695214 0.92839506 0.94607843 0.93596059 0.92079208 0.92462312
 0.92       0.93233083 0.92944039 0.93045564 0.94527363 0.93887531
 0.94117647 0.95377129 0.93170732 0.93170732 0.9468599  0.93300248
 0.93564356 0.9276808  0.93203883 0.93170732 0.92565947 0.93975904
 0.95354523 0.91584158 0.93137255 0.93300248 0.94789082 0.92647059
 0.9280397  0.93366093 0.93137255 0.93887531 0.94348894 0.92839506
 0.91400491 0.92195122 0.94527363 0.93975904 0.92195122 0.92944039
 0.94202899 0.93266833 0.94607843 0.91851852 0.94763092 0.94376528
 0.92048193 0.91891892 0.92890995 0.92874693 0.92086331 0.92
 0.93532338 0.92718447 0.93796526 0.92944039 0.93467337 0.93946731
 0.92718447 0.9468599  0.93398533 0.94964029 0.94117647 0.94320988
 0.92079208 0.92647059 0.96332518 0.94711538 0.93233083 0.93266833
 0.94202899 0.91358025 0.95421687 0.9253012  0.94403893 0.93300248
 0.925      0.96240602 0.91041162 0.95049505]
Mean f1: 0.9342694411695822
Dev: 0.01089547653486342


DT_NM Cross-Validation Results f1:
 [0.92788462 0.92601432 0.92420538 0.92574257 0.92610837 0.90196078
 0.94004796 0.93366093 0.9223301  0.91666667 0.91304348 0.91729323
 0.90024331 0.91219512 0.92944039 0.92682927 0.94376528 0.91566265
 0.91346154 0.91904762 0.94634146 0.91133005 0.92195122 0.90865385
 0.91666667 0.93366093 0.9060241  0.91211401 0.94264339 0.9223301
 0.89108911 0.92839506 0.905      0.90731707 0.93170732 0.9253012
 0.94939759 0.93398533 0.92344498 0.91469194 0.92807425 0.92574257
 0.92009685 0.93137255 0.92079208 0.9408867  0.94146341 0.89486553
 0.91442543 0.9178744  0.91851852 0.91981132 0.92420538 0.91666667
 0.92048193 0.93627451 0.92307692 0.9245283  0.93203883 0.91358025
 0.9352518  0.92420538 0.93203883 0.92537313 0.93266833 0.90322581
 0.92420538 0.92647059 0.90865385 0.9368932  0.91304348 0.9193154
 0.93300248 0.89724311 0.9193154  0.9037037  0.94348894 0.92753623
 0.92822967 0.92944039 0.91176471 0.90243902 0.92420538 0.93137255
 0.91484185 0.92156863 0.92909535 0.92079208 0.92195122 0.93556086
 0.92307692 0.93887531 0.91891892 0.92307692 0.9037037  0.89855072
 0.9468599  0.93236715 0.91428571 0.93012048]
Mean f1: 0.9223915787548271
Dev: 0.012104376094677998


RF_RUS Cross-Validation Results f1:
 [0.97799511 0.96039604 0.96039604 0.96332518 0.96277916 0.95781638
 0.96568627 0.97014925 0.97810219 0.96059113 0.97115385 0.97536946
 0.96836983 0.96240602 0.96790123 0.96790123 0.96758105 0.97115385
 0.95214106 0.97073171 0.97777778 0.97029703 0.95544554 0.97029703
 0.95781638 0.97536946 0.94865526 0.95399516 0.97270471 0.97058824
 0.97766749 0.98777506 0.96568627 0.96296296 0.97058824 0.96790123
 0.96482412 0.95169082 0.95652174 0.96314496 0.95883777 0.97524752
 0.96332518 0.95566502 0.97256858 0.97073171 0.97044335 0.95588235
 0.96568627 0.96332518 0.97766749 0.96585366 0.97044335 0.97256858
 0.95354523 0.96821516 0.96534653 0.96078431 0.95823096 0.95843521
 0.96805897 0.96774194 0.95802469 0.960199   0.96296296 0.96314496
 0.94865526 0.97014925 0.97073171 0.9754902  0.96296296 0.97777778
 0.96534653 0.97014925 0.97777778 0.97297297 0.96482412 0.95566502
 0.95883777 0.96601942 0.97777778 0.96836983 0.96078431 0.97044335
 0.96240602 0.96314496 0.98019802 0.9804878  0.96332518 0.95544554
 0.98039216 0.95308642 0.97029703 0.96097561 0.97087379 0.97777778
 0.95739348 0.96314496 0.96097561 0.97560976]
Mean f1: 0.9662686090892252
Dev: 0.007936534985682312


RF_NM Cross-Validation Results f1:
 [0.95823096 0.95308642 0.96059113 0.96059113 0.96296296 0.96296296
 0.96385542 0.965      0.95823096 0.97310513 0.94840295 0.96790123
 0.95145631 0.96774194 0.97560976 0.9754902  0.97310513 0.95331695
 0.96350365 0.96821516 0.97044335 0.96534653 0.95098039 0.96332518
 0.96078431 0.97283951 0.95863747 0.95399516 0.97014925 0.94581281
 0.97755611 0.96314496 0.95308642 0.94527363 0.97044335 0.97810219
 0.97073171 0.95652174 0.95609756 0.95       0.96116505 0.96314496
 0.95098039 0.96116505 0.97524752 0.96277916 0.97560976 0.94890511
 0.97073171 0.95098039 0.96790123 0.968523   0.98029557 0.965
 0.95843521 0.96821516 0.96039604 0.96585366 0.96368039 0.95544554
 0.97349398 0.96314496 0.96551724 0.95566502 0.96314496 0.96059113
 0.94202899 0.95979899 0.94865526 0.98288509 0.95098039 0.9754902
 0.95781638 0.95760599 0.96790123 0.97283951 0.97766749 0.95609756
 0.96368039 0.95843521 0.95739348 0.96601942 0.96314496 0.96551724
 0.96078431 0.96332518 0.95588235 0.95781638 0.96568627 0.96135266
 0.96277916 0.9686747  0.97297297 0.96350365 0.94814815 0.96517413
 0.96551724 0.96551724 0.95377129 0.96314496]
Mean f1: 0.9627065262097778
Dev: 0.008419888550609997


XGB_RUS Cross-Validation Results f1:
 [0.97323601 0.95049505 0.96534653 0.9754902  0.96534653 0.96821516
 0.96350365 0.97788698 0.96821516 0.97310513 0.96882494 0.97297297
 0.95903614 0.97       0.96534653 0.97044335 0.97283951 0.97596154
 0.95760599 0.97766749 0.9804878  0.97512438 0.95843521 0.97777778
 0.95566502 0.97310513 0.97323601 0.95923261 0.97524752 0.97058824
 0.97297297 0.97799511 0.96332518 0.97058824 0.97799511 0.95781638
 0.96517413 0.96116505 0.95145631 0.97297297 0.96368039 0.98529412
 0.968523   0.95566502 0.97766749 0.97073171 0.97283951 0.95883777
 0.97777778 0.97087379 0.97799511 0.96368039 0.97766749 0.97536946
 0.96078431 0.97560976 0.97058824 0.97087379 0.95145631 0.96821516
 0.96821516 0.97799511 0.97044335 0.97058824 0.96551724 0.96534653
 0.96350365 0.97777778 0.96634615 0.97799511 0.96368039 0.97788698
 0.9754902  0.98280098 0.97029703 0.97788698 0.96240602 0.95863747
 0.96097561 0.96618357 0.98029557 0.9686747  0.96601942 0.96568627
 0.96039604 0.96059113 0.97310513 0.98783455 0.96568627 0.95802469
 0.99029126 0.96805897 0.97766749 0.96116505 0.97336562 0.96774194
 0.97536946 0.96821516 0.95399516 0.98296837]
Mean f1: 0.9694115641036849
Dev: 0.0081250570837759


XGB_NM Cross-Validation Results f1:
 [0.96097561 0.95631068 0.95843521 0.96790123 0.96534653 0.95588235
 0.96634615 0.96534653 0.95609756 0.96332518 0.95121951 0.95802469
 0.94890511 0.95739348 0.96821516 0.97323601 0.97572816 0.94890511
 0.96805897 0.98783455 0.97799511 0.96534653 0.94581281 0.96821516
 0.96585366 0.97536946 0.96368039 0.94430993 0.96517413 0.96332518
 0.960199   0.9754902  0.95331695 0.95823096 0.97044335 0.96601942
 0.97536946 0.95883777 0.95631068 0.95354523 0.95883777 0.96059113
 0.96585366 0.96821516 0.97788698 0.96296296 0.97560976 0.94403893
 0.96551724 0.95098039 0.96296296 0.97560976 0.97044335 0.97283951
 0.95145631 0.96805897 0.97323601 0.96601942 0.95098039 0.96314496
 0.96634615 0.96332518 0.95760599 0.96805897 0.95609756 0.96790123
 0.94711538 0.96517413 0.95145631 0.98288509 0.94403893 0.97044335
 0.96517413 0.95566502 0.96836983 0.96805897 0.97512438 0.95399516
 0.97572816 0.95377129 0.960199   0.96601942 0.96314496 0.97297297
 0.96314496 0.96585366 0.96097561 0.965      0.96568627 0.96618357
 0.96790123 0.97560976 0.97297297 0.95121951 0.94581281 0.97044335
 0.97073171 0.96585366 0.94634146 0.95631068]
Mean f1: 0.9633029158640746
Dev: 0.009147979567170205


XGB_RF_RUS Cross-Validation Results f1:
 [0.94736842 0.9122807  0.925      0.95073892 0.93969849 0.94444444
 0.95354523 0.94147583 0.94974874 0.93034826 0.93917275 0.94444444
 0.93658537 0.94264339 0.93367347 0.93969849 0.93670886 0.94376528
 0.91282051 0.94       0.96259352 0.9276808  0.92111959 0.92929293
 0.93164557 0.95477387 0.93796526 0.93975904 0.93908629 0.94840295
 0.94147583 0.95238095 0.94       0.94292804 0.94554455 0.93467337
 0.94736842 0.92874693 0.92909535 0.93233083 0.93658537 0.94235589
 0.935      0.93034826 0.95522388 0.94147583 0.95522388 0.92658228
 0.9408867  0.93300248 0.94923858 0.93       0.94710327 0.955
 0.93398533 0.93765586 0.93939394 0.94789082 0.93857494 0.93467337
 0.95566502 0.94206549 0.9276808  0.93939394 0.94789082 0.92893401
 0.94320988 0.93702771 0.94117647 0.9528536  0.93796526 0.93939394
 0.93638677 0.93734336 0.94430993 0.94264339 0.93094629 0.93564356
 0.92383292 0.93366093 0.94736842 0.95098039 0.935      0.94320988
 0.935      0.92695214 0.95073892 0.95823096 0.93164557 0.93
 0.95098039 0.92964824 0.9528536  0.93300248 0.94607843 0.93606138
 0.91237113 0.94235589 0.93069307 0.95760599]
Mean f1: 0.9394002733367859
Dev: 0.009887653073930356


XGB_RF_NM Cross-Validation Results f1:
 [0.92658228 0.92383292 0.89393939 0.91139241 0.93069307 0.93034826
 0.92647059 0.93333333 0.91709845 0.91358025 0.90773067 0.92071611
 0.88721805 0.90537084 0.94       0.94527363 0.93164557 0.91542289
 0.92537313 0.925      0.92695214 0.91729323 0.9127182  0.91094148
 0.92462312 0.93734336 0.91625616 0.89775561 0.92893401 0.91
 0.93129771 0.9276808  0.90816327 0.91457286 0.92929293 0.90126582
 0.92537313 0.92909535 0.9127182  0.92230576 0.92718447 0.91878173
 0.92620865 0.92307692 0.91811414 0.92346939 0.91603053 0.91811414
 0.92964824 0.89       0.93702771 0.91625616 0.92929293 0.91428571
 0.90773067 0.91729323 0.9151671  0.93596059 0.93366093 0.90816327
 0.93069307 0.92839506 0.91457286 0.92111959 0.91139241 0.91603053
 0.905      0.91282051 0.9037037  0.94264339 0.91687657 0.9382716
 0.93164557 0.90306122 0.91891892 0.92071611 0.94683544 0.9127182
 0.92537313 0.91542289 0.91878173 0.92462312 0.91603053 0.9025641
 0.9408867  0.91959799 0.91919192 0.92893401 0.92307692 0.93034826
 0.91326531 0.92118227 0.93467337 0.94059406 0.88944724 0.91472868
 0.92462312 0.91878173 0.92039801 0.93198992]
Mean f1: 0.9205100129193805
Dev: 0.011910480994973672


