LR_RUS Cross-Validation Results precision:
 [0.94146341 0.92610837 0.94444444 0.94974874 0.92631579 0.90291262
 0.92537313 0.95098039 0.94974874 0.92574257 0.91747573 0.94029851
 0.92195122 0.94416244 0.92537313 0.93103448 0.945      0.95073892
 0.95336788 0.94174757 0.96969697 0.945      0.91304348 0.94029851
 0.92610837 0.96446701 0.91044776 0.89371981 0.96373057 0.92788462
 0.96923077 0.94029851 0.93137255 0.91666667 0.94       0.95360825
 0.93333333 0.91747573 0.90995261 0.94607843 0.91666667 0.94444444
 0.91826923 0.91       0.95854922 0.93       0.96446701 0.93069307
 0.94029851 0.95431472 0.93658537 0.94029851 0.94554455 0.94923858
 0.93434343 0.93877551 0.94358974 0.93627451 0.91219512 0.92857143
 0.94117647 0.94472362 0.91282051 0.92       0.93103448 0.92268041
 0.91509434 0.96923077 0.93719807 0.95544554 0.92647059 0.95979899
 0.92462312 0.945      0.91666667 0.9138756  0.95833333 0.92574257
 0.94897959 0.93236715 0.94202899 0.92018779 0.90186916 0.95263158
 0.94117647 0.91836735 0.94527363 0.95384615 0.953125   0.94444444
 0.94029851 0.93782383 0.95       0.92718447 0.91079812 0.94791667
 0.92929293 0.93939394 0.89047619 0.94554455]
Mean precision: 0.9355246326052723
Dev: 0.016826212779670852


LR_NM Cross-Validation Results precision:
 [0.92270531 0.90140845 0.93814433 0.91666667 0.92156863 0.90196078
 0.89351852 0.92610837 0.92424242 0.91588785 0.89371981 0.94444444
 0.92783505 0.92462312 0.89090909 0.90995261 0.90384615 0.94416244
 0.93467337 0.925      0.94416244 0.93809524 0.91549296 0.89150943
 0.91176471 0.94923858 0.88888889 0.89320388 0.94871795 0.88995215
 0.95854922 0.93596059 0.91666667 0.90821256 0.92647059 0.92039801
 0.9223301  0.89201878 0.90291262 0.92       0.89719626 0.91666667
 0.91304348 0.92039801 0.94974874 0.90776699 0.94300518 0.9009434
 0.94029851 0.93532338 0.91542289 0.92893401 0.92964824 0.92610837
 0.92893401 0.91666667 0.93434343 0.91549296 0.89400922 0.92708333
 0.92118227 0.92574257 0.91959799 0.91304348 0.91079812 0.89351852
 0.89622642 0.95108696 0.91707317 0.93564356 0.9223301  0.96256684
 0.90610329 0.91370558 0.87727273 0.90821256 0.94871795 0.9
 0.93658537 0.94       0.92893401 0.89952153 0.88207547 0.93939394
 0.92788462 0.92079208 0.92462312 0.94387755 0.93532338 0.90610329
 0.92893401 0.89952153 0.93103448 0.92079208 0.90140845 0.92346939
 0.93170732 0.92746114 0.89099526 0.92039801]
Mean precision: 0.9196061464709535
Dev: 0.01807759542265693


DT_RUS Cross-Validation Results precision:
 [0.94117647 0.93564356 0.94791667 0.92957746 0.94059406 0.93467337
 0.91866029 0.94527363 0.9178744  0.95024876 0.90277778 0.94059406
 0.95       0.935      0.96446701 0.9223301  0.93564356 0.9255814
 0.95336788 0.93532338 0.95522388 0.94059406 0.92929293 0.92857143
 0.95360825 0.94923858 0.93103448 0.90610329 0.95454545 0.93719807
 0.94146341 0.95588235 0.9138756  0.92788462 0.9342723  0.91747573
 0.94059406 0.91707317 0.91428571 0.93596059 0.90995261 0.94285714
 0.96059113 0.91542289 0.9138756  0.93969849 0.96446701 0.92270531
 0.94059406 0.92753623 0.92270531 0.9408867  0.93236715 0.92195122
 0.91584158 0.90952381 0.94974874 0.92788462 0.9223301  0.91219512
 0.91549296 0.95979899 0.92788462 0.89855072 0.93908629 0.93627451
 0.89622642 0.94       0.89497717 0.92647059 0.91037736 0.93367347
 0.94974874 0.91747573 0.94059406 0.93203883 0.95811518 0.93103448
 0.91826923 0.92523364 0.94117647 0.9255814  0.92822967 0.93658537
 0.92574257 0.92118227 0.96039604 0.93301435 0.94       0.93939394
 0.93333333 0.89756098 0.94230769 0.90521327 0.92488263 0.94923858
 0.93467337 0.97       0.90338164 0.95024876]
Mean precision: 0.9321750192575342
Dev: 0.016449580395829385


DT_NM Cross-Validation Results precision:
 [0.91826923 0.88940092 0.91219512 0.92574257 0.93467337 0.88942308
 0.90697674 0.94146341 0.90995261 0.93       0.90047393 0.93846154
 0.89622642 0.89473684 0.9138756  0.91262136 0.92270531 0.90909091
 0.90909091 0.90740741 0.93658537 0.92       0.92079208 0.9009434
 0.90776699 0.92682927 0.89855072 0.89201878 0.94581281 0.89952153
 0.91370558 0.93069307 0.91219512 0.91542289 0.92718447 0.90384615
 0.90610329 0.94146341 0.89767442 0.90654206 0.90045249 0.93596059
 0.91826923 0.91133005 0.91457286 0.93532338 0.94174757 0.8872549
 0.90731707 0.93564356 0.91219512 0.89302326 0.91826923 0.91747573
 0.9047619  0.92718447 0.9178744  0.875      0.91469194 0.92537313
 0.93719807 0.93       0.93170732 0.92929293 0.93170732 0.92118227
 0.90384615 0.93939394 0.8957346  0.92344498 0.89252336 0.9223301
 0.94       0.90640394 0.91219512 0.925      0.94059406 0.91666667
 0.91549296 0.89767442 0.92647059 0.90821256 0.9138756  0.90821256
 0.89423077 0.91826923 0.93069307 0.91666667 0.91747573 0.91866029
 0.93846154 0.92270531 0.92574257 0.9009434  0.905      0.88571429
 0.94174757 0.95073892 0.86363636 0.90654206]
Mean precision: 0.9156654684982369
Dev: 0.016480389669568527


RF_RUS Cross-Validation Results precision:
 [0.97536946 0.96482412 0.96       0.95652174 0.96482412 0.97
 0.96116505 0.98507463 0.97101449 0.96097561 0.95215311 0.97536946
 0.94285714 0.97959184 0.96097561 0.97029703 0.98974359 0.95734597
 0.96923077 0.96585366 0.985      0.98019802 0.95588235 0.97487437
 0.97487437 0.98514851 0.95121951 0.94736842 0.99       0.96568627
 0.98484848 0.98514851 0.96097561 0.96517413 0.96116505 0.97044335
 0.98989899 0.93809524 0.94660194 0.97014925 0.95192308 0.98484848
 0.96116505 0.96517413 0.98492462 0.96078431 0.9800995  0.96551724
 0.96116505 0.96568627 0.99014778 0.96116505 0.98469388 0.98
 0.95609756 0.9569378  0.975      0.96517413 0.96059113 0.95609756
 0.97524752 0.97487437 0.96517413 0.97014925 0.96534653 0.96059113
 0.94660194 0.98492462 0.96153846 0.99004975 0.97014925 0.98039216
 0.96517413 0.96568627 0.98019802 0.97087379 0.98969072 0.95609756
 0.94711538 0.96135266 0.98514851 0.9569378  0.95631068 0.97029703
 0.97969543 0.96059113 0.985      0.97584541 0.960199   0.96078431
 0.97073171 0.96482412 0.97512438 0.9468599  0.94811321 0.97524752
 0.97487437 0.97029703 0.95588235 0.97560976]
Mean precision: 0.9681273376770325
Dev: 0.01224818078910268


RF_NM Cross-Validation Results precision:
 [0.97014925 0.95588235 0.96534653 0.96078431 0.97029703 0.96039604
 0.94312796 0.975      0.96059113 0.96568627 0.95544554 0.97524752
 0.93719807 0.97487437 0.97087379 0.97087379 0.97536946 0.95566502
 0.96135266 0.96618357 0.97524752 0.97512438 0.94202899 0.97073171
 0.95631068 0.97044335 0.95609756 0.93396226 0.9798995  0.94607843
 0.99489796 0.97512438 0.95566502 0.94581281 0.96568627 0.96585366
 0.96618357 0.93779904 0.93809524 0.96446701 0.95192308 0.96551724
 0.95566502 0.95145631 0.98       0.96551724 0.96135266 0.94174757
 0.96135266 0.94607843 0.97512438 0.9569378  0.97560976 0.98492462
 0.94581281 0.96116505 0.96517413 0.96116505 0.95169082 0.95098039
 0.97115385 0.96568627 0.97       0.96517413 0.95145631 0.96059113
 0.93301435 0.97979798 0.94607843 0.98514851 0.95566502 0.9800995
 0.96059113 0.96969697 0.96585366 0.97014925 0.98507463 0.95169082
 0.95673077 0.95631068 0.97969543 0.95192308 0.95631068 0.95631068
 0.96135266 0.95631068 0.96517413 0.96969697 0.96568627 0.95215311
 0.97       0.96172249 0.97029703 0.95673077 0.94581281 0.97474747
 0.96585366 0.96534653 0.94202899 0.96551724]
Mean precision: 0.9620768314087219
Dev: 0.012263472715169622


XGB_RUS Cross-Validation Results precision:
 [0.96618357 0.96       0.97014925 0.97073171 0.97014925 0.96116505
 0.95652174 0.98029557 0.96585366 0.97073171 0.94835681 0.97536946
 0.93867925 0.98477157 0.97014925 0.97044335 0.9800995  0.95754717
 0.97461929 0.98994975 0.97572816 0.98989899 0.95145631 0.98019802
 0.95566502 0.96601942 0.96618357 0.93896714 0.985      0.97058824
 0.97536946 0.97560976 0.95631068 0.96585366 0.97087379 0.965
 0.97979798 0.95192308 0.94230769 0.97536946 0.95215311 0.98529412
 0.95238095 0.95566502 0.985      0.96135266 0.9800995  0.94736842
 0.98507463 0.96153846 0.97560976 0.95215311 0.985      0.97536946
 0.95609756 0.96618357 0.97058824 0.96153846 0.94230769 0.96585366
 0.96585366 0.97560976 0.97044335 0.96585366 0.96551724 0.97014925
 0.95652174 0.98507463 0.94811321 0.97560976 0.95215311 0.98029557
 0.97073171 0.98039216 0.97512438 0.9754902  0.98461538 0.95169082
 0.95631068 0.95238095 0.98514851 0.95260664 0.95215311 0.96097561
 0.96517413 0.96059113 0.97073171 0.98067633 0.96568627 0.96517413
 0.98076923 0.97044335 0.985      0.94736842 0.95714286 0.975
 0.98019802 0.96585366 0.94258373 0.97584541]
Mean precision: 0.9671356915160088
Dev: 0.012491058579806725


XGB_NM Cross-Validation Results precision:
 [0.95631068 0.94711538 0.95145631 0.97029703 0.97014925 0.95121951
 0.94811321 0.975      0.95145631 0.96097561 0.94660194 0.96517413
 0.9375     0.9744898  0.96116505 0.96153846 0.96634615 0.94202899
 0.97044335 0.98067633 0.97560976 0.975      0.94581281 0.96116505
 0.95652174 0.97536946 0.95215311 0.93301435 0.97979798 0.96097561
 0.97474747 0.9754902  0.95098039 0.95588235 0.97044335 0.95215311
 0.98019802 0.94736842 0.94711538 0.95121951 0.94736842 0.96534653
 0.95652174 0.96116505 0.9754902  0.96534653 0.97087379 0.93719807
 0.97029703 0.95098039 0.97014925 0.97087379 0.97044335 0.97524752
 0.93779904 0.96568627 0.96618357 0.95673077 0.95098039 0.96551724
 0.94811321 0.96097561 0.96969697 0.96568627 0.9468599  0.97029703
 0.92924528 0.97979798 0.94230769 0.9804878  0.93719807 0.97524752
 0.97487437 0.95566502 0.95673077 0.96568627 0.98989899 0.94258373
 0.96634615 0.9468599  0.97474747 0.95673077 0.96078431 0.97058824
 0.96078431 0.95652174 0.95631068 0.98469388 0.96568627 0.95238095
 0.97512438 0.97087379 0.97058824 0.94202899 0.94581281 0.97044335
 0.96601942 0.96116505 0.94174757 0.94711538]
Mean precision: 0.9607398069265565
Dev: 0.012920579958652803


XGB_RF_RUS Cross-Validation Results precision:
 [0.96923077 0.93333333 0.93908629 0.95073892 0.95897436 0.96891192
 0.95121951 0.97883598 0.9742268  0.94444444 0.93236715 0.97395833
 0.92753623 0.95454545 0.96825397 0.95897436 0.96858639 0.94146341
 0.95698925 0.95918367 0.97969543 0.94416244 0.95263158 0.95336788
 0.95833333 0.97435897 0.94974874 0.92417062 0.97368421 0.95073892
 0.97883598 0.97435897 0.95431472 0.95       0.95024876 0.95384615
 0.96923077 0.93103448 0.92682927 0.95384615 0.93203883 0.96410256
 0.94923858 0.93969849 0.96482412 0.97368421 0.96969697 0.95811518
 0.94554455 0.94472362 0.98421053 0.94897959 0.96907216 0.96954315
 0.92718447 0.94949495 0.96875    0.95979899 0.9408867  0.95876289
 0.96039604 0.96891192 0.93939394 0.96373057 0.955      0.95811518
 0.95024876 0.96373057 0.94117647 0.96482412 0.94974874 0.96875
 0.96842105 0.95408163 0.92857143 0.95454545 0.97326203 0.945
 0.92610837 0.93596059 0.96923077 0.95098039 0.94923858 0.94554455
 0.94923858 0.94845361 0.95544554 0.96059113 0.96335079 0.94897959
 0.95098039 0.95360825 0.96       0.94       0.94146341 0.97340426
 0.96195652 0.96410256 0.94       0.97461929]
Mean precision: 0.955038135746233
Dev: 0.013956193939105986


XGB_RF_NM Cross-Validation Results precision:
 [0.95811518 0.92610837 0.91709845 0.9375     0.93532338 0.93969849
 0.92647059 0.97849462 0.97252747 0.92039801 0.92385787 0.96256684
 0.90306122 0.94148936 0.95431472 0.95477387 0.96335079 0.92929293
 0.93939394 0.94387755 0.95336788 0.93846154 0.92424242 0.94210526
 0.94358974 0.95408163 0.92079208 0.91370558 0.96315789 0.92857143
 0.96825397 0.94416244 0.94179894 0.93333333 0.95336788 0.92708333
 0.93939394 0.92682927 0.92893401 0.94358974 0.91826923 0.95263158
 0.95789474 0.93       0.925      0.95767196 0.95238095 0.92964824
 0.95360825 0.90816327 0.96373057 0.92079208 0.95336788 0.96703297
 0.91919192 0.93367347 0.96216216 0.94059406 0.93596059 0.94680851
 0.94       0.93532338 0.93333333 0.95263158 0.9375     0.94736842
 0.92346939 0.95698925 0.91044776 0.95939086 0.94300518 0.94527363
 0.95833333 0.93650794 0.91666667 0.95744681 0.97905759 0.92893401
 0.93939394 0.92929293 0.95263158 0.94845361 0.94736842 0.94117647
 0.9408867  0.93846154 0.94791667 0.96315789 0.93467337 0.94444444
 0.95212766 0.92574257 0.95384615 0.94527363 0.90769231 0.96195652
 0.94845361 0.95263158 0.93434343 0.95854922]
Mean precision: 0.9417527178321664
Dev: 0.016015825490623914


