LR Cross-Validation Results precision:
 [0.93076923 0.9453125  0.95348837 0.9140625  0.92682927 0.92857143
 0.87412587 0.8951049  0.91472868 0.89051095 0.89230769 0.94488189
 0.9057971  0.90076336 0.9389313  0.91538462 0.88405797 0.94814815
 0.93233083 0.90510949 0.91911765 0.91666667 0.952      0.90441176
 0.90510949 0.87969925 0.89928058 0.89705882 0.92857143 0.92481203
 0.93129771 0.94488189 0.90298507 0.90298507 0.8962963  0.92424242
 0.9609375  0.92125984 0.875      0.8705036  0.93023256 0.92366412
 0.91791045 0.89552239 0.92063492 0.91666667 0.88275862 0.90151515
 0.96       0.90070922 0.93984962 0.87969925 0.88489209 0.93846154
 0.93939394 0.92366412 0.8976378  0.921875   0.95522388 0.89130435
 0.92248062 0.8962963  0.90225564 0.92537313 0.92537313 0.9270073
 0.90441176 0.91911765 0.92366412 0.9379845  0.97727273 0.9379845
 0.9057971  0.91851852 0.92424242 0.92125984 0.87681159 0.88976378
 0.8962963  0.89705882 0.89705882 0.96923077 0.9270073  0.928
 0.91666667 0.91044776 0.90909091 0.88235294 0.8943662  0.91666667
 0.93846154 0.91911765 0.90647482 0.93548387 0.93233083 0.90839695
 0.9609375  0.88405797 0.93283582 0.90076336]
Mean precision: 0.916186669429598
Dev: 0.02267213826273713


LR_SMOTE Cross-Validation Results precision:
 [0.95       0.92537313 0.97382199 0.92964824 0.93434343 0.91584158
 0.91133005 0.921875   0.90452261 0.94764398 0.94680851 0.91747573
 0.93434343 0.93170732 0.95       0.93264249 0.91414141 0.91044776
 0.95876289 0.93846154 0.93478261 0.89552239 0.93401015 0.91625616
 0.90243902 0.93532338 0.93846154 0.96875    0.94444444 0.945
 0.93170732 0.94029851 0.94117647 0.95336788 0.9375     0.92039801
 0.92307692 0.90686275 0.94923858 0.92820513 0.92574257 0.91542289
 0.92857143 0.94387755 0.95212766 0.93908629 0.95384615 0.93367347
 0.91584158 0.91326531 0.92462312 0.92537313 0.94358974 0.90816327
 0.93034826 0.91584158 0.945      0.94117647 0.94818653 0.92929293
 0.93564356 0.93298969 0.953125   0.90338164 0.91044776 0.93617021
 0.94527363 0.94270833 0.93333333 0.93877551 0.93137255 0.94
 0.94       0.92553191 0.92385787 0.93467337 0.90776699 0.94818653
 0.9197861  0.95918367 0.90821256 0.92079208 0.94       0.91959799
 0.91709845 0.93877551 0.92929293 0.93434343 0.94949495 0.94791667
 0.93401015 0.91878173 0.95979899 0.93939394 0.96354167 0.925
 0.90049751 0.92592593 0.91044776 0.935     ]
Mean precision: 0.9320919220386351
Dev: 0.0158723961661709


LR_BrdSMOTE Cross-Validation Results precision:
 [0.94       0.91707317 0.96335079 0.92424242 0.91707317 0.91457286
 0.90384615 0.91326531 0.88717949 0.92820513 0.92783505 0.9178744
 0.92857143 0.91747573 0.94       0.92708333 0.905      0.90909091
 0.94472362 0.94240838 0.93298969 0.8872549  0.92857143 0.88571429
 0.89552239 0.92079208 0.935      0.96335079 0.94387755 0.93367347
 0.93069307 0.93034826 0.93717277 0.93069307 0.92708333 0.91707317
 0.91414141 0.89805825 0.94358974 0.90909091 0.92118227 0.91133005
 0.91542289 0.91707317 0.94240838 0.93877551 0.93532338 0.92346939
 0.91625616 0.90673575 0.92385787 0.91747573 0.92893401 0.90816327
 0.91666667 0.90640394 0.93069307 0.93085106 0.94387755 0.92346939
 0.92424242 0.92462312 0.94329897 0.89371981 0.91666667 0.92105263
 0.93719807 0.92670157 0.92385787 0.91176471 0.91428571 0.92647059
 0.93367347 0.91666667 0.91414141 0.92537313 0.89320388 0.94329897
 0.92307692 0.93229167 0.89855072 0.91133005 0.94416244 0.91133005
 0.921875   0.94329897 0.91919192 0.93       0.94029851 0.94148936
 0.92195122 0.89371981 0.94897959 0.93264249 0.95744681 0.91262136
 0.9009901  0.92227979 0.90954774 0.92574257]
Mean precision: 0.9232498814791805
Dev: 0.015847059329521594


LR_GAN Cross-Validation Results precision:
 [0.95049505 0.93034826 0.98387097 0.94871795 0.94387755 0.92893401
 0.91959799 0.94505495 0.91       0.95384615 0.95212766 0.93034826
 0.935      0.94527363 0.95384615 0.94736842 0.91414141 0.93782383
 0.96464646 0.95212766 0.94179894 0.90954774 0.94949495 0.93877551
 0.915      0.94949495 0.95876289 0.96391753 0.95238095 0.93908629
 0.93564356 0.95566502 0.9516129  0.94923858 0.94764398 0.93939394
 0.93298969 0.92385787 0.96354167 0.94210526 0.93532338 0.92039801
 0.93401015 0.95408163 0.97282609 0.94387755 0.95959596 0.93846154
 0.93434343 0.93048128 0.94818653 0.94416244 0.95876289 0.921875
 0.935      0.93467337 0.95522388 0.95108696 0.95238095 0.93877551
 0.95876289 0.95212766 0.96296296 0.92118227 0.91959799 0.93717277
 0.955      0.95238095 0.94791667 0.93467337 0.935      0.94472362
 0.94974874 0.94148936 0.94270833 0.94527363 0.91414141 0.953125
 0.93193717 0.95384615 0.92385787 0.93137255 0.94472362 0.92857143
 0.92708333 0.95238095 0.94358974 0.94845361 0.95408163 0.97849462
 0.94416244 0.95408163 0.95939086 0.94764398 0.96858639 0.93969849
 0.91836735 0.94652406 0.92574257 0.94387755]
Mean precision: 0.9430538078933784
Dev: 0.014500512696084848


DT Cross-Validation Results precision:
 [0.8962963  0.94444444 0.944      0.94915254 0.8968254  0.92424242
 0.85616438 0.89051095 0.88461538 0.87412587 0.88235294 0.94308943
 0.91603053 0.91869919 0.90225564 0.93162393 0.91240876 0.91304348
 0.92125984 0.92561983 0.90769231 0.92       0.95       0.91472868
 0.88235294 0.89051095 0.9037037  0.89552239 0.93442623 0.92248062
 0.91666667 0.86111111 0.92       0.968      0.8962963  0.91803279
 0.94017094 0.9453125  0.94262295 0.87313433 0.89922481 0.86131387
 0.86764706 0.94444444 0.89516129 0.92063492 0.86567164 0.92241379
 0.91603053 0.89312977 0.9037037  0.904      0.85294118 0.88405797
 0.96610169 0.94782609 0.91803279 0.95934959 0.91803279 0.92307692
 0.94262295 0.90441176 0.89312977 0.88321168 0.92125984 0.91428571
 0.88321168 0.91666667 0.92436975 0.88721805 0.89361702 0.94117647
 0.92481203 0.89855072 0.928      0.896      0.89312977 0.82962963
 0.91338583 0.90225564 0.859375   0.968      0.89208633 0.9296875
 0.92424242 0.88652482 0.9047619  0.86524823 0.92741935 0.95614035
 0.90076336 0.90769231 0.8984375  0.95901639 0.95833333 0.89705882
 0.89705882 0.87323944 0.86861314 0.94017094]
Mean precision: 0.9099713647332023
Dev: 0.028368584307810717


DT_SMOTE Cross-Validation Results precision:
 [0.92682927 0.93367347 0.94210526 0.92820513 0.89371981 0.93782383
 0.91370558 0.91578947 0.94652406 0.9040404  0.89005236 0.94416244
 0.94708995 0.92424242 0.91176471 0.93121693 0.93034826 0.92462312
 0.93333333 0.93085106 0.91145833 0.90526316 0.90640394 0.90640394
 0.93298969 0.91666667 0.90338164 0.905      0.93333333 0.92893401
 0.91262136 0.93467337 0.93085106 0.95360825 0.91044776 0.925
 0.90909091 0.90954774 0.95263158 0.92857143 0.93650794 0.94897959
 0.93939394 0.90821256 0.94179894 0.92462312 0.90862944 0.91878173
 0.93137255 0.94148936 0.94210526 0.94059406 0.95767196 0.95212766
 0.91       0.93908629 0.93434343 0.96132597 0.93989071 0.91542289
 0.94708995 0.95263158 0.93814433 0.87559809 0.91794872 0.93229167
 0.94146341 0.92424242 0.93367347 0.94117647 0.93298969 0.92964824
 0.91752577 0.90306122 0.91326531 0.96825397 0.8817734  0.93467337
 0.90769231 0.94871795 0.94736842 0.93877551 0.91794872 0.93877551
 0.92513369 0.905      0.94300518 0.92105263 0.90640394 0.94358974
 0.91282051 0.95336788 0.935      0.89903846 0.94736842 0.90452261
 0.92307692 0.93548387 0.89150943 0.95767196]
Mean precision: 0.9270811118164107
Dev: 0.018298012558931816


DT_BrdSMOTE Cross-Validation Results precision:
 [0.90776699 0.91370558 0.93229167 0.93010753 0.925      0.92631579
 0.89371981 0.90575916 0.92432432 0.87980769 0.89949749 0.91919192
 0.92929293 0.94764398 0.91237113 0.921875   0.92929293 0.8817734
 0.92146597 0.89285714 0.90452261 0.91237113 0.89162562 0.87254902
 0.92307692 0.92307692 0.90384615 0.94387755 0.93684211 0.89
 0.90686275 0.92       0.92268041 0.92307692 0.935      0.93333333
 0.90625    0.89108911 0.90452261 0.9        0.92307692 0.8708134
 0.94210526 0.89949749 0.94117647 0.91707317 0.90862944 0.91414141
 0.90731707 0.9119171  0.90306122 0.93846154 0.92670157 0.92346939
 0.92307692 0.93264249 0.92462312 0.95555556 0.89949749 0.88717949
 0.94086022 0.93298969 0.93157895 0.85643564 0.90640394 0.8817734
 0.94416244 0.915      0.90954774 0.94358974 0.90452261 0.92964824
 0.91044776 0.90104167 0.91326531 0.89162562 0.89215686 0.92021277
 0.9035533  0.96111111 0.9015544  0.90452261 0.93908629 0.91414141
 0.94054054 0.92156863 0.94148936 0.90909091 0.89805825 0.90673575
 0.89       0.90909091 0.93596059 0.89705882 0.953125   0.90104167
 0.93157895 0.93048128 0.91176471 0.94148936]
Mean precision: 0.9155698657871635
Dev: 0.01972267689262281


DT_GAN Cross-Validation Results precision:
 [0.91262136 0.95698925 0.95767196 0.89795918 0.91326531 0.90862944
 0.94300518 0.95505618 0.92462312 0.93264249 0.88059701 0.93650794
 0.94764398 0.93650794 0.93782383 0.93548387 0.94179894 0.94
 0.88292683 0.90816327 0.92670157 0.88082902 0.93814433 0.95652174
 0.94594595 0.92574257 0.89805825 0.95698925 0.93650794 0.93229167
 0.935      0.94923858 0.93193717 0.94329897 0.92670157 0.92307692
 0.91919192 0.94148936 0.92553191 0.96153846 0.93157895 0.92079208
 0.92708333 0.92820513 0.93333333 0.90243902 0.94179894 0.90862944
 0.94329897 0.94535519 0.91666667 0.91133005 0.96685083 0.93782383
 0.91836735 0.91794872 0.94764398 0.96648045 0.92746114 0.93617021
 0.95212766 0.91919192 0.95604396 0.87804878 0.91237113 0.94148936
 0.93627451 0.9035533  0.89655172 0.92670157 0.915      0.90384615
 0.9375     0.90816327 0.92820513 0.94680851 0.92746114 0.96174863
 0.93513514 0.97860963 0.96610169 0.92929293 0.89805825 0.90625
 0.91237113 0.92146597 0.91584158 0.94179894 0.92964824 0.92857143
 0.91457286 0.94210526 0.94270833 0.94300518 0.94270833 0.9197861
 0.94117647 0.9025641  0.92385787 0.95108696]
Mean precision: 0.9297171498200322
Dev: 0.020144853107083475


RF Cross-Validation Results precision:
 [0.94074074 0.953125   0.94736842 0.94488189 0.93650794 0.99212598
 0.90909091 0.9270073  0.94656489 0.95419847 0.94308943 0.96825397
 0.91366906 0.92481203 0.94814815 0.95867769 0.92957746 0.93430657
 0.96212121 0.94029851 0.94736842 0.95454545 0.99173554 0.94814815
 0.90510949 0.92537313 0.95488722 0.94656489 0.94444444 0.96062992
 0.96268657 0.97692308 0.93700787 0.93939394 0.93382353 0.94488189
 0.968      0.94615385 0.93939394 0.90647482 0.95348837 0.92592593
 0.94029851 0.95555556 0.92647059 0.95522388 0.93382353 0.968
 0.95348837 0.93846154 0.95419847 0.92307692 0.89285714 0.95454545
 0.98373984 0.95238095 0.944      0.96212121 0.95454545 0.93181818
 0.96747967 0.93283582 0.93939394 0.94776119 0.92366412 0.96268657
 0.94160584 0.94202899 0.96875    0.9516129  0.99253731 0.94029851
 0.93382353 0.94029851 0.968      0.96124031 0.95275591 0.89552239
 0.91603053 0.94160584 0.94736842 0.97709924 0.95488722 0.94656489
 0.92592593 0.95488722 0.94814815 0.92537313 0.95419847 0.95798319
 0.96062992 0.95348837 0.92537313 0.95275591 0.94615385 0.91791045
 0.96212121 0.93478261 0.96923077 0.94488189]
Mean precision: 0.9459182750194496
Dev: 0.01888891937237199


RF_SMOTE Cross-Validation Results precision:
 [0.96969697 0.95408163 0.97927461 0.9742268  0.94949495 0.95918367
 0.93       0.96296296 0.93908629 0.95454545 0.95767196 0.94117647
 0.95431472 0.96954315 0.94607843 0.95384615 0.94444444 0.960199
 0.96891192 0.94818653 0.96825397 0.94416244 0.94923858 0.94146341
 0.95854922 0.96078431 0.95979899 0.96938776 0.95811518 0.96446701
 0.95073892 0.96969697 0.96256684 0.96907216 0.96891192 0.945
 0.95959596 0.93467337 0.95897436 0.95959596 0.93939394 0.95979899
 0.96       0.95522388 0.96842105 0.96954315 0.96354167 0.94472362
 0.95       0.95876289 0.94974874 0.94581281 0.97916667 0.97395833
 0.9408867  0.94472362 0.9742268  0.98941799 0.95959596 0.93969849
 0.97435897 0.97883598 0.97948718 0.93627451 0.93467337 0.96315789
 0.96969697 0.95       0.94029851 0.96808511 0.94329897 0.9375
 0.96373057 0.95408163 0.96446701 0.96969697 0.93103448 0.96391753
 0.97382199 0.97409326 0.94845361 0.97938144 0.94949495 0.95897436
 0.93367347 0.96428571 0.96       0.96373057 0.96391753 0.95979899
 0.95918367 0.95454545 0.98453608 0.94554455 0.96891192 0.94554455
 0.95522388 0.95811518 0.93103448 0.96774194]
Mean precision: 0.9575922201051941
Dev: 0.013118635612430487


RF_BrdSMOTE Cross-Validation Results precision:
 [0.965      0.95073892 0.97927461 0.96891192 0.95477387 0.95408163
 0.93532338 0.95287958 0.93717277 0.94527363 0.94845361 0.95049505
 0.95833333 0.96       0.94174757 0.95336788 0.94       0.95049505
 0.95408163 0.94791667 0.93877551 0.93877551 0.9408867  0.95049505
 0.95811518 0.95939086 0.95939086 0.97959184 0.96354167 0.94845361
 0.9408867  0.97979798 0.95287958 0.96923077 0.95959596 0.95049505
 0.95897436 0.93939394 0.96825397 0.94444444 0.94444444 0.95454545
 0.95098039 0.96       0.96296296 0.96954315 0.95918367 0.94897959
 0.95024876 0.94791667 0.93908629 0.955      0.97340426 0.95918367
 0.93103448 0.94416244 0.97409326 0.98947368 0.95       0.945
 0.96335079 0.97938144 0.96391753 0.92574257 0.94       0.94764398
 0.96984925 0.93627451 0.95431472 0.96391753 0.93434343 0.94146341
 0.96907216 0.95744681 0.955      0.96517413 0.935      0.95854922
 0.95360825 0.96410256 0.94818653 0.9742268  0.95477387 0.94444444
 0.92964824 0.95454545 0.95979899 0.95       0.96410256 0.95918367
 0.95918367 0.9408867  0.97969543 0.94444444 0.96354167 0.94059406
 0.96410256 0.95238095 0.9368932  0.97311828]
Mean precision: 0.9543083767268739
Dev: 0.012695336721260348


RF_GAN Cross-Validation Results precision:
 [0.96954315 0.95897436 0.98969072 0.96938776 0.95939086 0.95897436
 0.94358974 0.9673913  0.95384615 0.95918367 0.97340426 0.95
 0.97395833 0.96482412 0.95522388 0.96296296 0.94416244 0.96464646
 0.97368421 0.96216216 0.96774194 0.93846154 0.95454545 0.95939086
 0.96354167 0.97487437 0.95918367 0.96907216 0.96825397 0.96391753
 0.96923077 0.97014925 0.96296296 0.96391753 0.96446701 0.96391753
 0.97382199 0.94791667 0.96373057 0.96335079 0.94416244 0.960199
 0.97435897 0.96464646 0.97802198 0.97340426 0.96391753 0.95431472
 0.96482412 0.97326203 0.95833333 0.95979899 0.98404255 0.98421053
 0.94949495 0.945      0.9744898  0.98941799 0.95918367 0.93434343
 0.96907216 0.98412698 0.97927461 0.94554455 0.93939394 0.96296296
 0.97969543 0.95       0.95360825 0.96373057 0.95876289 0.955
 0.98429319 0.95876289 0.95918367 0.97959184 0.92964824 0.96354167
 0.96875    0.97927461 0.94791667 0.97938144 0.95939086 0.96315789
 0.93782383 0.96891192 0.97409326 0.96875    0.97395833 0.96923077
 0.97883598 0.95477387 0.98469388 0.95431472 0.97354497 0.96391753
 0.95       0.96236559 0.94527363 0.97814208]
Mean precision: 0.9635957158072418
Dev: 0.012367577079911388


XGB Cross-Validation Results precision:
 [0.94074074 0.92805755 0.96240602 0.95348837 0.96747967 0.98473282
 0.90972222 0.92142857 0.90780142 0.94814815 0.92248062 0.96240602
 0.92307692 0.95522388 0.94244604 0.93984962 0.92142857 0.92857143
 0.95454545 0.92142857 0.94814815 0.93478261 0.93984962 0.92753623
 0.90972222 0.96183206 0.95588235 0.95555556 0.94117647 0.96969697
 0.95620438 0.96992481 0.95419847 0.94814815 0.92805755 0.93333333
 0.99206349 0.92307692 0.91970803 0.91428571 0.94160584 0.94160584
 0.94244604 0.96240602 0.92592593 0.95522388 0.90780142 0.953125
 0.94927536 0.9057971  0.94776119 0.93430657 0.91489362 0.92957746
 0.96946565 0.92307692 0.94573643 0.95652174 0.94964029 0.94117647
 0.93333333 0.9        0.94656489 0.95522388 0.94029851 0.94285714
 0.92957746 0.94285714 0.92753623 0.9453125  0.97841727 0.97014925
 0.92753623 0.92805755 0.96923077 0.9765625  0.92537313 0.88405797
 0.91240876 0.94814815 0.9270073  0.97777778 0.93430657 0.96992481
 0.91791045 0.94814815 0.94964029 0.92857143 0.94202899 0.92741935
 0.93984962 0.94202899 0.90780142 0.93382353 0.96923077 0.92142857
 0.95555556 0.90909091 0.95620438 0.94573643]
Mean precision: 0.9406300251592618
Dev: 0.020317308765703628


XGB_SMOTE Cross-Validation Results precision:
 [0.96517413 0.94607843 0.97927461 0.96923077 0.96938776 0.96446701
 0.95024876 0.93434343 0.93939394 0.955      0.95408163 0.94660194
 0.95384615 0.95121951 0.95544554 0.94897959 0.94029851 0.95522388
 0.96446701 0.945      0.94444444 0.92079208 0.94059406 0.97461929
 0.95       0.96       0.95544554 0.96907216 0.95854922 0.955
 0.95544554 0.96534653 0.95336788 0.95522388 0.94949495 0.95454545
 0.95       0.94974874 0.94923858 0.9408867  0.93103448 0.97
 0.95073892 0.95098039 0.95811518 0.95876289 0.96410256 0.95454545
 0.93137255 0.94358974 0.95979899 0.95169082 0.98429319 0.95544554
 0.93103448 0.94923858 0.9744898  0.98947368 0.95098039 0.96373057
 0.97435897 0.97461929 0.97474747 0.94117647 0.93137255 0.93969849
 0.97979798 0.95       0.94949495 0.95918367 0.96       0.95073892
 0.96875    0.96446701 0.95049505 0.97461929 0.93103448 0.945
 0.95811518 0.94949495 0.95854922 0.95939086 0.95049505 0.95939086
 0.94527363 0.95477387 0.95544554 0.95431472 0.95939086 0.94607843
 0.94387755 0.935      0.97029703 0.94554455 0.96923077 0.94029851
 0.95024876 0.95431472 0.95609756 0.96354167]
Mean precision: 0.9546171480256954
Dev: 0.012537799086311216


XGB_BrdSMOTE Cross-Validation Results precision:
 [0.96517413 0.95588235 0.98469388 0.96517413 0.965      0.94974874
 0.93596059 0.94897959 0.94871795 0.94472362 0.93939394 0.95098039
 0.97354497 0.96039604 0.95121951 0.94923858 0.95073892 0.95049505
 0.95566502 0.95959596 0.94416244 0.92195122 0.93658537 0.95522388
 0.95408163 0.96039604 0.95609756 0.97487437 0.96938776 0.95939086
 0.95073892 0.96534653 0.94387755 0.95477387 0.96969697 0.9375
 0.95       0.93564356 0.95854922 0.945      0.9408867  0.96482412
 0.95522388 0.95049505 0.96923077 0.96969697 0.95522388 0.95939086
 0.95384615 0.95477387 0.94974874 0.95024876 0.98421053 0.93627451
 0.91428571 0.95979899 0.96464646 0.98445596 0.94660194 0.945
 0.96923077 0.96984925 0.96954315 0.93467337 0.93658537 0.94444444
 0.95544554 0.93170732 0.95939086 0.9408867  0.95979899 0.94581281
 0.96464646 0.95       0.960199   0.96517413 0.945      0.95959596
 0.93969849 0.97883598 0.95408163 0.955      0.95588235 0.9408867
 0.9368932  0.96464646 0.96534653 0.97409326 0.945      0.96428571
 0.95522388 0.94059406 0.97       0.95       0.97916667 0.94974874
 0.95049505 0.95408163 0.92417062 0.96391753]
Mean precision: 0.9543149762603048
Dev: 0.013303734459659381


XGB_GAN Cross-Validation Results precision:
 [0.97014925 0.94059406 0.98484848 0.96482412 0.95918367 0.94949495
 0.94416244 0.96842105 0.94029851 0.95918367 0.94444444 0.95073892
 0.96428571 0.96534653 0.96969697 0.96410256 0.95918367 0.95477387
 0.97435897 0.95073892 0.96296296 0.93103448 0.94146341 0.95588235
 0.95454545 0.97487437 0.95979899 0.97916667 0.96875    0.9744898
 0.960199   0.97029703 0.96825397 0.96875    0.96       0.95073892
 0.95854922 0.94791667 0.95876289 0.96446701 0.94059406 0.965
 0.965      0.94527363 0.97368421 0.95477387 0.96954315 0.95431472
 0.93170732 0.95876289 0.95454545 0.95609756 0.96907216 0.96428571
 0.92195122 0.955      0.96482412 0.9744898  0.955      0.95477387
 0.97927461 0.9744898  0.97474747 0.93596059 0.94       0.95477387
 0.96984925 0.95431472 0.95939086 0.94974874 0.96482412 0.95959596
 0.96907216 0.96428571 0.96984925 0.9744898  0.91666667 0.94923858
 0.95854922 0.97894737 0.94444444 0.9744898  0.94527363 0.95897436
 0.93069307 0.9744898  0.96464646 0.95959596 0.95959596 0.95918367
 0.96410256 0.94974874 0.97014925 0.945      0.98469388 0.93467337
 0.94527363 0.96354167 0.96039604 0.95789474]
Mean precision: 0.9586335751807219
Dev: 0.013186553770134392


XGB_RF Cross-Validation Results precision:
 [0.93430657 0.94615385 0.93984962 0.96062992 0.92913386 0.9765625
 0.87837838 0.91176471 0.90225564 0.92537313 0.92241379 0.9609375
 0.8951049  0.90977444 0.91240876 0.91338583 0.91366906 0.92086331
 0.96212121 0.91044776 0.93939394 0.953125   0.94444444 0.90714286
 0.89855072 0.91176471 0.92592593 0.91044776 0.921875   0.96031746
 0.93984962 0.95419847 0.9037037  0.95348837 0.90647482 0.92307692
 0.94488189 0.92424242 0.93233083 0.9037037  0.95275591 0.91911765
 0.91489362 0.96240602 0.91472868 0.93233083 0.90070922 0.96721311
 0.93076923 0.93023256 0.93283582 0.91603053 0.8880597  0.93283582
 0.96774194 0.93650794 0.9379845  0.94852941 0.94573643 0.91851852
 0.928      0.92028986 0.93984962 0.93233083 0.92857143 0.93430657
 0.93283582 0.93283582 0.92086331 0.93076923 0.97058824 0.90510949
 0.93984962 0.96031746 0.95934959 0.97580645 0.91851852 0.85611511
 0.91472868 0.91176471 0.9296875  0.94890511 0.92537313 0.94615385
 0.90441176 0.91240876 0.92028986 0.91428571 0.9389313  0.94782609
 0.96124031 0.95454545 0.91111111 0.9453125  0.96031746 0.91111111
 0.91970803 0.91366906 0.91111111 0.921875  ]
Mean precision: 0.9294548531637838
Dev: 0.021839583174588922


XGB_RF_SMOTE Cross-Validation Results precision:
 [0.94146341 0.93939394 0.96875    0.96391753 0.94949495 0.95238095
 0.915      0.92820513 0.93939394 0.935      0.94736842 0.92682927
 0.95897436 0.96923077 0.92380952 0.93782383 0.94387755 0.945
 0.93939394 0.94974874 0.95263158 0.91370558 0.92964824 0.93969849
 0.93939394 0.94527363 0.9742268  0.955      0.94764398 0.93908629
 0.95121951 0.96938776 0.93717277 0.95789474 0.94871795 0.92647059
 0.95854922 0.94358974 0.95408163 0.93434343 0.92820513 0.95
 0.95049505 0.96875    0.96296296 0.94923858 0.953125   0.93401015
 0.9368932  0.95876289 0.94897959 0.95522388 0.98941799 0.94949495
 0.92610837 0.94871795 0.94416244 0.97368421 0.94387755 0.91707317
 0.95876289 0.96276596 0.95939086 0.92647059 0.93908629 0.92537313
 0.95609756 0.93       0.92       0.953125   0.93908629 0.93103448
 0.92964824 0.91089109 0.94444444 0.95939086 0.90686275 0.94029851
 0.94300518 0.96373057 0.95744681 0.94634146 0.94444444 0.93969849
 0.91794872 0.95384615 0.95918367 0.93467337 0.94444444 0.94029851
 0.94791667 0.95431472 0.97       0.93137255 0.96354167 0.92820513
 0.93908629 0.94444444 0.93969849 0.96276596]
Mean precision: 0.9450111191556719
Dev: 0.015214646200732514


XGB_RF_BrdSMOTE Cross-Validation Results precision:
 [0.96       0.94949495 0.95833333 0.95336788 0.93103448 0.94270833
 0.91584158 0.94652406 0.9375     0.93846154 0.92307692 0.9408867
 0.95360825 0.94       0.93627451 0.92708333 0.94974874 0.95
 0.94923858 0.94791667 0.93782383 0.91794872 0.91666667 0.94029851
 0.96842105 0.95       0.955      0.95408163 0.95263158 0.92820513
 0.945      0.96446701 0.95263158 0.95360825 0.94       0.94174757
 0.96703297 0.92820513 0.94387755 0.92537313 0.94270833 0.92462312
 0.95454545 0.95336788 0.95287958 0.94949495 0.93532338 0.93367347
 0.94416244 0.94791667 0.94387755 0.93939394 0.96875    0.94
 0.91219512 0.93       0.94527363 0.98378378 0.92964824 0.905
 0.96256684 0.94416244 0.95263158 0.89805825 0.92       0.94054054
 0.95522388 0.93467337 0.94029851 0.96391753 0.93908629 0.94387755
 0.925      0.92307692 0.93467337 0.94607843 0.91176471 0.93969849
 0.94240838 0.95767196 0.94240838 0.93939394 0.94949495 0.93401015
 0.92783505 0.93939394 0.95336788 0.90865385 0.94416244 0.93939394
 0.94472362 0.925      0.95454545 0.94923858 0.95854922 0.91919192
 0.92929293 0.94148936 0.94527363 0.95767196]
Mean precision: 0.9414923791614862
Dev: 0.014793288284264388


XGB_RF_GAN Cross-Validation Results precision:
 [0.95544554 0.93939394 0.9744898  0.95811518 0.94949495 0.95360825
 0.93401015 0.94117647 0.94416244 0.95408163 0.94791667 0.93467337
 0.96891192 0.95939086 0.95       0.95336788 0.953125   0.95897436
 0.93939394 0.95287958 0.94210526 0.90686275 0.93170732 0.95959596
 0.95384615 0.95979899 0.95854922 0.95833333 0.96296296 0.94270833
 0.95024876 0.96984925 0.95187166 0.96373057 0.94974874 0.94527363
 0.96335079 0.94736842 0.93333333 0.95897436 0.93264249 0.95522388
 0.95544554 0.95876289 0.9726776  0.96335079 0.94871795 0.93434343
 0.95979899 0.953125   0.96391753 0.95522388 0.98918919 0.95918367
 0.93939394 0.93467337 0.94974874 0.97354497 0.93034826 0.92424242
 0.96842105 0.98412698 0.96428571 0.93532338 0.93034826 0.94845361
 0.95566502 0.94897959 0.93846154 0.95854922 0.94923858 0.945
 0.95336788 0.92929293 0.94358974 0.96410256 0.93846154 0.94845361
 0.94708995 0.95897436 0.94764398 0.96428571 0.92647059 0.94791667
 0.93264249 0.96373057 0.95477387 0.95454545 0.94444444 0.95454545
 0.95263158 0.94472362 0.97409326 0.95431472 0.95360825 0.94416244
 0.95876289 0.92820513 0.94       0.96256684]
Mean precision: 0.951006397214823
Dev: 0.013260957564997112


