LR Cross-Validation Results recall:
 [0.89552239 0.91791045 0.85714286 0.89473684 0.85714286 0.87218045
 0.89473684 0.92481203 0.93233083 0.87218045 0.91791045 0.86567164
 0.93233083 0.87218045 0.89473684 0.90977444 0.90977444 0.84210526
 0.87218045 0.91729323 0.89552239 0.88059701 0.89473684 0.86466165
 0.86466165 0.93233083 0.89473684 0.85714286 0.90977444 0.91729323
 0.91044776 0.87313433 0.84210526 0.84962406 0.85714286 0.91729323
 0.91729323 0.92481203 0.93984962 0.86466165 0.91791045 0.8880597
 0.90977444 0.87969925 0.88721805 0.90977444 0.92481203 0.87218045
 0.87969925 0.87218045 0.8358209  0.94029851 0.90225564 0.93233083
 0.84962406 0.87218045 0.92481203 0.88721805 0.90225564 0.87218045
 0.89552239 0.90298507 0.90977444 0.88721805 0.92481203 0.87218045
 0.86466165 0.87218045 0.90225564 0.92481203 0.92537313 0.89552239
 0.87218045 0.87218045 0.88721805 0.92481203 0.90225564 0.90225564
 0.90977444 0.86466165 0.8880597  0.90298507 0.83458647 0.84210526
 0.93984962 0.90225564 0.91729323 0.88721805 0.87218045 0.91729323
 0.89552239 0.89552239 0.91729323 0.86466165 0.84962406 0.90977444
 0.92481203 0.87969925 0.84210526 0.91729323]
Mean recall: 0.8923353159016945
Dev: 0.026859785730613803


LR_SMOTE Cross-Validation Results recall:
 [0.94117647 0.95098039 0.91666667 0.91666667 0.92647059 0.91666667
 0.89655172 0.94581281 0.9408867  0.92118227 0.91666667 0.93137255
 0.93137255 0.93627451 0.93627451 0.94607843 0.89655172 0.91133005
 0.92118227 0.91625616 0.90196078 0.93627451 0.92156863 0.94117647
 0.93137255 0.93627451 0.92610837 0.95073892 0.92610837 0.94581281
 0.93627451 0.94607843 0.93137255 0.92647059 0.91666667 0.92156863
 0.96551724 0.92118227 0.90640394 0.90147783 0.8872549  0.89215686
 0.95098039 0.93627451 0.93627451 0.91176471 0.91133005 0.90640394
 0.94581281 0.95073892 0.95098039 0.91666667 0.89215686 0.91176471
 0.90196078 0.90686275 0.93103448 0.96059113 0.93103448 0.9408867
 0.89705882 0.93137255 0.91176471 0.93627451 0.91666667 0.93627451
 0.96551724 0.94581281 0.91625616 0.95073892 0.90686275 0.91666667
 0.92156863 0.95588235 0.94117647 0.94117647 0.91133005 0.93103448
 0.90640394 0.92118227 0.92647059 0.98039216 0.90196078 0.90196078
 0.91666667 0.92647059 0.92610837 0.92610837 0.93103448 0.96059113
 0.91176471 0.91666667 0.92156863 0.93137255 0.93627451 0.94607843
 0.93596059 0.91133005 0.95073892 0.91625616]
Mean recall: 0.9271655558775237
Dev: 0.018244600920683675


LR_BrdSMOTE Cross-Validation Results recall:
 [0.93627451 0.94117647 0.88235294 0.90196078 0.93627451 0.90686275
 0.86699507 0.9408867  0.91625616 0.95566502 0.92156863 0.93627451
 0.93137255 0.95588235 0.95098039 0.93627451 0.89162562 0.90147783
 0.91133005 0.90147783 0.88235294 0.93627451 0.94117647 0.94607843
 0.94607843 0.92647059 0.88669951 0.94581281 0.91133005 0.92610837
 0.92156863 0.95098039 0.92156863 0.93627451 0.92647059 0.91176471
 0.93596059 0.91625616 0.89162562 0.90640394 0.90686275 0.92647059
 0.95098039 0.93137255 0.89705882 0.92156863 0.91625616 0.90147783
 0.92610837 0.94581281 0.95098039 0.91666667 0.90686275 0.91666667
 0.91176471 0.90686275 0.93596059 0.92118227 0.92118227 0.93103448
 0.8872549  0.93137255 0.91176471 0.92647059 0.92647059 0.92156863
 0.96059113 0.93596059 0.88669951 0.92610837 0.8872549  0.90686275
 0.90196078 0.94607843 0.95098039 0.92156863 0.91625616 0.9408867
 0.91625616 0.92118227 0.91666667 0.94117647 0.92156863 0.89215686
 0.96568627 0.92156863 0.93103448 0.90147783 0.93103448 0.93596059
 0.91176471 0.93627451 0.95098039 0.91176471 0.92156863 0.91176471
 0.92118227 0.89162562 0.93596059 0.92610837]
Mean recall: 0.9223423162368397
Dev: 0.019702126888893227


LR_GAN Cross-Validation Results recall:
 [0.94117647 0.93137255 0.88235294 0.90686275 0.92647059 0.93137255
 0.90640394 0.94581281 0.91133005 0.94581281 0.90686275 0.90196078
 0.94117647 0.94607843 0.94607843 0.95098039 0.89162562 0.8817734
 0.92118227 0.89162562 0.88235294 0.93137255 0.91666667 0.93137255
 0.96568627 0.92156863 0.90147783 0.9408867  0.93103448 0.90640394
 0.93627451 0.94117647 0.92647059 0.93137255 0.93137255 0.8872549
 0.93103448 0.93596059 0.91625616 0.90640394 0.89705882 0.90686275
 0.96078431 0.93137255 0.95588235 0.94117647 0.93596059 0.89655172
 0.92118227 0.96059113 0.96568627 0.90196078 0.91176471 0.91666667
 0.89215686 0.92647059 0.91625616 0.95073892 0.91625616 0.95566502
 0.88235294 0.92647059 0.92156863 0.93627451 0.91176471 0.93137255
 0.9408867  0.91625616 0.91625616 0.92610837 0.91176471 0.90196078
 0.92647059 0.93627451 0.94117647 0.94607843 0.91133005 0.91625616
 0.8817734  0.93103448 0.89705882 0.95588235 0.92647059 0.90196078
 0.93627451 0.90686275 0.92610837 0.91133005 0.91133005 0.9408867
 0.91176471 0.93627451 0.94607843 0.92647059 0.93627451 0.92156863
 0.9408867  0.91625616 0.92610837 0.92610837]
Mean recall: 0.9235714285714286
Dev: 0.01994228249220101


DT Cross-Validation Results recall:
 [0.90298507 0.89552239 0.88721805 0.87969925 0.86466165 0.84210526
 0.87218045 0.93233083 0.91729323 0.88721805 0.91044776 0.81343284
 0.88721805 0.87218045 0.84962406 0.87218045 0.90977444 0.87969925
 0.89473684 0.89473684 0.85074627 0.90298507 0.86466165 0.87218045
 0.81954887 0.88721805 0.86466165 0.91729323 0.86466165 0.83458647
 0.90298507 0.90298507 0.87218045 0.87969925 0.86466165 0.88721805
 0.86466165 0.88721805 0.85714286 0.87218045 0.89552239 0.88059701
 0.90225564 0.93233083 0.91729323 0.84210526 0.91729323 0.85714286
 0.84962406 0.88721805 0.86567164 0.89552239 0.86466165 0.88721805
 0.90977444 0.86466165 0.90977444 0.84210526 0.91729323 0.87218045
 0.84328358 0.91044776 0.84210526 0.93233083 0.88721805 0.84962406
 0.90225564 0.84962406 0.87218045 0.84962406 0.93283582 0.91044776
 0.90225564 0.87218045 0.95488722 0.87218045 0.86466165 0.84210526
 0.91729323 0.85714286 0.91044776 0.87313433 0.90225564 0.84210526
 0.93233083 0.87969925 0.88721805 0.88721805 0.93233083 0.89473684
 0.88059701 0.88059701 0.90977444 0.88721805 0.88721805 0.90225564
 0.90225564 0.89473684 0.86466165 0.84962406]
Mean recall: 0.8831006621030185
Dev: 0.027454191535355034


DT_SMOTE Cross-Validation Results recall:
 [0.93137255 0.90196078 0.90686275 0.92647059 0.93627451 0.93137255
 0.92118227 0.9408867  0.90147783 0.92610837 0.91176471 0.94607843
 0.95098039 0.96078431 0.95098039 0.91176471 0.86699507 0.92610837
 0.92610837 0.92118227 0.91176471 0.92156863 0.92647059 0.92647059
 0.91176471 0.94117647 0.89162562 0.92118227 0.93103448 0.92610837
 0.91176471 0.94607843 0.92156863 0.90196078 0.93137255 0.91666667
 0.94581281 0.90640394 0.90147783 0.89655172 0.92156863 0.94117647
 0.93137255 0.94117647 0.91176471 0.89705882 0.91133005 0.92610837
 0.95566502 0.92610837 0.93627451 0.92647059 0.94117647 0.94607843
 0.91666667 0.87745098 0.92610837 0.9408867  0.91625616 0.92118227
 0.87254902 0.94117647 0.91666667 0.93137255 0.91666667 0.92647059
 0.91625616 0.9408867  0.91133005 0.93103448 0.93627451 0.94117647
 0.90686275 0.94607843 0.92156863 0.95098039 0.94581281 0.91133005
 0.91625616 0.88669951 0.92156863 0.92156863 0.93137255 0.92647059
 0.92156863 0.91666667 0.91133005 0.92610837 0.90640394 0.94581281
 0.90196078 0.91666667 0.93627451 0.92647059 0.92647059 0.94117647
 0.95566502 0.90147783 0.92118227 0.93103448]
Mean recall: 0.923521201584082
Dev: 0.017683504278912996


DT_BrdSMOTE Cross-Validation Results recall:
 [0.92647059 0.87745098 0.94117647 0.93627451 0.95098039 0.91666667
 0.89162562 0.94581281 0.90640394 0.94581281 0.89215686 0.93627451
 0.93137255 0.93137255 0.94117647 0.91666667 0.88669951 0.91625616
 0.94581281 0.95073892 0.89705882 0.91666667 0.89705882 0.92156863
 0.93137255 0.93627451 0.90640394 0.92610837 0.93103448 0.94581281
 0.89705882 0.95588235 0.91666667 0.87745098 0.93627451 0.94117647
 0.93596059 0.94581281 0.91625616 0.94581281 0.91666667 0.92156863
 0.90196078 0.92156863 0.92156863 0.90196078 0.95566502 0.91625616
 0.9408867  0.94581281 0.94607843 0.91176471 0.92647059 0.96568627
 0.92156863 0.90196078 0.93596059 0.91625616 0.91625616 0.90147783
 0.8872549  0.93137255 0.91176471 0.95098039 0.94607843 0.94607843
 0.94581281 0.91625616 0.95566502 0.91625616 0.92647059 0.92647059
 0.91176471 0.95588235 0.95588235 0.93627451 0.93103448 0.92118227
 0.91625616 0.92610837 0.92156863 0.94607843 0.89215686 0.95098039
 0.95588235 0.89705882 0.9408867  0.95073892 0.89655172 0.94581281
 0.92647059 0.93627451 0.95588235 0.90686275 0.93137255 0.91666667
 0.97044335 0.90147783 0.93596059 0.92610837]
Mean recall: 0.9267238964551339
Dev: 0.020439408203789106


DT_GAN Cross-Validation Results recall:
 [0.94117647 0.8872549  0.92647059 0.94117647 0.91666667 0.91666667
 0.92610837 0.93103448 0.92610837 0.95073892 0.88235294 0.90686275
 0.96568627 0.94117647 0.93627451 0.90196078 0.90147783 0.89162562
 0.95073892 0.93596059 0.92647059 0.90686275 0.91666667 0.93137255
 0.91176471 0.94607843 0.91625616 0.91625616 0.9408867  0.92610837
 0.91176471 0.93137255 0.91666667 0.89215686 0.91176471 0.91666667
 0.93596059 0.91133005 0.91133005 0.91625616 0.92647059 0.91666667
 0.90196078 0.93137255 0.92156863 0.92156863 0.93103448 0.92610837
 0.95566502 0.95073892 0.92156863 0.91176471 0.92647059 0.95588235
 0.91176471 0.8872549  0.94581281 0.92610837 0.89655172 0.91625616
 0.8872549  0.93627451 0.87745098 0.94607843 0.94607843 0.91176471
 0.90640394 0.91133005 0.93596059 0.92118227 0.91666667 0.94607843
 0.92156863 0.93137255 0.93137255 0.93137255 0.93103448 0.91625616
 0.92118227 0.92610837 0.87745098 0.94117647 0.91176471 0.92647059
 0.95098039 0.89215686 0.92610837 0.9408867  0.91625616 0.92118227
 0.91666667 0.93627451 0.93627451 0.92156863 0.95588235 0.94117647
 0.94581281 0.89655172 0.91133005 0.92610837]
Mean recall: 0.92298971312663
Dev: 0.01835055093065175


RF Cross-Validation Results recall:
 [0.93283582 0.93283582 0.90225564 0.96240602 0.90977444 0.90977444
 0.92481203 0.93984962 0.93233083 0.90977444 0.93283582 0.89552239
 0.96240602 0.91729323 0.88721805 0.94736842 0.95488722 0.88721805
 0.90225564 0.90977444 0.91791045 0.94029851 0.90977444 0.90977444
 0.87969925 0.92481203 0.94736842 0.93233083 0.91729323 0.93233083
 0.96268657 0.93283582 0.92481203 0.89473684 0.87969925 0.93233083
 0.93233083 0.93984962 0.93984962 0.93984962 0.96268657 0.92537313
 0.91729323 0.93233083 0.94736842 0.92481203 0.94736842 0.90225564
 0.86466165 0.90225564 0.91791045 0.96268657 0.90225564 0.91729323
 0.90977444 0.90977444 0.93984962 0.90225564 0.92481203 0.94736842
 0.91791045 0.94029851 0.93984962 0.93984962 0.94736842 0.87218045
 0.93984962 0.90225564 0.91729323 0.90977444 0.96268657 0.96268657
 0.89473684 0.87218045 0.93984962 0.92481203 0.91729323 0.91729323
 0.94736842 0.90225564 0.96268657 0.91791045 0.90977444 0.87969925
 0.95488722 0.90225564 0.90977444 0.95488722 0.95488722 0.92481203
 0.93283582 0.94029851 0.94736842 0.91729323 0.89473684 0.92481203
 0.93233083 0.90977444 0.90225564 0.91729323]
Mean recall: 0.9236275389967455
Dev: 0.022938339765652876


RF_SMOTE Cross-Validation Results recall:
 [0.96078431 0.94117647 0.94607843 0.9754902  0.96078431 0.94117647
 0.96059113 0.97044335 0.9408867  0.96551724 0.93137255 0.96078431
 0.96568627 0.96078431 0.9754902  0.96078431 0.91133005 0.95073892
 0.96059113 0.98029557 0.95588235 0.93137255 0.96568627 0.96078431
 0.96078431 0.95588235 0.94581281 0.96059113 0.97044335 0.96551724
 0.94117647 0.97058824 0.96078431 0.95098039 0.95098039 0.96078431
 0.97044335 0.95073892 0.94581281 0.94581281 0.93627451 0.96078431
 0.95098039 0.9754902  0.97058824 0.94117647 0.96059113 0.95073892
 0.96551724 0.97536946 0.96078431 0.96568627 0.94607843 0.97058824
 0.96078431 0.93137255 0.96551724 0.96551724 0.94581281 0.95073892
 0.93137255 0.96078431 0.94607843 0.96078431 0.96568627 0.95098039
 0.96059113 0.96551724 0.9408867  0.95566502 0.95098039 0.94117647
 0.93627451 0.98039216 0.96078431 0.95588235 0.96551724 0.97044335
 0.94581281 0.95566502 0.94607843 0.98039216 0.94607843 0.95588235
 0.97058824 0.92647059 0.93103448 0.97536946 0.96059113 0.96551724
 0.94607843 0.96568627 0.96078431 0.96078431 0.95098039 0.96568627
 0.97044335 0.92610837 0.97044335 0.93596059]
Mean recall: 0.9560426929392447
Dev: 0.013599001949617927


RF_BrdSMOTE Cross-Validation Results recall:
 [0.95098039 0.93627451 0.95098039 0.97058824 0.97058824 0.94607843
 0.96059113 0.96059113 0.94581281 0.99014778 0.95098039 0.96568627
 0.97058824 0.9754902  0.96568627 0.97058824 0.92118227 0.95073892
 0.95566502 0.97044335 0.95098039 0.95098039 0.97058824 0.96568627
 0.9754902  0.95588235 0.94581281 0.94581281 0.96059113 0.95566502
 0.95098039 0.96568627 0.96078431 0.95098039 0.96078431 0.95098039
 0.96059113 0.94581281 0.95073892 0.9408867  0.96078431 0.93627451
 0.96078431 0.9754902  0.94607843 0.94117647 0.96059113 0.94581281
 0.96551724 0.97536946 0.96568627 0.96568627 0.96078431 0.9754902
 0.95588235 0.93627451 0.97536946 0.95566502 0.95566502 0.9408867
 0.94117647 0.9754902  0.96568627 0.97058824 0.97058824 0.94117647
 0.96551724 0.95566502 0.95566502 0.93596059 0.96568627 0.96568627
 0.94607843 0.9754902  0.95588235 0.94607843 0.97044335 0.97536946
 0.94581281 0.95073892 0.95098039 0.98039216 0.96568627 0.95588235
 0.98039216 0.93627451 0.95566502 0.98029557 0.94581281 0.97536946
 0.95098039 0.96568627 0.98039216 0.95098039 0.96078431 0.96568627
 0.97044335 0.9408867  0.96551724 0.96059113]
Mean recall: 0.9586414565826331
Dev: 0.012804825454728481


RF_GAN Cross-Validation Results recall:
 [0.93137255 0.93627451 0.94117647 0.96568627 0.95588235 0.93627451
 0.95073892 0.96551724 0.94581281 0.97536946 0.93137255 0.95588235
 0.96078431 0.96078431 0.9754902  0.95098039 0.91133005 0.93596059
 0.95566502 0.96059113 0.94117647 0.93137255 0.94117647 0.96078431
 0.96568627 0.94117647 0.96059113 0.94581281 0.95566502 0.95073892
 0.95098039 0.96568627 0.95098039 0.94607843 0.95098039 0.95588235
 0.95073892 0.9408867  0.93103448 0.95566502 0.94117647 0.94607843
 0.94607843 0.96078431 0.95588235 0.93627451 0.95073892 0.95073892
 0.96059113 0.98029557 0.96078431 0.95098039 0.95098039 0.95588235
 0.95098039 0.93137255 0.96059113 0.96059113 0.9408867  0.95073892
 0.94117647 0.97058824 0.94607843 0.96568627 0.96078431 0.93627451
 0.94581281 0.95566502 0.94581281 0.9408867  0.94117647 0.96078431
 0.93627451 0.96078431 0.94607843 0.94607843 0.95566502 0.97044335
 0.95073892 0.95073892 0.92156863 0.98039216 0.92647059 0.95098039
 0.9754902  0.91666667 0.9408867  0.96551724 0.9408867  0.97536946
 0.93627451 0.96078431 0.96078431 0.95098039 0.95098039 0.96078431
 0.96059113 0.93103448 0.96551724 0.9408867 ]
Mean recall: 0.9507884188158022
Dev: 0.013350341207929694


XGB Cross-Validation Results recall:
 [0.92537313 0.97761194 0.93233083 0.96240602 0.93984962 0.93233083
 0.92481203 0.93233083 0.93984962 0.94736842 0.93283582 0.91044776
 0.96240602 0.94736842 0.89473684 0.94736842 0.96992481 0.90977444
 0.93984962 0.92481203 0.93283582 0.94776119 0.89473684 0.93984962
 0.89473684 0.93984962 0.95488722 0.93984962 0.93984962 0.94736842
 0.95522388 0.94776119 0.95488722 0.92481203 0.91729323 0.95488722
 0.90977444 0.94736842 0.94736842 0.93233083 0.95522388 0.91044776
 0.94736842 0.95488722 0.95488722 0.91729323 0.93984962 0.94736842
 0.89473684 0.91729323 0.95522388 0.97014925 0.90977444 0.93984962
 0.93233083 0.92481203 0.94736842 0.92481203 0.93233083 0.94736842
 0.92537313 0.94029851 0.93984962 0.95488722 0.96240602 0.90977444
 0.95488722 0.90225564 0.93233083 0.92481203 0.94776119 0.97014925
 0.92481203 0.90225564 0.94736842 0.94736842 0.92481203 0.94736842
 0.90977444 0.90977444 0.95522388 0.90298507 0.93984962 0.90225564
 0.96240602 0.93233083 0.94736842 0.93233083 0.96240602 0.93984962
 0.94776119 0.93283582 0.96992481 0.94736842 0.92481203 0.93233083
 0.93984962 0.91729323 0.90225564 0.93233083]
Mean recall: 0.9360268207833015
Dev: 0.019325756058808607


XGB_SMOTE Cross-Validation Results recall:
 [0.98039216 0.93137255 0.94607843 0.9754902  0.95098039 0.95588235
 0.96551724 0.98029557 0.95073892 0.99014778 0.95588235 0.96078431
 0.96078431 0.96078431 0.98039216 0.95098039 0.90147783 0.96551724
 0.95073892 0.96551724 0.95588235 0.95098039 0.97058824 0.96078431
 0.96078431 0.95588235 0.95073892 0.96059113 0.96551724 0.95566502
 0.96568627 0.96078431 0.9754902  0.94607843 0.97058824 0.96078431
 0.97044335 0.96551724 0.94581281 0.94581281 0.94607843 0.95588235
 0.95098039 0.97058824 0.96078431 0.96078431 0.9408867  0.95566502
 0.96551724 0.98029557 0.97058824 0.96568627 0.94117647 0.9754902
 0.95588235 0.95098039 0.95073892 0.97536946 0.95073892 0.95073892
 0.94117647 0.95588235 0.94607843 0.9754902  0.95098039 0.95588235
 0.96059113 0.95073892 0.95566502 0.9408867  0.96078431 0.96078431
 0.94607843 0.9754902  0.97058824 0.94607843 0.96059113 0.95566502
 0.96551724 0.95073892 0.95588235 0.98039216 0.95588235 0.9754902
 0.96568627 0.93627451 0.95566502 0.97536946 0.95566502 0.97044335
 0.95098039 0.98039216 0.96078431 0.96568627 0.96078431 0.96568627
 0.96551724 0.92610837 0.95566502 0.96059113]
Mean recall: 0.9589365401332948
Dev: 0.013002184824071216


XGB_BrdSMOTE Cross-Validation Results recall:
 [0.96078431 0.93627451 0.96078431 0.97058824 0.97058824 0.95098039
 0.96059113 0.97044335 0.9408867  0.99014778 0.96568627 0.96078431
 0.9754902  0.97058824 0.98039216 0.97058824 0.91133005 0.95566502
 0.95073892 0.97044335 0.94607843 0.95588235 0.96568627 0.97058824
 0.9754902  0.9754902  0.96059113 0.96059113 0.95073892 0.95566502
 0.95588235 0.97058824 0.97058824 0.96078431 0.98039216 0.97058824
 0.95566502 0.95073892 0.94581281 0.95566502 0.95098039 0.94117647
 0.95588235 0.97058824 0.95098039 0.95098039 0.95566502 0.96059113
 0.98029557 0.98522167 0.98039216 0.95588235 0.96568627 0.96568627
 0.95098039 0.95588235 0.97536946 0.98029557 0.96059113 0.94581281
 0.95588235 0.9754902  0.95588235 0.98039216 0.95588235 0.95098039
 0.97044335 0.96551724 0.97044335 0.94581281 0.96078431 0.97058824
 0.96078431 0.9754902  0.96568627 0.95098039 0.97044335 0.97044335
 0.96059113 0.96551724 0.95098039 0.97058824 0.95098039 0.97058824
 0.9754902  0.92647059 0.96551724 0.97044335 0.95566502 0.97044335
 0.94607843 0.98529412 0.9754902  0.94607843 0.96078431 0.96078431
 0.98522167 0.93103448 0.96059113 0.96059113]
Mean recall: 0.9619337390128464
Dev: 0.013178103867132307


XGB_GAN Cross-Validation Results recall:
 [0.96568627 0.92156863 0.94607843 0.9754902  0.96078431 0.95098039
 0.96059113 0.96059113 0.95073892 0.98522167 0.96078431 0.96568627
 0.96568627 0.97058824 0.9754902  0.96078431 0.92118227 0.96551724
 0.95073892 0.96551724 0.95098039 0.94607843 0.97058824 0.97058824
 0.97058824 0.97058824 0.95566502 0.95566502 0.95073892 0.96551724
 0.95588235 0.94117647 0.97058824 0.94607843 0.96568627 0.97058824
 0.97044335 0.96059113 0.9408867  0.94581281 0.94607843 0.95098039
 0.95098039 0.96078431 0.94117647 0.96078431 0.95073892 0.95073892
 0.96551724 0.98029557 0.97058824 0.95098039 0.96568627 0.96568627
 0.95098039 0.96078431 0.96059113 0.97044335 0.95566502 0.95073892
 0.94607843 0.97058824 0.94117647 0.97058824 0.95588235 0.95588235
 0.96551724 0.96551724 0.96551724 0.95073892 0.96568627 0.97058824
 0.94607843 0.97058824 0.94117647 0.95098039 0.96551724 0.96059113
 0.95566502 0.95073892 0.94607843 0.96078431 0.93137255 0.97058824
 0.9754902  0.93137255 0.96551724 0.96551724 0.94581281 0.97536946
 0.93627451 0.9754902  0.94607843 0.95588235 0.96078431 0.96568627
 0.97044335 0.93103448 0.95566502 0.95566502]
Mean recall: 0.9580066164396793
Dev: 0.012408725215679987


XGB_RF Cross-Validation Results recall:
 [0.88059701 0.87313433 0.87218045 0.86466165 0.84210526 0.82706767
 0.85714286 0.87969925 0.90225564 0.88721805 0.90298507 0.82835821
 0.90225564 0.88721805 0.83458647 0.89473684 0.88721805 0.81203008
 0.84962406 0.88721805 0.8880597  0.90298507 0.80451128 0.85714286
 0.82706767 0.90225564 0.84962406 0.87218045 0.87218045 0.87969925
 0.88059701 0.88059701 0.86466165 0.84210526 0.84210526 0.87218045
 0.84210526 0.87969925 0.90977444 0.88721805 0.87313433 0.84328358
 0.85714286 0.90225564 0.90977444 0.86466165 0.90977444 0.84210526
 0.80451128 0.85714286 0.84328358 0.91791045 0.88721805 0.84210526
 0.85714286 0.84210526 0.89473684 0.86466165 0.84210526 0.88721805
 0.80597015 0.85820896 0.90225564 0.88721805 0.91729323 0.82706767
 0.88721805 0.85714286 0.87218045 0.87969925 0.93283582 0.91791045
 0.82706767 0.84210526 0.92481203 0.90977444 0.84962406 0.84962406
 0.84962406 0.84962406 0.89552239 0.86567164 0.83458647 0.81203008
 0.91729323 0.86466165 0.84962406 0.86466165 0.93233083 0.88721805
 0.89552239 0.8880597  0.87969925 0.85714286 0.87969925 0.85714286
 0.86466165 0.86466165 0.84962406 0.87969925]
Mean recall: 0.8695808551228817
Dev: 0.02919701121375233


XGB_RF_SMOTE Cross-Validation Results recall:
 [0.91666667 0.85784314 0.89215686 0.93137255 0.92156863 0.90196078
 0.91133005 0.92118227 0.89655172 0.90640394 0.89215686 0.90196078
 0.94117647 0.93627451 0.93627451 0.8872549  0.87684729 0.89162562
 0.91625616 0.91625616 0.89705882 0.89215686 0.89705882 0.92156863
 0.90196078 0.90686275 0.89655172 0.91625616 0.93596059 0.92118227
 0.91176471 0.92647059 0.92647059 0.91176471 0.93627451 0.89705882
 0.93103448 0.87684729 0.91133005 0.88669951 0.87254902 0.91666667
 0.91176471 0.92647059 0.91666667 0.8872549  0.92118227 0.88669951
 0.94581281 0.92610837 0.92156863 0.90196078 0.91176471 0.93627451
 0.89705882 0.90686275 0.91133005 0.90640394 0.91625616 0.89162562
 0.87254902 0.91176471 0.89705882 0.93627451 0.93627451 0.89215686
 0.90640394 0.90147783 0.91625616 0.90147783 0.94607843 0.91666667
 0.90686275 0.94117647 0.91666667 0.89215686 0.93103448 0.90147783
 0.90640394 0.89162562 0.88235294 0.94117647 0.90196078 0.91176471
 0.92647059 0.87254902 0.92610837 0.90147783 0.89655172 0.94581281
 0.87745098 0.91176471 0.90686275 0.90686275 0.92156863 0.93137255
 0.95073892 0.86699507 0.91133005 0.87192118]
Mean recall: 0.909526707234618
Dev: 0.019764885485964587


XGB_RF_BrdSMOTE Cross-Validation Results recall:
 [0.92647059 0.89705882 0.92647059 0.93627451 0.94607843 0.92156863
 0.91133005 0.93596059 0.88669951 0.94581281 0.91666667 0.90686275
 0.94117647 0.94607843 0.93627451 0.90686275 0.88669951 0.90640394
 0.91133005 0.91625616 0.90686275 0.90196078 0.92647059 0.94117647
 0.91176471 0.92156863 0.89162562 0.93103448 0.93596059 0.92610837
 0.92156863 0.91176471 0.94117647 0.93137255 0.93627451 0.93627451
 0.91625616 0.90147783 0.90640394 0.90640394 0.90196078 0.92647059
 0.92647059 0.94607843 0.90196078 0.89705882 0.92610837 0.88669951
 0.94581281 0.93596059 0.94117647 0.90686275 0.92647059 0.95098039
 0.91666667 0.92156863 0.92610837 0.89655172 0.89162562 0.90640394
 0.90196078 0.92156863 0.91666667 0.93627451 0.92156863 0.91176471
 0.91625616 0.93596059 0.91625616 0.90147783 0.93137255 0.94117647
 0.91176471 0.94607843 0.91176471 0.91176471 0.93103448 0.92118227
 0.92118227 0.88669951 0.90686275 0.95098039 0.90686275 0.91666667
 0.91176471 0.90196078 0.92610837 0.92610837 0.89655172 0.93103448
 0.89705882 0.93627451 0.95098039 0.89705882 0.94117647 0.92647059
 0.94581281 0.87684729 0.93103448 0.90640394]
Mean recall: 0.9196863228049843
Dev: 0.017390203606016


XGB_RF_GAN Cross-Validation Results recall:
 [0.89705882 0.88235294 0.89215686 0.93627451 0.91666667 0.8872549
 0.89162562 0.92610837 0.89162562 0.93103448 0.90686275 0.91666667
 0.93627451 0.94607843 0.94117647 0.89215686 0.87192118 0.90147783
 0.89655172 0.89162562 0.88235294 0.89215686 0.92156863 0.91176471
 0.90196078 0.8872549  0.88669951 0.92118227 0.93596059 0.92610837
 0.91666667 0.93137255 0.91176471 0.90686275 0.91666667 0.90196078
 0.91625616 0.90147783 0.87684729 0.89655172 0.88235294 0.92647059
 0.91666667 0.93137255 0.90196078 0.8872549  0.91625616 0.89162562
 0.93596059 0.90147783 0.92647059 0.88235294 0.93137255 0.92647059
 0.86764706 0.91176471 0.90640394 0.91625616 0.90640394 0.90640394
 0.88235294 0.92156863 0.89215686 0.93137255 0.93137255 0.90196078
 0.90640394 0.87684729 0.91133005 0.91625616 0.90686275 0.93137255
 0.8872549  0.90686275 0.89705882 0.90686275 0.93103448 0.90147783
 0.89162562 0.89655172 0.89215686 0.94607843 0.87745098 0.92156863
 0.92156863 0.8627451  0.92118227 0.8817734  0.90640394 0.93596059
 0.87745098 0.94607843 0.91666667 0.90196078 0.92647059 0.90196078
 0.93103448 0.86699507 0.93103448 0.8817734 ]
Mean recall: 0.90746232975949
Dev: 0.019897326160762015


