LR_RUS Cross-Validation Results recall:
 [0.94607843 0.92156863 0.92118227 0.93103448 0.86699507 0.91625616
 0.91176471 0.95098039 0.92647059 0.91666667 0.92647059 0.92647059
 0.93103448 0.91625616 0.91625616 0.93103448 0.92647059 0.94607843
 0.90196078 0.95098039 0.94117647 0.92647059 0.93103448 0.93103448
 0.92610837 0.93596059 0.89705882 0.90686275 0.91176471 0.94607843
 0.92647059 0.92647059 0.93596059 0.92118227 0.92610837 0.91133005
 0.89215686 0.92647059 0.94117647 0.94607843 0.97058824 0.91666667
 0.9408867  0.89655172 0.91133005 0.91625616 0.93137255 0.92156863
 0.92647059 0.92156863 0.94117647 0.92647059 0.9408867  0.92118227
 0.91133005 0.90640394 0.90196078 0.93627451 0.91666667 0.89215686
 0.94117647 0.92156863 0.87684729 0.90640394 0.93103448 0.8817734
 0.95098039 0.92647059 0.95098039 0.94607843 0.92647059 0.93627451
 0.90640394 0.93103448 0.92118227 0.9408867  0.90196078 0.91666667
 0.91176471 0.94607843 0.95588235 0.96078431 0.95073892 0.89162562
 0.94581281 0.88669951 0.93137255 0.91176471 0.89705882 0.91666667
 0.92647059 0.8872549  0.93596059 0.9408867  0.95566502 0.89655172
 0.90196078 0.91176471 0.91666667 0.93627451]
Mean recall: 0.9236663286004059
Dev: 0.019326070694791336


LR_NM Cross-Validation Results recall:
 [0.93627451 0.94117647 0.89655172 0.92118227 0.92610837 0.90640394
 0.94607843 0.92156863 0.89705882 0.96078431 0.90686275 0.91666667
 0.88669951 0.90640394 0.96551724 0.94581281 0.92156863 0.91176471
 0.91176471 0.90686275 0.91176471 0.96568627 0.96059113 0.93103448
 0.91625616 0.92118227 0.90196078 0.90196078 0.90686275 0.91176471
 0.90686275 0.93137255 0.92118227 0.92610837 0.93103448 0.91133005
 0.93137255 0.93137255 0.91176471 0.90196078 0.94117647 0.91666667
 0.93103448 0.91133005 0.93103448 0.92118227 0.89215686 0.93627451
 0.92647059 0.92156863 0.90196078 0.89705882 0.91133005 0.92610837
 0.90147783 0.92118227 0.90686275 0.95588235 0.95098039 0.87254902
 0.91666667 0.91666667 0.90147783 0.93103448 0.95566502 0.95073892
 0.93137255 0.85784314 0.92156863 0.92647059 0.93137255 0.88235294
 0.95073892 0.88669951 0.95073892 0.92610837 0.90686275 0.92647059
 0.94117647 0.92156863 0.89705882 0.92156863 0.92118227 0.91625616
 0.95073892 0.91625616 0.90196078 0.90686275 0.92156863 0.94607843
 0.89705882 0.92156863 0.93103448 0.91625616 0.94581281 0.89162562
 0.93627451 0.87745098 0.92156863 0.90686275]
Mean recall: 0.9201946295759683
Dev: 0.020446303812224502


DT_RUS Cross-Validation Results recall:
 [0.94607843 0.92647059 0.91133005 0.97044335 0.93596059 0.93103448
 0.93627451 0.92647059 0.93627451 0.93137255 0.96568627 0.92647059
 0.94581281 0.92118227 0.94581281 0.9408867  0.91666667 0.97058824
 0.90686275 0.91666667 0.94117647 0.92156863 0.90640394 0.90640394
 0.91625616 0.92610837 0.92647059 0.95588235 0.92156863 0.94117647
 0.93627451 0.95588235 0.93103448 0.9408867  0.96551724 0.9408867
 0.92647059 0.92156863 0.93137255 0.92647059 0.95098039 0.95588235
 0.95566502 0.90640394 0.9408867  0.92118227 0.94117647 0.93627451
 0.92156863 0.93627451 0.93137255 0.94117647 0.94581281 0.93103448
 0.92610837 0.93596059 0.93137255 0.94117647 0.93627451 0.93137255
 0.94607843 0.92647059 0.94581281 0.92610837 0.93103448 0.95073892
 0.93627451 0.91666667 0.96568627 0.92156863 0.93137255 0.90196078
 0.93103448 0.93596059 0.92118227 0.94581281 0.89215686 0.94117647
 0.94117647 0.95588235 0.94117647 0.96078431 0.94581281 0.93596059
 0.91133005 0.92118227 0.95588235 0.95098039 0.92647059 0.91176471
 0.96078431 0.91666667 0.98029557 0.93596059 0.97044335 0.92610837
 0.91176471 0.94607843 0.92156863 0.94117647]
Mean recall: 0.9350202839756592
Dev: 0.01669683987233767


DT_NM Cross-Validation Results recall:
 [0.94607843 0.94117647 0.93596059 0.92118227 0.91625616 0.91133005
 0.95588235 0.93627451 0.93137255 0.90196078 0.92156863 0.91666667
 0.92118227 0.91133005 0.93596059 0.9408867  0.93627451 0.92647059
 0.94117647 0.94607843 0.94607843 0.90196078 0.94581281 0.95566502
 0.93596059 0.9408867  0.91176471 0.93627451 0.93627451 0.91666667
 0.86764706 0.92156863 0.90147783 0.91133005 0.9408867  0.94581281
 0.94607843 0.94607843 0.94607843 0.94607843 0.97058824 0.94117647
 0.92118227 0.93103448 0.90147783 0.9408867  0.94117647 0.89215686
 0.92156863 0.92647059 0.92156863 0.95098039 0.95073892 0.92118227
 0.93103448 0.93103448 0.91176471 0.96078431 0.94607843 0.91176471
 0.94607843 0.90686275 0.95073892 0.90640394 0.93103448 0.92610837
 0.93137255 0.90196078 0.92647059 0.95588235 0.93627451 0.92156863
 0.92118227 0.89655172 0.91625616 0.90640394 0.93627451 0.93137255
 0.94607843 0.94117647 0.90686275 0.90196078 0.93596059 0.92610837
 0.92118227 0.93103448 0.91176471 0.92156863 0.91176471 0.94607843
 0.90196078 0.93137255 0.92118227 0.95073892 0.89162562 0.92118227
 0.95098039 0.93627451 0.95098039 0.94607843]
Mean recall: 0.9287281464309863
Dev: 0.01799601106112471


RF_RUS Cross-Validation Results recall:
 [0.98039216 0.94117647 0.96059113 0.97044335 0.97044335 0.95566502
 0.97058824 0.95588235 0.99019608 0.95588235 0.9754902  0.96568627
 0.98029557 0.95566502 0.97044335 0.96551724 0.93137255 0.99019608
 0.90686275 0.9754902  0.96078431 0.96078431 0.97044335 0.96551724
 0.96059113 0.98029557 0.95588235 0.97058824 0.96568627 0.97058824
 0.96078431 0.98039216 0.96059113 0.95566502 0.97536946 0.96551724
 0.95098039 0.96568627 0.96078431 0.95098039 0.97058824 0.96568627
 0.97536946 0.95566502 0.96551724 0.97044335 0.96568627 0.95588235
 0.96568627 0.96568627 0.98039216 0.9754902  0.96551724 0.97536946
 0.95566502 0.99014778 0.95588235 0.96078431 0.96568627 0.97058824
 0.96568627 0.95588235 0.96551724 0.95073892 0.96059113 0.96551724
 0.96078431 0.97058824 0.98529412 0.96568627 0.95588235 0.97058824
 0.95073892 0.96551724 0.97536946 0.98522167 0.94607843 0.96078431
 0.96568627 0.9754902  0.98039216 0.9754902  0.97044335 0.97044335
 0.94581281 0.96551724 0.96568627 0.98039216 0.95098039 0.92647059
 0.97058824 0.93627451 0.96551724 0.96059113 0.98522167 0.96059113
 0.95588235 0.95588235 0.95588235 0.98039216]
Mean recall: 0.9646402009079493
Dev: 0.013066274544784338


RF_NM Cross-Validation Results recall:
 [0.95588235 0.95588235 0.96059113 0.96551724 0.96059113 0.96059113
 0.98529412 0.94607843 0.95098039 0.97058824 0.94607843 0.95588235
 0.96551724 0.96059113 0.98522167 0.97536946 0.96078431 0.93627451
 0.97058824 0.98039216 0.97058824 0.96568627 0.95566502 0.97044335
 0.97044335 0.96551724 0.97058824 0.95098039 0.96568627 0.94117647
 0.96078431 0.96568627 0.94581281 0.94581281 0.97044335 0.98029557
 0.9754902  0.96078431 0.97058824 0.93627451 0.97058824 0.95098039
 0.96059113 0.96551724 0.97044335 0.95566502 0.97058824 0.95098039
 0.9754902  0.94117647 0.96568627 0.98039216 0.97536946 0.95566502
 0.96551724 0.97044335 0.94607843 0.9754902  0.97058824 0.94607843
 0.99019608 0.96568627 0.96551724 0.95566502 0.96551724 0.95566502
 0.96078431 0.94117647 0.94607843 0.98039216 0.95098039 0.98529412
 0.96551724 0.95073892 0.97536946 0.95566502 0.96568627 0.96078431
 0.98039216 0.96078431 0.94117647 0.97058824 0.97536946 0.97044335
 0.96551724 0.96551724 0.95588235 0.95098039 0.96568627 0.97058824
 0.95588235 0.98529412 0.96551724 0.98029557 0.94581281 0.96059113
 0.96078431 0.96078431 0.96078431 0.96568627]
Mean recall: 0.9630184487588137
Dev: 0.011820378029654466


XGB_RUS Cross-Validation Results recall:
 [0.98039216 0.94117647 0.96059113 0.98029557 0.96059113 0.97536946
 0.97058824 0.9754902  0.97058824 0.9754902  0.99019608 0.97058824
 0.98029557 0.95566502 0.96059113 0.97044335 0.96568627 0.99509804
 0.94117647 0.96568627 0.98529412 0.96078431 0.96551724 0.97536946
 0.95566502 0.98029557 0.98039216 0.98039216 0.96568627 0.97058824
 0.97058824 0.98039216 0.97044335 0.97536946 0.98522167 0.95073892
 0.95098039 0.97058824 0.96078431 0.97058824 0.9754902  0.98529412
 0.98522167 0.95566502 0.97044335 0.98029557 0.96568627 0.97058824
 0.97058824 0.98039216 0.98039216 0.9754902  0.97044335 0.97536946
 0.96551724 0.98522167 0.97058824 0.98039216 0.96078431 0.97058824
 0.97058824 0.98039216 0.97044335 0.97536946 0.96551724 0.96059113
 0.97058824 0.97058824 0.98529412 0.98039216 0.9754902  0.9754902
 0.98029557 0.98522167 0.96551724 0.98029557 0.94117647 0.96568627
 0.96568627 0.98039216 0.9754902  0.98529412 0.98029557 0.97044335
 0.95566502 0.96059113 0.9754902  0.99509804 0.96568627 0.95098039
 1.         0.96568627 0.97044335 0.97536946 0.99014778 0.96059113
 0.97058824 0.97058824 0.96568627 0.99019608]
Mean recall: 0.9718547763933159
Dev: 0.011218542779178322


XGB_NM Cross-Validation Results recall:
 [0.96568627 0.96568627 0.96551724 0.96551724 0.96059113 0.96059113
 0.98529412 0.95588235 0.96078431 0.96568627 0.95588235 0.95098039
 0.96059113 0.9408867  0.97536946 0.98522167 0.98529412 0.95588235
 0.96568627 0.99509804 0.98039216 0.95588235 0.94581281 0.97536946
 0.97536946 0.97536946 0.9754902  0.95588235 0.95098039 0.96568627
 0.94607843 0.9754902  0.95566502 0.96059113 0.97044335 0.98029557
 0.97058824 0.97058824 0.96568627 0.95588235 0.97058824 0.95588235
 0.97536946 0.97536946 0.98029557 0.96059113 0.98039216 0.95098039
 0.96078431 0.95098039 0.95588235 0.98039216 0.97044335 0.97044335
 0.96551724 0.97044335 0.98039216 0.9754902  0.95098039 0.96078431
 0.98529412 0.96568627 0.94581281 0.97044335 0.96551724 0.96551724
 0.96568627 0.95098039 0.96078431 0.98529412 0.95098039 0.96568627
 0.95566502 0.95566502 0.98029557 0.97044335 0.96078431 0.96568627
 0.98529412 0.96078431 0.94607843 0.9754902  0.96551724 0.97536946
 0.96551724 0.97536946 0.96568627 0.94607843 0.96568627 0.98039216
 0.96078431 0.98039216 0.97536946 0.96059113 0.94581281 0.97044335
 0.9754902  0.97058824 0.95098039 0.96568627]
Mean recall: 0.9660129914034579
Dev: 0.011292906210512425


XGB_RF_RUS Cross-Validation Results recall:
 [0.92647059 0.89215686 0.91133005 0.95073892 0.92118227 0.92118227
 0.95588235 0.90686275 0.92647059 0.91666667 0.94607843 0.91666667
 0.94581281 0.93103448 0.90147783 0.92118227 0.90686275 0.94607843
 0.87254902 0.92156863 0.94607843 0.91176471 0.89162562 0.90640394
 0.90640394 0.93596059 0.92647059 0.95588235 0.90686275 0.94607843
 0.90686275 0.93137255 0.92610837 0.93596059 0.9408867  0.91625616
 0.92647059 0.92647059 0.93137255 0.91176471 0.94117647 0.92156863
 0.92118227 0.92118227 0.94581281 0.91133005 0.94117647 0.89705882
 0.93627451 0.92156863 0.91666667 0.91176471 0.92610837 0.9408867
 0.9408867  0.92610837 0.91176471 0.93627451 0.93627451 0.91176471
 0.95098039 0.91666667 0.91625616 0.91625616 0.9408867  0.90147783
 0.93627451 0.91176471 0.94117647 0.94117647 0.92647059 0.91176471
 0.90640394 0.92118227 0.96059113 0.93103448 0.89215686 0.92647059
 0.92156863 0.93137255 0.92647059 0.95098039 0.92118227 0.9408867
 0.92118227 0.90640394 0.94607843 0.95588235 0.90196078 0.91176471
 0.95098039 0.90686275 0.94581281 0.92610837 0.95073892 0.90147783
 0.86764706 0.92156863 0.92156863 0.94117647]
Mean recall: 0.9246080846131557
Dev: 0.017972204548224183


XGB_RF_NM Cross-Validation Results recall:
 [0.89705882 0.92156863 0.87192118 0.88669951 0.92610837 0.92118227
 0.92647059 0.89215686 0.86764706 0.90686275 0.89215686 0.88235294
 0.87192118 0.87192118 0.92610837 0.93596059 0.90196078 0.90196078
 0.91176471 0.90686275 0.90196078 0.89705882 0.90147783 0.8817734
 0.90640394 0.92118227 0.91176471 0.88235294 0.89705882 0.89215686
 0.89705882 0.91176471 0.87684729 0.89655172 0.90640394 0.87684729
 0.91176471 0.93137255 0.89705882 0.90196078 0.93627451 0.8872549
 0.89655172 0.91625616 0.91133005 0.89162562 0.88235294 0.90686275
 0.90686275 0.87254902 0.91176471 0.91176471 0.90640394 0.86699507
 0.89655172 0.90147783 0.87254902 0.93137255 0.93137255 0.87254902
 0.92156863 0.92156863 0.89655172 0.89162562 0.88669951 0.88669951
 0.8872549  0.87254902 0.89705882 0.92647059 0.89215686 0.93137255
 0.90640394 0.87192118 0.92118227 0.88669951 0.91666667 0.89705882
 0.91176471 0.90196078 0.8872549  0.90196078 0.88669951 0.86699507
 0.9408867  0.90147783 0.89215686 0.89705882 0.91176471 0.91666667
 0.87745098 0.91666667 0.91625616 0.93596059 0.87192118 0.87192118
 0.90196078 0.8872549  0.90686275 0.90686275]
Mean recall: 0.9005346276441611
Dev: 0.018434260397081664


