LR Cross-Validation Results f1:
 [1.         0.90909091 0.66666667 1.         0.90909091 1.
 0.90909091 0.90909091 0.83333333 1.         0.92307692 1.
 1.         0.8        0.8        0.92307692 0.8        1.
 0.90909091 0.76923077 0.8        0.8        0.90909091 1.
 0.76923077 0.90909091 1.         0.83333333 1.         0.76923077
 0.76923077 0.8        0.66666667 0.92307692 0.85714286 0.92307692
 1.         0.88888889 0.85714286 1.         0.85714286 0.90909091
 0.90909091 0.83333333 0.90909091 0.85714286 0.8        0.90909091
 0.90909091 1.         0.90909091 1.         0.92307692 0.85714286
 0.72727273 0.92307692 1.         0.8        0.83333333 0.90909091
 0.92307692 0.76923077 1.         0.83333333 0.6        0.90909091
 1.         1.         1.         0.83333333 1.         0.90909091
 0.90909091 0.92307692 0.72727273 0.83333333 1.         0.83333333
 0.90909091 0.90909091 0.90909091 1.         0.90909091 0.8
 0.8        0.92307692 0.75       1.         0.85714286 0.90909091
 1.         0.83333333 0.92307692 0.83333333 1.         0.66666667
 0.75       0.90909091 0.85714286 0.90909091]
Mean f1: 0.8867187257187257
Dev: 0.09168426515495708
LR_SMOTE Cross-Validation Results f1:
 [1.         0.9375     0.88235294 0.90909091 1.         0.96969697
 0.93333333 0.90322581 0.9375     0.90322581 0.96969697 0.96969697
 0.96969697 0.96774194 0.875      0.91428571 0.96551724 0.92857143
 0.94117647 1.         0.9375     0.9375     0.90909091 0.96774194
 0.9375     0.94117647 0.96774194 0.90909091 0.9375     0.9375
 0.93333333 0.96969697 0.94117647 0.96969697 0.96774194 0.94117647
 0.90909091 0.9375     0.86666667 0.96969697 0.96774194 0.88235294
 0.96969697 0.96774194 0.94117647 0.90322581 0.90322581 0.93333333
 0.94117647 1.         0.96774194 0.90322581 0.85714286 0.96969697
 0.96774194 1.         0.93333333 0.90909091 0.96969697 0.96969697
 0.96774194 0.875      0.96969697 0.9375     0.96969697 0.94117647
 0.93333333 0.90322581 0.96969697 0.875      0.9375     0.9375
 1.         0.83870968 0.96969697 1.         0.875      0.9375
 0.96969697 1.         0.9375     0.96774194 0.91428571 0.9375
 0.96969697 0.875      0.90322581 0.96551724 0.96969697 0.9375
 0.96969697 0.96969697 0.9375     0.96774194 0.94117647 0.9375
 0.93333333 0.96551724 0.84848485 0.88888889]
Mean f1: 0.9406734104182003
Dev: 0.036627019218033706
LR_BrdSMOTE Cross-Validation Results f1:
 [0.96969697 0.90322581 0.88888889 0.90909091 0.93333333 0.90322581
 0.9375     0.9375     0.9375     0.90322581 0.96969697 0.94117647
 0.96969697 0.94117647 0.85714286 0.84848485 0.96551724 0.93333333
 0.90909091 0.96774194 0.94117647 0.9375     0.84848485 1.
 0.90909091 0.84848485 0.96774194 0.90909091 0.94117647 0.9375
 0.88235294 0.94117647 0.91428571 0.96969697 0.96774194 0.94117647
 0.8        0.9375     0.90909091 0.96969697 0.89655172 0.85714286
 0.90909091 0.94117647 0.90909091 0.96969697 0.9375     0.96774194
 0.94117647 1.         1.         0.91428571 0.82352941 0.96969697
 0.90322581 0.9375     0.96774194 0.82758621 0.875      0.94117647
 0.96969697 0.875      0.90322581 0.96969697 0.9375     0.94117647
 0.90322581 0.93333333 0.90909091 0.90909091 0.96969697 0.96969697
 0.94117647 0.875      0.94117647 0.89655172 0.90909091 0.9375
 0.96969697 0.9375     0.96969697 1.         0.8        0.90909091
 0.96969697 0.90909091 0.90909091 0.93333333 0.96969697 0.91428571
 0.94117647 0.96969697 0.90909091 0.96774194 0.94117647 0.96969697
 0.96774194 0.92857143 0.88235294 0.88888889]
Mean f1: 0.9273636232040259
Dev: 0.041941870647903536
LR_GAN Cross-Validation Results f1:
 [1.         0.96       0.88888889 0.96       1.         0.96296296
 0.84615385 1.         1.         0.95652174 1.         0.96
 1.         0.96       0.96296296 0.96296296 0.96       0.95652174
 0.91666667 0.91666667 0.92307692 0.96296296 0.91666667 0.88888889
 0.96       1.         1.         1.         0.96       1.
 0.96       0.96       0.92307692 1.         0.92307692 1.
 1.         0.96       0.91666667 0.96       0.96296296 0.96296296
 0.96       0.96296296 0.96296296 0.96       0.95652174 1.
 0.91666667 0.95652174 0.88       1.         1.         1.
 1.         1.         1.         0.91666667 0.81818182 0.92307692
 0.96       0.96296296 0.96       1.         0.96       0.96
 0.91666667 0.96       0.96       0.91666667 0.96296296 0.96
 0.96296296 0.96       0.92307692 1.         1.         0.96
 1.         0.86956522 0.85714286 0.96       0.88       1.
 1.         1.         0.92307692 0.90909091 0.95652174 1.
 1.         0.96       1.         0.92307692 1.         0.85714286
 1.         0.81818182 1.         1.        ]
Mean f1: 0.9572331018417976
Dev: 0.04317239819396851
DT Cross-Validation Results f1:
 [0.92307692 0.90909091 0.90909091 0.92307692 0.90909091 0.92307692
 0.75       0.90909091 0.90909091 1.         1.         0.83333333
 0.66666667 0.90909091 0.90909091 0.92307692 0.88888889 1.
 0.92307692 0.90909091 0.90909091 0.8        0.90909091 0.72727273
 1.         0.90909091 1.         0.90909091 1.         0.90909091
 0.92307692 0.8        0.8        0.90909091 0.92307692 1.
 0.88888889 0.88888889 0.92307692 1.         1.         0.90909091
 0.92307692 0.90909091 0.90909091 0.92307692 0.75       0.88888889
 0.90909091 0.92307692 1.         1.         1.         0.90909091
 0.90909091 0.90909091 0.88888889 0.90909091 0.83333333 0.92307692
 0.90909091 1.         0.90909091 0.90909091 0.8        0.83333333
 0.90909091 1.         1.         0.83333333 1.         0.92307692
 0.90909091 1.         0.90909091 0.90909091 1.         0.88888889
 0.8        0.85714286 0.92307692 0.90909091 0.90909091 1.
 0.90909091 0.90909091 0.75       0.90909091 0.92307692 1.
 1.         1.         0.90909091 0.90909091 1.         0.90909091
 0.75       0.90909091 0.90909091 0.92307692]
Mean f1: 0.9114152514152514
Dev: 0.0688002516324135
DT_SMOTE Cross-Validation Results f1:
 [0.96969697 1.         1.         0.96969697 1.         0.96969697
 1.         0.93333333 1.         0.96774194 1.         1.
 1.         0.96774194 0.94117647 0.96969697 1.         0.96551724
 1.         1.         1.         1.         0.96774194 1.
 0.96969697 0.96969697 1.         0.96774194 1.         1.
 0.96774194 0.96969697 1.         1.         0.96774194 0.96969697
 1.         0.96774194 0.96969697 1.         0.96774194 1.
 0.96969697 1.         1.         0.96969697 0.96551724 1.
 0.96969697 0.96969697 0.96969697 0.96774194 1.         1.
 0.81481481 1.         0.96774194 1.         0.96969697 1.
 1.         0.96774194 1.         0.96774194 1.         0.96969697
 0.90322581 1.         1.         1.         0.96969697 0.96774194
 1.         0.96969697 1.         1.         0.96551724 0.96774194
 0.96969697 1.         0.96774194 1.         0.875      1.
 1.         0.96969697 1.         0.96774194 1.         1.
 1.         1.         0.96969697 0.96774194 1.         1.
 1.         0.93333333 0.96969697 0.96969697]
Mean f1: 0.9805207868891537
Dev: 0.027580119947161297
DT_BrdSMOTE Cross-Validation Results f1:
 [0.96969697 1.         1.         0.94117647 1.         0.96969697
 0.96774194 0.96774194 1.         0.96774194 1.         1.
 1.         1.         0.91428571 0.96969697 1.         0.93333333
 0.96969697 1.         0.96969697 1.         1.         1.
 0.9375     0.96969697 0.96774194 0.9375     1.         1.
 1.         1.         1.         0.96969697 0.96774194 0.94117647
 1.         0.96774194 0.94117647 1.         0.96774194 1.
 1.         0.96969697 1.         0.94117647 1.         1.
 0.94117647 0.96969697 0.96969697 1.         0.96969697 1.
 0.96774194 0.96969697 0.9375     1.         0.96969697 1.
 1.         0.9375     1.         1.         1.         0.94117647
 0.9375     1.         0.96969697 1.         0.96969697 0.96774194
 1.         0.96969697 0.96969697 0.96969697 1.         0.96774194
 0.96969697 1.         1.         1.         0.96969697 1.
 0.96969697 0.96969697 0.96774194 0.93333333 1.         1.
 1.         1.         1.         0.96774194 0.96969697 1.
 0.96774194 0.9375     0.90322581 0.96969697]
Mean f1: 0.9780960944495101
Dev: 0.02395576193214531
DT_GAN Cross-Validation Results f1:
 [0.96       1.         1.         0.96       0.96       1.
 0.92307692 0.95652174 1.         0.96       1.         1.
 1.         0.91666667 1.         1.         0.92307692 1.
 0.91666667 0.96       1.         0.96       0.96       0.96
 0.91666667 1.         0.96       1.         0.96       1.
 1.         0.96296296 1.         1.         0.92857143 0.96
 1.         0.95652174 1.         1.         0.96296296 1.
 0.92307692 1.         1.         1.         1.         0.96
 0.88       0.95652174 0.96       0.96296296 1.         1.
 0.96       1.         1.         1.         0.95652174 0.92307692
 0.92307692 1.         0.96       1.         0.96       0.91666667
 0.95652174 0.88       1.         0.90909091 0.96       0.96
 1.         0.96296296 1.         1.         0.96       0.96
 0.95652174 1.         0.96296296 1.         0.91666667 1.
 1.         1.         0.96       1.         1.         0.95652174
 1.         1.         1.         0.96       1.         0.92307692
 0.91666667 0.95652174 1.         1.        ]
Mean f1: 0.9722311260398219
Dev: 0.03152882438016288
RF Cross-Validation Results f1:
 [1.         0.90909091 0.90909091 0.72727273 0.90909091 0.92307692
 0.57142857 0.90909091 1.         1.         1.         0.92307692
 1.         0.90909091 0.90909091 0.92307692 0.88888889 1.
 0.92307692 0.44444444 1.         0.66666667 0.90909091 0.92307692
 1.         0.90909091 0.75       0.90909091 1.         0.90909091
 1.         1.         0.8        1.         0.92307692 0.90909091
 1.         0.88888889 0.92307692 1.         1.         1.
 0.83333333 1.         0.90909091 0.92307692 0.75       1.
 0.90909091 1.         0.90909091 1.         0.90909091 0.90909091
 1.         1.         1.         0.90909091 0.83333333 0.8
 1.         1.         1.         0.90909091 0.8        0.72727273
 0.90909091 1.         1.         0.83333333 1.         0.92307692
 0.90909091 1.         1.         0.90909091 1.         0.88888889
 0.90909091 0.92307692 0.83333333 0.90909091 0.90909091 1.
 1.         0.8        0.75       1.         1.         1.
 1.         1.         1.         0.90909091 1.         0.8
 0.75       0.90909091 0.90909091 0.92307692]
Mean f1: 0.9183638583638583
Dev: 0.0985960610610165
RF_SMOTE Cross-Validation Results f1:
 [0.96969697 1.         1.         0.96969697 0.96774194 0.96969697
 1.         0.93333333 1.         0.96774194 1.         0.96774194
 1.         0.96774194 0.94117647 0.96969697 1.         0.96551724
 1.         1.         1.         1.         0.96774194 1.
 0.9375     0.96969697 1.         0.96774194 1.         0.96969697
 0.96774194 1.         1.         1.         0.96774194 0.96969697
 1.         0.96774194 0.90322581 1.         0.96774194 1.
 1.         1.         1.         0.96969697 0.96551724 1.
 0.96969697 0.96969697 0.96969697 0.96774194 1.         1.
 0.96774194 1.         0.96774194 1.         0.96969697 1.
 1.         0.96774194 1.         0.96774194 1.         0.96969697
 0.93333333 1.         1.         1.         1.         0.96774194
 1.         0.96969697 0.96774194 1.         0.96551724 0.96774194
 0.96969697 1.         0.96774194 1.         0.96969697 1.
 1.         0.96969697 1.         0.96551724 0.96774194 1.
 1.         1.         1.         0.96774194 1.         1.
 1.         0.93333333 0.96969697 0.96969697]
Mean f1: 0.9819079431196082
Dev: 0.020344154529744068
RF_BrdSMOTE Cross-Validation Results f1:
 [0.96969697 1.         1.         0.96969697 1.         0.96969697
 1.         1.         1.         0.96774194 1.         1.
 1.         1.         0.94117647 0.96969697 1.         0.93333333
 0.96969697 1.         0.96969697 1.         1.         1.
 0.9375     0.96969697 0.96774194 0.9375     1.         0.96969697
 1.         1.         1.         1.         0.96774194 0.94117647
 1.         0.96774194 0.94117647 1.         1.         1.
 1.         0.96969697 1.         0.94117647 1.         1.
 0.94117647 0.96969697 0.96969697 1.         0.96969697 1.
 0.96774194 0.96969697 0.9375     0.9375     0.96969697 1.
 1.         0.96969697 1.         1.         1.         0.94117647
 0.9375     1.         0.96969697 1.         1.         0.96774194
 1.         0.96969697 0.96969697 1.         1.         0.96774194
 0.96969697 1.         1.         1.         0.96969697 1.
 0.96969697 0.96969697 0.96774194 0.93333333 1.         1.
 0.96969697 1.         1.         0.96774194 1.         1.
 0.96774194 1.         0.96969697 0.96969697]
Mean f1: 0.9812106908745903
Dev: 0.021734819811660665
RF_GAN Cross-Validation Results f1:
 [0.96296296 0.96296296 0.96       0.91666667 1.         1.
 0.92307692 1.         1.         0.96       0.96296296 0.96
 0.96       0.91666667 1.         1.         0.92307692 1.
 0.91666667 0.95652174 1.         1.         0.92307692 0.92307692
 0.91666667 1.         0.96       1.         0.91666667 1.
 0.96       0.96       1.         0.96296296 0.88888889 0.96296296
 1.         1.         0.95652174 0.95652174 0.96296296 1.
 1.         1.         1.         0.92307692 1.         0.96
 0.96       0.90909091 0.96       1.         1.         0.96296296
 1.         0.96296296 1.         1.         0.90909091 0.92307692
 1.         0.92307692 1.         1.         0.96       0.91666667
 1.         0.92307692 0.96       1.         1.         0.96
 1.         0.96       1.         1.         0.95652174 0.92307692
 0.96       0.95652174 0.96       0.91666667 0.96296296 1.
 1.         1.         0.96       1.         1.         0.92307692
 0.96296296 0.91666667 1.         0.96       0.96       0.92307692
 0.96       0.91666667 1.         1.        ]
Mean f1: 0.9672315518619868
Dev: 0.03228861403920914
XGB Cross-Validation Results f1:
 [1.         0.90909091 1.         0.92307692 0.90909091 0.92307692
 0.75       1.         1.         1.         1.         1.
 0.90909091 0.8        0.90909091 0.92307692 0.88888889 1.
 0.92307692 0.8        1.         0.8        0.90909091 0.92307692
 1.         0.90909091 0.88888889 0.90909091 1.         1.
 1.         0.8        0.8        1.         0.92307692 1.
 1.         0.88888889 0.92307692 1.         1.         1.
 0.92307692 0.90909091 0.90909091 0.92307692 0.75       0.88888889
 0.90909091 1.         0.90909091 1.         1.         0.90909091
 1.         1.         1.         1.         0.83333333 0.83333333
 1.         1.         1.         0.90909091 0.8        0.83333333
 0.90909091 1.         1.         1.         1.         0.92307692
 0.90909091 1.         0.90909091 0.8        1.         0.88888889
 0.90909091 0.92307692 0.83333333 1.         0.90909091 1.
 1.         0.90909091 0.75       0.90909091 1.         1.
 1.         1.         1.         1.         1.         0.90909091
 0.75       0.90909091 0.90909091 0.92307692]
Mean f1: 0.9336379176379175
Dev: 0.07235575100968282
XGB_SMOTE Cross-Validation Results f1:
 [0.9375     1.         1.         0.96969697 0.96774194 0.96969697
 1.         0.96551724 1.         0.96774194 1.         0.96774194
 1.         0.96774194 0.96969697 0.96969697 1.         0.96551724
 1.         1.         1.         1.         0.96774194 1.
 0.9375     0.96774194 1.         0.93333333 0.96774194 1.
 0.96774194 1.         1.         0.96774194 0.96774194 0.96969697
 1.         0.93333333 0.93333333 0.96969697 0.96774194 1.
 1.         1.         0.96774194 0.96969697 0.96551724 1.
 0.96969697 1.         1.         0.96774194 1.         1.
 0.89655172 0.96774194 0.96774194 0.96774194 0.96969697 0.96774194
 1.         0.93333333 1.         0.96774194 1.         0.9375
 0.93333333 1.         0.96969697 0.96969697 0.96774194 0.96774194
 1.         0.90322581 0.93333333 0.96774194 0.90322581 0.96774194
 1.         1.         0.96774194 1.         0.96969697 0.96969697
 1.         0.90322581 1.         0.96551724 0.96774194 1.
 0.96969697 0.96774194 0.96774194 0.96774194 1.         1.
 0.96774194 0.96551724 0.96969697 0.9375    ]
Mean f1: 0.9742604408939225
Dev: 0.025237309680234552
XGB_BrdSMOTE Cross-Validation Results f1:
 [1.         1.         1.         0.96969697 1.         0.96969697
 1.         1.         1.         0.93333333 1.         1.
 1.         1.         0.96969697 0.96969697 1.         0.96551724
 0.96774194 1.         1.         1.         1.         1.
 0.9375     0.9375     1.         0.96774194 1.         1.
 1.         1.         1.         1.         0.96774194 0.96969697
 1.         0.96774194 1.         0.96774194 0.93333333 1.
 1.         1.         1.         0.96969697 1.         1.
 0.96969697 1.         1.         1.         1.         1.
 0.96774194 1.         0.96774194 0.96774194 0.96969697 1.
 1.         0.96774194 0.96969697 1.         1.         0.96969697
 0.9375     1.         0.96774194 1.         1.         0.96774194
 1.         0.96969697 1.         0.96774194 0.96774194 0.96774194
 1.         1.         1.         1.         0.96969697 1.
 1.         0.96969697 1.         0.92857143 1.         1.
 1.         1.         0.96774194 0.96774194 1.         1.
 1.         1.         0.96969697 0.96969697]
Mean f1: 0.9860258084981389
Dev: 0.01944077309127978
XGB_GAN Cross-Validation Results f1:
 [0.96296296 1.         1.         0.91666667 1.         0.96296296
 0.92307692 0.95652174 1.         0.96       0.96296296 0.96
 0.96       0.96       1.         1.         0.92307692 1.
 0.95652174 0.92307692 0.92307692 1.         0.96       0.92857143
 1.         1.         0.96       0.95652174 0.91666667 1.
 0.96       0.88888889 1.         0.96       0.88888889 0.96296296
 1.         0.96       1.         0.95652174 0.96296296 0.96
 1.         1.         0.96296296 0.96296296 1.         0.96
 0.88888889 0.86956522 0.96       0.96296296 0.91666667 0.96296296
 0.96       0.96296296 1.         0.96       0.90909091 0.92307692
 1.         0.96       1.         1.         0.96       0.96
 0.96       0.92307692 0.96       0.95652174 0.96296296 0.96
 0.96296296 1.         1.         1.         0.86956522 0.92307692
 0.96       0.91666667 0.92307692 0.96       0.92857143 1.
 0.96       0.96       0.92307692 0.96       1.         0.91666667
 0.96296296 0.96       1.         0.96       1.         0.92857143
 0.86956522 0.96       1.         1.        ]
Mean f1: 0.9604232036884209
Dev: 0.033922874672583106
XGB_RF Cross-Validation Results f1:
 [1.         0.90909091 0.92307692 0.72727273 0.83333333 0.92307692
 0.57142857 0.90909091 1.         1.         1.         1.
 0.90909091 1.         0.90909091 0.85714286 0.88888889 1.
 0.85714286 0.72727273 1.         0.66666667 0.90909091 0.85714286
 1.         1.         0.75       0.83333333 1.         0.92307692
 1.         1.         0.8        1.         0.92307692 0.92307692
 1.         0.8        0.85714286 1.         1.         1.
 0.92307692 0.92307692 0.90909091 0.92307692 0.88888889 1.
 0.83333333 0.92307692 0.8        1.         1.         0.85714286
 1.         1.         1.         1.         0.83333333 0.92307692
 0.92307692 0.92307692 1.         0.90909091 0.83333333 0.92307692
 0.8        1.         1.         1.         1.         0.92307692
 0.90909091 0.92307692 0.92307692 0.90909091 1.         0.90909091
 1.         0.92307692 0.76923077 1.         1.         1.
 0.92307692 0.92307692 0.88888889 0.90909091 1.         1.
 1.         1.         0.92307692 1.         1.         0.90909091
 0.88888889 0.90909091 0.92307692 0.92307692]
Mean f1: 0.9254568209568208
Dev: 0.08316001126427795
XGB_RF_SMOTE Cross-Validation Results f1:
 [1.         1.         0.96969697 0.96969697 1.         0.96969697
 1.         0.93333333 1.         0.96774194 1.         1.
 1.         0.96774194 0.96969697 0.94117647 1.         0.96551724
 0.96969697 1.         1.         1.         0.96774194 1.
 0.9375     1.         0.96774194 0.96774194 0.96969697 0.96969697
 0.96774194 0.96969697 1.         1.         0.96774194 0.96969697
 0.96774194 0.96774194 1.         0.96969697 0.96774194 1.
 0.96969697 1.         1.         0.96969697 0.96551724 0.96774194
 0.96969697 0.96969697 1.         0.96774194 0.96969697 1.
 0.96774194 1.         0.96774194 0.9375     0.96969697 1.
 1.         0.96774194 0.96969697 0.96774194 1.         0.94117647
 0.96774194 1.         1.         1.         1.         0.96774194
 1.         0.96969697 1.         1.         0.90322581 0.9375
 1.         1.         0.96774194 1.         0.96969697 0.96969697
 1.         0.96969697 0.96774194 0.96551724 1.         0.96969697
 0.96969697 1.         0.96969697 0.96774194 1.         1.
 1.         0.96551724 0.96969697 0.96969697]
Mean f1: 0.9792818290376117
Dev: 0.02000204689752064
XGB_RF_BrdSMOTE Cross-Validation Results f1:
 [0.96969697 1.         0.96969697 0.94117647 0.96969697 0.96969697
 0.96774194 0.96774194 1.         0.96774194 1.         0.96969697
 1.         1.         0.94117647 0.94117647 1.         0.93333333
 0.94117647 1.         0.96969697 1.         1.         1.
 0.9375     0.96969697 0.9375     0.9375     0.96969697 0.96969697
 1.         0.96969697 1.         0.96969697 0.96774194 0.94117647
 0.85714286 0.96774194 0.96969697 0.96969697 0.96774194 1.
 0.96969697 0.96969697 0.96969697 0.94117647 1.         0.96774194
 0.94117647 1.         1.         1.         0.94117647 1.
 0.96774194 0.96969697 0.9375     0.9375     0.96969697 1.
 1.         0.9375     0.96969697 1.         1.         0.91428571
 0.96774194 1.         0.96969697 1.         1.         0.96774194
 1.         0.96969697 0.96969697 0.96969697 0.9375     0.9375
 0.96969697 1.         1.         1.         0.96969697 0.96969697
 0.96969697 0.96969697 0.9375     0.93333333 1.         0.96969697
 0.96969697 1.         0.96969697 0.96774194 0.96969697 0.96969697
 0.96774194 0.96774194 0.96969697 0.96969697]
Mean f1: 0.9712504610348538
Dev: 0.024999091142456378
XGB_RF_GAN Cross-Validation Results f1:
 [0.96296296 0.92307692 0.96296296 0.96       1.         0.96296296
 0.92307692 1.         0.92307692 0.96       0.96296296 1.
 1.         0.91666667 0.96296296 0.96296296 0.88888889 1.
 0.91666667 0.88       0.92307692 1.         0.92307692 0.89655172
 0.91666667 1.         0.96       0.96       0.88       0.96
 0.96       0.92307692 1.         0.96296296 0.88888889 0.96296296
 1.         0.96       0.95652174 0.92307692 0.96296296 1.
 0.96296296 1.         0.96296296 0.92307692 0.96       0.92307692
 0.88888889 0.95652174 0.96       0.92857143 0.96       0.96296296
 1.         0.96296296 1.         0.96       0.90909091 0.88888889
 0.96296296 0.86666667 0.96       1.         0.96       0.91666667
 0.96       0.88888889 0.96       0.95652174 0.96296296 0.92307692
 1.         0.92307692 1.         0.96296296 0.91666667 0.92307692
 0.96       0.96       0.96296296 0.88       0.92857143 1.
 1.         1.         0.92307692 1.         1.         0.92307692
 0.96296296 0.96       1.         0.96       0.96296296 0.92857143
 0.91666667 0.92307692 1.         0.96      ]
Mean f1: 0.9525448338989569
Dev: 0.03548764090042465
