LR_RUS Cross-Validation Results accuracy:
 [0.92118227 0.91871921 0.93596059 0.94827586 0.93103448 0.908867
 0.92839506 0.93333333 0.9308642  0.94320988 0.93103448 0.91871921
 0.92364532 0.9137931  0.95073892 0.93349754 0.92839506 0.93333333
 0.94320988 0.92839506 0.92610837 0.93596059 0.93349754 0.93103448
 0.92857143 0.94581281 0.94074074 0.92345679 0.91851852 0.91604938
 0.91625616 0.92364532 0.91133005 0.9408867  0.94581281 0.91871921
 0.92839506 0.95802469 0.91604938 0.93333333 0.91871921 0.93349754
 0.93103448 0.95073892 0.93103448 0.93349754 0.92345679 0.93580247
 0.93333333 0.92839506 0.92857143 0.92118227 0.93842365 0.92610837
 0.92610837 0.93842365 0.92839506 0.95802469 0.91604938 0.92839506
 0.93349754 0.92610837 0.93103448 0.93596059 0.91625616 0.91133005
 0.93580247 0.94320988 0.92098765 0.94320988 0.92364532 0.92118227
 0.94581281 0.93349754 0.91625616 0.94581281 0.92098765 0.93580247
 0.94320988 0.9308642  0.93596059 0.9408867  0.92364532 0.95073892
 0.89655172 0.93596059 0.93580247 0.92592593 0.91358025 0.9382716
 0.93103448 0.93596059 0.92857143 0.94334975 0.92364532 0.95073892
 0.91851852 0.90617284 0.93580247 0.92592593]
Mean accuracy: 0.9303751140302866
Dev: 0.011322545307057886


LR_NM Cross-Validation Results accuracy:
 [0.92610837 0.92857143 0.88916256 0.93349754 0.93349754 0.92364532
 0.92345679 0.95061728 0.9037037  0.91851852 0.90147783 0.9137931
 0.91625616 0.92364532 0.93842365 0.92610837 0.93580247 0.94567901
 0.93580247 0.8962963  0.9137931  0.9137931  0.9137931  0.93349754
 0.93842365 0.94334975 0.90617284 0.9308642  0.91604938 0.91111111
 0.94827586 0.92118227 0.89162562 0.94581281 0.92610837 0.88669951
 0.9308642  0.95061728 0.90864198 0.91358025 0.89408867 0.93842365
 0.92857143 0.91871921 0.91625616 0.94334975 0.92098765 0.91358025
 0.92839506 0.91604938 0.93349754 0.92118227 0.92118227 0.90640394
 0.93596059 0.93596059 0.91851852 0.92345679 0.90864198 0.92345679
 0.92118227 0.91871921 0.93349754 0.94827586 0.90640394 0.9137931
 0.91358025 0.94074074 0.91604938 0.92592593 0.93596059 0.93103448
 0.92118227 0.91871921 0.90640394 0.93349754 0.90864198 0.94074074
 0.92592593 0.90864198 0.92610837 0.93596059 0.92610837 0.92118227
 0.908867   0.92857143 0.92592593 0.92098765 0.90123457 0.9308642
 0.9408867  0.9408867  0.90640394 0.908867   0.91625616 0.92857143
 0.93333333 0.9308642  0.92345679 0.88641975]
Mean accuracy: 0.9226567536337652
Dev: 0.014294790313760252


DT_RUS Cross-Validation Results accuracy:
 [0.9137931  0.93842365 0.91625616 0.93103448 0.92118227 0.92610837
 0.92839506 0.92592593 0.9382716  0.94320988 0.93842365 0.90394089
 0.91625616 0.92364532 0.93349754 0.93103448 0.93333333 0.94074074
 0.94320988 0.9308642  0.93103448 0.94827586 0.93103448 0.93596059
 0.93596059 0.9408867  0.9037037  0.92592593 0.90123457 0.92839506
 0.92118227 0.92364532 0.89162562 0.92610837 0.95566502 0.92364532
 0.9382716  0.95555556 0.90864198 0.93333333 0.92610837 0.92610837
 0.93349754 0.94334975 0.92364532 0.90640394 0.91358025 0.95061728
 0.94074074 0.89876543 0.92118227 0.91871921 0.92857143 0.92610837
 0.92610837 0.92857143 0.92592593 0.93580247 0.92345679 0.91604938
 0.93596059 0.93103448 0.9408867  0.93349754 0.93596059 0.9137931
 0.90864198 0.9308642  0.92839506 0.92098765 0.93103448 0.92857143
 0.92118227 0.92857143 0.9137931  0.91871921 0.93580247 0.92839506
 0.92098765 0.94567901 0.93596059 0.93596059 0.93349754 0.94827586
 0.89901478 0.9137931  0.91111111 0.89876543 0.92839506 0.91851852
 0.93103448 0.92118227 0.92118227 0.92364532 0.93103448 0.93349754
 0.91851852 0.91358025 0.93580247 0.91358025]
Mean accuracy: 0.9267005412637598
Dev: 0.012504654585255293


DT_NM Cross-Validation Results accuracy:
 [0.91133005 0.93842365 0.88423645 0.91625616 0.91133005 0.92857143
 0.91358025 0.95061728 0.91358025 0.90864198 0.9137931  0.91133005
 0.9408867  0.92118227 0.90147783 0.93103448 0.91851852 0.94320988
 0.93580247 0.91851852 0.91133005 0.92118227 0.92857143 0.91133005
 0.92857143 0.92118227 0.87654321 0.9308642  0.9037037  0.91851852
 0.93103448 0.90640394 0.908867   0.92857143 0.91133005 0.88423645
 0.94567901 0.92098765 0.91111111 0.9037037  0.90147783 0.87192118
 0.93103448 0.93349754 0.91871921 0.95073892 0.9308642  0.90123457
 0.91851852 0.87901235 0.92857143 0.91625616 0.90147783 0.89655172
 0.90640394 0.91625616 0.9037037  0.90864198 0.89876543 0.92839506
 0.91133005 0.92118227 0.91871921 0.94334975 0.89901478 0.92610837
 0.9037037  0.93580247 0.89876543 0.8962963  0.908867   0.94581281
 0.9137931  0.9137931  0.93596059 0.908867   0.91851852 0.90864198
 0.92345679 0.90864198 0.90394089 0.93349754 0.91871921 0.92610837
 0.91625616 0.90640394 0.92098765 0.91604938 0.93333333 0.92592593
 0.92118227 0.9137931  0.89655172 0.90394089 0.90394089 0.94334975
 0.91604938 0.91358025 0.92592593 0.92098765]
Mean accuracy: 0.9165923493279816
Dev: 0.015505310643384371


RF_RUS Cross-Validation Results accuracy:
 [0.96551724 0.95566502 0.95073892 0.97044335 0.96551724 0.96059113
 0.95308642 0.96049383 0.95555556 0.97037037 0.96059113 0.9408867
 0.95812808 0.94581281 0.97044335 0.9729064  0.95555556 0.95555556
 0.98271605 0.97037037 0.95073892 0.9679803  0.96059113 0.97536946
 0.97044335 0.96551724 0.95802469 0.92839506 0.95308642 0.96790123
 0.96059113 0.95073892 0.94334975 0.95566502 0.98522167 0.94581281
 0.97530864 0.97777778 0.95061728 0.96296296 0.95566502 0.96059113
 0.96305419 0.98029557 0.94827586 0.95812808 0.94074074 0.97037037
 0.9654321  0.95061728 0.96059113 0.97536946 0.95073892 0.95812808
 0.95073892 0.96305419 0.94814815 0.97283951 0.95802469 0.95802469
 0.96305419 0.96551724 0.9729064  0.9679803  0.96059113 0.95073892
 0.95802469 0.97037037 0.94814815 0.96049383 0.96059113 0.95320197
 0.9679803  0.95812808 0.94581281 0.95566502 0.96790123 0.9654321
 0.9654321  0.95308642 0.97536946 0.9729064  0.96305419 0.98275862
 0.9408867  0.97044335 0.96296296 0.95308642 0.93333333 0.95802469
 0.96059113 0.95320197 0.95812808 0.95566502 0.95812808 0.97044335
 0.94567901 0.9654321  0.96049383 0.96049383]
Mean accuracy: 0.9602800583835066
Dev: 0.010522420326213327


RF_NM Cross-Validation Results accuracy:
 [0.96059113 0.9679803  0.93596059 0.95566502 0.95320197 0.96551724
 0.95555556 0.97777778 0.94814815 0.9654321  0.9408867  0.95073892
 0.95320197 0.95320197 0.9679803  0.96305419 0.97283951 0.97037037
 0.96790123 0.95061728 0.94581281 0.96551724 0.96551724 0.96551724
 0.95320197 0.9679803  0.94814815 0.95555556 0.93333333 0.97283951
 0.95812808 0.96551724 0.92118227 0.95320197 0.96551724 0.93842365
 0.98271605 0.9654321  0.95308642 0.97037037 0.93596059 0.96305419
 0.9729064  0.9729064  0.9408867  0.96551724 0.96049383 0.95555556
 0.96296296 0.94567901 0.96059113 0.95812808 0.95566502 0.95566502
 0.96305419 0.97044335 0.96296296 0.95061728 0.95802469 0.95802469
 0.97044335 0.97044335 0.94827586 0.97044335 0.95320197 0.94827586
 0.94320988 0.96790123 0.95308642 0.96049383 0.96551724 0.9679803
 0.95566502 0.94581281 0.95073892 0.94581281 0.95555556 0.96296296
 0.95555556 0.94074074 0.94827586 0.95812808 0.96551724 0.97044335
 0.94827586 0.97044335 0.95555556 0.95555556 0.94814815 0.96049383
 0.96551724 0.95566502 0.95812808 0.93349754 0.95320197 0.95812808
 0.96049383 0.97283951 0.95802469 0.96049383]
Mean accuracy: 0.957816639299398
Dev: 0.010763449901691468


XGB_RUS Cross-Validation Results accuracy:
 [0.95320197 0.96059113 0.95320197 0.96305419 0.96551724 0.97783251
 0.96296296 0.95802469 0.96049383 0.96296296 0.96305419 0.95812808
 0.95073892 0.95073892 0.9679803  0.96551724 0.96049383 0.96296296
 0.98271605 0.9654321  0.96305419 0.96551724 0.96059113 0.9729064
 0.9679803  0.97044335 0.95555556 0.95802469 0.96049383 0.9654321
 0.95073892 0.95812808 0.95073892 0.95320197 0.98275862 0.95073892
 0.97530864 0.98024691 0.95061728 0.95555556 0.95073892 0.95566502
 0.97536946 0.98275862 0.96305419 0.95812808 0.94814815 0.97777778
 0.96049383 0.95308642 0.95320197 0.9729064  0.97044335 0.96551724
 0.97044335 0.96305419 0.95555556 0.9654321  0.97283951 0.96296296
 0.96551724 0.95566502 0.96305419 0.96551724 0.96305419 0.9679803
 0.94567901 0.96296296 0.95308642 0.9654321  0.96551724 0.95812808
 0.97044335 0.96059113 0.95566502 0.96059113 0.97037037 0.96049383
 0.97283951 0.9654321  0.9679803  0.9729064  0.95566502 0.97783251
 0.95566502 0.96305419 0.95802469 0.95802469 0.93580247 0.97037037
 0.96305419 0.94827586 0.96551724 0.96305419 0.96551724 0.96305419
 0.94567901 0.97283951 0.96790123 0.95802469]
Mean accuracy: 0.9624747917046769
Dev: 0.008745800813633848


XGB_NM Cross-Validation Results accuracy:
 [0.95073892 0.96305419 0.94581281 0.97783251 0.95073892 0.95812808
 0.94814815 0.97530864 0.96296296 0.96790123 0.95073892 0.95812808
 0.94581281 0.95073892 0.9729064  0.96305419 0.9654321  0.97283951
 0.96790123 0.95308642 0.97044335 0.95566502 0.9729064  0.95320197
 0.96551724 0.97044335 0.94814815 0.95555556 0.94320988 0.97037037
 0.9679803  0.96059113 0.92364532 0.96059113 0.9729064  0.94334975
 0.98518519 0.97283951 0.95308642 0.95802469 0.9408867  0.95812808
 0.98029557 0.97536946 0.94827586 0.95812808 0.96049383 0.95802469
 0.96049383 0.95308642 0.96059113 0.95812808 0.96305419 0.95812808
 0.96305419 0.97044335 0.95555556 0.94814815 0.95061728 0.96790123
 0.9679803  0.96551724 0.96551724 0.9729064  0.95073892 0.95812808
 0.9382716  0.96296296 0.95061728 0.95802469 0.95812808 0.96551724
 0.95812808 0.95566502 0.95812808 0.95812808 0.96296296 0.96296296
 0.97530864 0.94567901 0.95073892 0.95566502 0.9729064  0.9679803
 0.95320197 0.9729064  0.97283951 0.95802469 0.94074074 0.97037037
 0.96551724 0.96551724 0.96059113 0.95566502 0.96059113 0.96305419
 0.96296296 0.9654321  0.94814815 0.96049383]
Mean accuracy: 0.9600835005777535
Dev: 0.0101534168021042


XGB_RF_RUS Cross-Validation Results accuracy:
 [0.94334975 0.94334975 0.93596059 0.94827586 0.93842365 0.94334975
 0.94814815 0.9308642  0.95308642 0.95802469 0.94334975 0.93596059
 0.94581281 0.92857143 0.94334975 0.94581281 0.9308642  0.94074074
 0.96790123 0.95555556 0.94581281 0.95320197 0.94581281 0.94827586
 0.96305419 0.95812808 0.92098765 0.92592593 0.9382716  0.94814815
 0.9408867  0.93596059 0.91625616 0.93842365 0.96305419 0.93842365
 0.95061728 0.9654321  0.94320988 0.95555556 0.9408867  0.94581281
 0.96059113 0.94334975 0.93842365 0.92857143 0.92098765 0.95802469
 0.95555556 0.92345679 0.94827586 0.96305419 0.92857143 0.93842365
 0.94827586 0.95812808 0.93580247 0.95308642 0.94320988 0.94074074
 0.95566502 0.94334975 0.95320197 0.95566502 0.93842365 0.93596059
 0.9308642  0.94320988 0.93580247 0.94567901 0.95566502 0.94581281
 0.95812808 0.95320197 0.93103448 0.93842365 0.94567901 0.94567901
 0.94814815 0.94814815 0.94827586 0.95812808 0.94827586 0.9679803
 0.92610837 0.95073892 0.94814815 0.93333333 0.92839506 0.95061728
 0.95073892 0.93842365 0.95566502 0.93596059 0.94827586 0.95073892
 0.93580247 0.95061728 0.95308642 0.94567901]
Mean accuracy: 0.9448215045916197
Dev: 0.010751868093090557


XGB_RF_NM Cross-Validation Results accuracy:
 [0.9408867  0.95320197 0.9137931  0.95073892 0.92857143 0.93842365
 0.93333333 0.94814815 0.92592593 0.9308642  0.92364532 0.92610837
 0.93842365 0.91625616 0.93596059 0.94334975 0.94567901 0.95308642
 0.95802469 0.93333333 0.93596059 0.93349754 0.94334975 0.92364532
 0.93842365 0.94827586 0.91358025 0.91851852 0.92098765 0.95061728
 0.94334975 0.92610837 0.92118227 0.93842365 0.9408867  0.93103448
 0.95555556 0.95802469 0.92345679 0.93333333 0.92610837 0.908867
 0.9408867  0.95812808 0.92857143 0.95566502 0.9308642  0.9382716
 0.94567901 0.92345679 0.94827586 0.93349754 0.93596059 0.92610837
 0.93103448 0.92857143 0.93333333 0.92839506 0.9308642  0.95061728
 0.93596059 0.95073892 0.94334975 0.95320197 0.9137931  0.93103448
 0.92592593 0.95555556 0.91851852 0.92839506 0.94827586 0.95566502
 0.9137931  0.92118227 0.9408867  0.92610837 0.93580247 0.91851852
 0.93580247 0.91851852 0.92364532 0.93842365 0.94827586 0.9408867
 0.93103448 0.9408867  0.94320988 0.93333333 0.9382716  0.94567901
 0.93103448 0.91871921 0.95566502 0.90147783 0.91871921 0.95073892
 0.92592593 0.95061728 0.94814815 0.94320988]
Mean accuracy: 0.9353805266678831
Dev: 0.012683452776328498


LR_RUS Cross-Validation Results accuracy:
 [0.92118227 0.91871921 0.93596059 0.94827586 0.93103448 0.908867
 0.92839506 0.93333333 0.9308642  0.94320988 0.93103448 0.91871921
 0.92364532 0.9137931  0.95073892 0.93349754 0.92839506 0.93333333
 0.94320988 0.92839506 0.92610837 0.93596059 0.93349754 0.93103448
 0.92857143 0.94581281 0.94074074 0.92345679 0.91851852 0.91604938
 0.91625616 0.92364532 0.91133005 0.9408867  0.94581281 0.91871921
 0.92839506 0.95802469 0.91604938 0.93333333 0.91871921 0.93349754
 0.93103448 0.95073892 0.93103448 0.93349754 0.92345679 0.93580247
 0.93333333 0.92839506 0.92857143 0.92118227 0.93842365 0.92610837
 0.92610837 0.93842365 0.92839506 0.95802469 0.91604938 0.92839506
 0.93349754 0.92610837 0.93103448 0.93596059 0.91625616 0.91133005
 0.93580247 0.94320988 0.92098765 0.94320988 0.92364532 0.92118227
 0.94581281 0.93349754 0.91625616 0.94581281 0.92098765 0.93580247
 0.94320988 0.9308642  0.93596059 0.9408867  0.92364532 0.95073892
 0.89655172 0.93596059 0.93580247 0.92592593 0.91358025 0.9382716
 0.93103448 0.93596059 0.92857143 0.94334975 0.92364532 0.95073892
 0.91851852 0.90617284 0.93580247 0.92592593]
Mean accuracy: 0.9303751140302866
Dev: 0.011322545307057886


LR_NM Cross-Validation Results accuracy:
 [0.92610837 0.92857143 0.88916256 0.93349754 0.93349754 0.92364532
 0.92345679 0.95061728 0.9037037  0.91851852 0.90147783 0.9137931
 0.91625616 0.92364532 0.93842365 0.92610837 0.93580247 0.94567901
 0.93580247 0.8962963  0.9137931  0.9137931  0.9137931  0.93349754
 0.93842365 0.94334975 0.90617284 0.9308642  0.91604938 0.91111111
 0.94827586 0.92118227 0.89162562 0.94581281 0.92610837 0.88669951
 0.9308642  0.95061728 0.90864198 0.91358025 0.89408867 0.93842365
 0.92857143 0.91871921 0.91625616 0.94334975 0.92098765 0.91358025
 0.92839506 0.91604938 0.93349754 0.92118227 0.92118227 0.90640394
 0.93596059 0.93596059 0.91851852 0.92345679 0.90864198 0.92345679
 0.92118227 0.91871921 0.93349754 0.94827586 0.90640394 0.9137931
 0.91358025 0.94074074 0.91604938 0.92592593 0.93596059 0.93103448
 0.92118227 0.91871921 0.90640394 0.93349754 0.90864198 0.94074074
 0.92592593 0.90864198 0.92610837 0.93596059 0.92610837 0.92118227
 0.908867   0.92857143 0.92592593 0.92098765 0.90123457 0.9308642
 0.9408867  0.9408867  0.90640394 0.908867   0.91625616 0.92857143
 0.93333333 0.9308642  0.92345679 0.88641975]
Mean accuracy: 0.9226567536337652
Dev: 0.014294790313760252


DT_RUS Cross-Validation Results accuracy:
 [0.9137931  0.93842365 0.91625616 0.93103448 0.92118227 0.92610837
 0.92839506 0.92592593 0.9382716  0.94320988 0.93842365 0.90394089
 0.91625616 0.92364532 0.93349754 0.93103448 0.93333333 0.94074074
 0.94320988 0.9308642  0.93103448 0.94827586 0.93103448 0.93596059
 0.93596059 0.9408867  0.9037037  0.92592593 0.90123457 0.92839506
 0.92118227 0.92364532 0.89162562 0.92610837 0.95566502 0.92364532
 0.9382716  0.95555556 0.90864198 0.93333333 0.92610837 0.92610837
 0.93349754 0.94334975 0.92364532 0.90640394 0.91358025 0.95061728
 0.94074074 0.89876543 0.92118227 0.91871921 0.92857143 0.92610837
 0.92610837 0.92857143 0.92592593 0.93580247 0.92345679 0.91604938
 0.93596059 0.93103448 0.9408867  0.93349754 0.93596059 0.9137931
 0.90864198 0.9308642  0.92839506 0.92098765 0.93103448 0.92857143
 0.92118227 0.92857143 0.9137931  0.91871921 0.93580247 0.92839506
 0.92098765 0.94567901 0.93596059 0.93596059 0.93349754 0.94827586
 0.89901478 0.9137931  0.91111111 0.89876543 0.92839506 0.91851852
 0.93103448 0.92118227 0.92118227 0.92364532 0.93103448 0.93349754
 0.91851852 0.91358025 0.93580247 0.91358025]
Mean accuracy: 0.9267005412637598
Dev: 0.012504654585255293


DT_NM Cross-Validation Results accuracy:
 [0.91133005 0.93842365 0.88423645 0.91625616 0.91133005 0.92857143
 0.91358025 0.95061728 0.91358025 0.90864198 0.9137931  0.91133005
 0.9408867  0.92118227 0.90147783 0.93103448 0.91851852 0.94320988
 0.93580247 0.91851852 0.91133005 0.92118227 0.92857143 0.91133005
 0.92857143 0.92118227 0.87654321 0.9308642  0.9037037  0.91851852
 0.93103448 0.90640394 0.908867   0.92857143 0.91133005 0.88423645
 0.94567901 0.92098765 0.91111111 0.9037037  0.90147783 0.87192118
 0.93103448 0.93349754 0.91871921 0.95073892 0.9308642  0.90123457
 0.91851852 0.87901235 0.92857143 0.91625616 0.90147783 0.89655172
 0.90640394 0.91625616 0.9037037  0.90864198 0.89876543 0.92839506
 0.91133005 0.92118227 0.91871921 0.94334975 0.89901478 0.92610837
 0.9037037  0.93580247 0.89876543 0.8962963  0.908867   0.94581281
 0.9137931  0.9137931  0.93596059 0.908867   0.91851852 0.90864198
 0.92345679 0.90864198 0.90394089 0.93349754 0.91871921 0.92610837
 0.91625616 0.90640394 0.92098765 0.91604938 0.93333333 0.92592593
 0.92118227 0.9137931  0.89655172 0.90394089 0.90394089 0.94334975
 0.91604938 0.91358025 0.92592593 0.92098765]
Mean accuracy: 0.9165923493279816
Dev: 0.015505310643384371


RF_RUS Cross-Validation Results accuracy:
 [0.96551724 0.95566502 0.95073892 0.97044335 0.96551724 0.96059113
 0.95308642 0.96049383 0.95555556 0.97037037 0.96059113 0.9408867
 0.95812808 0.94581281 0.97044335 0.9729064  0.95555556 0.95555556
 0.98271605 0.97037037 0.95073892 0.9679803  0.96059113 0.97536946
 0.97044335 0.96551724 0.95802469 0.92839506 0.95308642 0.96790123
 0.96059113 0.95073892 0.94334975 0.95566502 0.98522167 0.94581281
 0.97530864 0.97777778 0.95061728 0.96296296 0.95566502 0.96059113
 0.96305419 0.98029557 0.94827586 0.95812808 0.94074074 0.97037037
 0.9654321  0.95061728 0.96059113 0.97536946 0.95073892 0.95812808
 0.95073892 0.96305419 0.94814815 0.97283951 0.95802469 0.95802469
 0.96305419 0.96551724 0.9729064  0.9679803  0.96059113 0.95073892
 0.95802469 0.97037037 0.94814815 0.96049383 0.96059113 0.95320197
 0.9679803  0.95812808 0.94581281 0.95566502 0.96790123 0.9654321
 0.9654321  0.95308642 0.97536946 0.9729064  0.96305419 0.98275862
 0.9408867  0.97044335 0.96296296 0.95308642 0.93333333 0.95802469
 0.96059113 0.95320197 0.95812808 0.95566502 0.95812808 0.97044335
 0.94567901 0.9654321  0.96049383 0.96049383]
Mean accuracy: 0.9602800583835066
Dev: 0.010522420326213327


RF_NM Cross-Validation Results accuracy:
 [0.96059113 0.9679803  0.93596059 0.95566502 0.95320197 0.96551724
 0.95555556 0.97777778 0.94814815 0.9654321  0.9408867  0.95073892
 0.95320197 0.95320197 0.9679803  0.96305419 0.97283951 0.97037037
 0.96790123 0.95061728 0.94581281 0.96551724 0.96551724 0.96551724
 0.95320197 0.9679803  0.94814815 0.95555556 0.93333333 0.97283951
 0.95812808 0.96551724 0.92118227 0.95320197 0.96551724 0.93842365
 0.98271605 0.9654321  0.95308642 0.97037037 0.93596059 0.96305419
 0.9729064  0.9729064  0.9408867  0.96551724 0.96049383 0.95555556
 0.96296296 0.94567901 0.96059113 0.95812808 0.95566502 0.95566502
 0.96305419 0.97044335 0.96296296 0.95061728 0.95802469 0.95802469
 0.97044335 0.97044335 0.94827586 0.97044335 0.95320197 0.94827586
 0.94320988 0.96790123 0.95308642 0.96049383 0.96551724 0.9679803
 0.95566502 0.94581281 0.95073892 0.94581281 0.95555556 0.96296296
 0.95555556 0.94074074 0.94827586 0.95812808 0.96551724 0.97044335
 0.94827586 0.97044335 0.95555556 0.95555556 0.94814815 0.96049383
 0.96551724 0.95566502 0.95812808 0.93349754 0.95320197 0.95812808
 0.96049383 0.97283951 0.95802469 0.96049383]
Mean accuracy: 0.957816639299398
Dev: 0.010763449901691468


XGB_RUS Cross-Validation Results accuracy:
 [0.95320197 0.96059113 0.95320197 0.96305419 0.96551724 0.97783251
 0.96296296 0.95802469 0.96049383 0.96296296 0.96305419 0.95812808
 0.95073892 0.95073892 0.9679803  0.96551724 0.96049383 0.96296296
 0.98271605 0.9654321  0.96305419 0.96551724 0.96059113 0.9729064
 0.9679803  0.97044335 0.95555556 0.95802469 0.96049383 0.9654321
 0.95073892 0.95812808 0.95073892 0.95320197 0.98275862 0.95073892
 0.97530864 0.98024691 0.95061728 0.95555556 0.95073892 0.95566502
 0.97536946 0.98275862 0.96305419 0.95812808 0.94814815 0.97777778
 0.96049383 0.95308642 0.95320197 0.9729064  0.97044335 0.96551724
 0.97044335 0.96305419 0.95555556 0.9654321  0.97283951 0.96296296
 0.96551724 0.95566502 0.96305419 0.96551724 0.96305419 0.9679803
 0.94567901 0.96296296 0.95308642 0.9654321  0.96551724 0.95812808
 0.97044335 0.96059113 0.95566502 0.96059113 0.97037037 0.96049383
 0.97283951 0.9654321  0.9679803  0.9729064  0.95566502 0.97783251
 0.95566502 0.96305419 0.95802469 0.95802469 0.93580247 0.97037037
 0.96305419 0.94827586 0.96551724 0.96305419 0.96551724 0.96305419
 0.94567901 0.97283951 0.96790123 0.95802469]
Mean accuracy: 0.9624747917046769
Dev: 0.008745800813633848


XGB_NM Cross-Validation Results accuracy:
 [0.95073892 0.96305419 0.94581281 0.97783251 0.95073892 0.95812808
 0.94814815 0.97530864 0.96296296 0.96790123 0.95073892 0.95812808
 0.94581281 0.95073892 0.9729064  0.96305419 0.9654321  0.97283951
 0.96790123 0.95308642 0.97044335 0.95566502 0.9729064  0.95320197
 0.96551724 0.97044335 0.94814815 0.95555556 0.94320988 0.97037037
 0.9679803  0.96059113 0.92364532 0.96059113 0.9729064  0.94334975
 0.98518519 0.97283951 0.95308642 0.95802469 0.9408867  0.95812808
 0.98029557 0.97536946 0.94827586 0.95812808 0.96049383 0.95802469
 0.96049383 0.95308642 0.96059113 0.95812808 0.96305419 0.95812808
 0.96305419 0.97044335 0.95555556 0.94814815 0.95061728 0.96790123
 0.9679803  0.96551724 0.96551724 0.9729064  0.95073892 0.95812808
 0.9382716  0.96296296 0.95061728 0.95802469 0.95812808 0.96551724
 0.95812808 0.95566502 0.95812808 0.95812808 0.96296296 0.96296296
 0.97530864 0.94567901 0.95073892 0.95566502 0.9729064  0.9679803
 0.95320197 0.9729064  0.97283951 0.95802469 0.94074074 0.97037037
 0.96551724 0.96551724 0.96059113 0.95566502 0.96059113 0.96305419
 0.96296296 0.9654321  0.94814815 0.96049383]
Mean accuracy: 0.9600835005777535
Dev: 0.0101534168021042


XGB_RF_RUS Cross-Validation Results accuracy:
 [0.94334975 0.94334975 0.93596059 0.94827586 0.93842365 0.94334975
 0.94814815 0.9308642  0.95308642 0.95802469 0.94334975 0.93596059
 0.94581281 0.92857143 0.94334975 0.94581281 0.9308642  0.94074074
 0.96790123 0.95555556 0.94581281 0.95320197 0.94581281 0.94827586
 0.96305419 0.95812808 0.92098765 0.92592593 0.9382716  0.94814815
 0.9408867  0.93596059 0.91625616 0.93842365 0.96305419 0.93842365
 0.95061728 0.9654321  0.94320988 0.95555556 0.9408867  0.94581281
 0.96059113 0.94334975 0.93842365 0.92857143 0.92098765 0.95802469
 0.95555556 0.92345679 0.94827586 0.96305419 0.92857143 0.93842365
 0.94827586 0.95812808 0.93580247 0.95308642 0.94320988 0.94074074
 0.95566502 0.94334975 0.95320197 0.95566502 0.93842365 0.93596059
 0.9308642  0.94320988 0.93580247 0.94567901 0.95566502 0.94581281
 0.95812808 0.95320197 0.93103448 0.93842365 0.94567901 0.94567901
 0.94814815 0.94814815 0.94827586 0.95812808 0.94827586 0.9679803
 0.92610837 0.95073892 0.94814815 0.93333333 0.92839506 0.95061728
 0.95073892 0.93842365 0.95566502 0.93596059 0.94827586 0.95073892
 0.93580247 0.95061728 0.95308642 0.94567901]
Mean accuracy: 0.9448215045916197
Dev: 0.010751868093090557


XGB_RF_NM Cross-Validation Results accuracy:
 [0.9408867  0.95320197 0.9137931  0.95073892 0.92857143 0.93842365
 0.93333333 0.94814815 0.92592593 0.9308642  0.92364532 0.92610837
 0.93842365 0.91625616 0.93596059 0.94334975 0.94567901 0.95308642
 0.95802469 0.93333333 0.93596059 0.93349754 0.94334975 0.92364532
 0.93842365 0.94827586 0.91358025 0.91851852 0.92098765 0.95061728
 0.94334975 0.92610837 0.92118227 0.93842365 0.9408867  0.93103448
 0.95555556 0.95802469 0.92345679 0.93333333 0.92610837 0.908867
 0.9408867  0.95812808 0.92857143 0.95566502 0.9308642  0.9382716
 0.94567901 0.92345679 0.94827586 0.93349754 0.93596059 0.92610837
 0.93103448 0.92857143 0.93333333 0.92839506 0.9308642  0.95061728
 0.93596059 0.95073892 0.94334975 0.95320197 0.9137931  0.93103448
 0.92592593 0.95555556 0.91851852 0.92839506 0.94827586 0.95566502
 0.9137931  0.92118227 0.9408867  0.92610837 0.93580247 0.91851852
 0.93580247 0.91851852 0.92364532 0.93842365 0.94827586 0.9408867
 0.93103448 0.9408867  0.94320988 0.93333333 0.9382716  0.94567901
 0.93103448 0.91871921 0.95566502 0.90147783 0.91871921 0.95073892
 0.92592593 0.95061728 0.94814815 0.94320988]
Mean accuracy: 0.9353805266678831
Dev: 0.012683452776328498


