LR Cross-Validation Results f1:
 [0.87596899 0.91320755 0.87822878 0.90118577 0.91603053 0.89056604
 0.9070632  0.92830189 0.88803089 0.88973384 0.9070632  0.87692308
 0.91449814 0.88301887 0.89138577 0.91538462 0.91472868 0.91254753
 0.91254753 0.86381323 0.87159533 0.90566038 0.91729323 0.89552239
 0.90076336 0.90909091 0.91385768 0.8671875  0.89552239 0.91603053
 0.92883895 0.88888889 0.87407407 0.94656489 0.91050584 0.89473684
 0.89312977 0.90225564 0.89312977 0.88372093 0.88188976 0.89473684
 0.91254753 0.89922481 0.88970588 0.90566038 0.91729323 0.90076336
 0.89922481 0.87937743 0.90566038 0.9034749  0.87692308 0.88372093
 0.90980392 0.88636364 0.91385768 0.91044776 0.91111111 0.87356322
 0.8988764  0.85057471 0.91666667 0.92307692 0.89705882 0.84644195
 0.91603053 0.89230769 0.92248062 0.92775665 0.89312977 0.88721805
 0.91254753 0.921875   0.90076336 0.88721805 0.91176471 0.90494297
 0.89230769 0.89922481 0.88537549 0.86029412 0.92775665 0.90980392
 0.9034749  0.90842491 0.90421456 0.88636364 0.89705882 0.90566038
 0.89552239 0.92883895 0.90566038 0.87121212 0.89655172 0.91320755
 0.91050584 0.88301887 0.8976378  0.86363636]
Mean f1: 0.8990043030972648
Dev: 0.01791173715206867


LR_SMOTE Cross-Validation Results f1:
 [0.92462312 0.9408867  0.9193154  0.93367347 0.95588235 0.92118227
 0.91811414 0.93969849 0.93857494 0.91584158 0.92195122 0.91851852
 0.90147783 0.92       0.94177215 0.94789082 0.94348894 0.9382716
 0.94736842 0.91584158 0.925      0.94376528 0.91370558 0.92695214
 0.92909535 0.93796526 0.93796526 0.9273183  0.92753623 0.92230576
 0.93069307 0.9408867  0.88944724 0.91326531 0.95823096 0.92601432
 0.93467337 0.94949495 0.92753623 0.9127182  0.9346247  0.89847716
 0.92111959 0.95073892 0.92079208 0.94117647 0.93233083 0.92
 0.94660194 0.92       0.94059406 0.92420538 0.9382716  0.91484185
 0.96097561 0.93233083 0.94763092 0.93765586 0.89552239 0.9035533
 0.93300248 0.93103448 0.91770574 0.94292804 0.91262136 0.92909535
 0.93233083 0.94554455 0.92462312 0.92       0.93627451 0.93233083
 0.9280397  0.90640394 0.9346247  0.93596059 0.9040404  0.94264339
 0.94472362 0.93333333 0.93857494 0.93564356 0.91139241 0.93170732
 0.91625616 0.95238095 0.92695214 0.94029851 0.90464548 0.95121951
 0.92079208 0.95802469 0.93300248 0.92039801 0.92079208 0.9025641
 0.93266833 0.94320988 0.92118227 0.92610837]
Mean f1: 0.9293546078689281
Dev: 0.014530284276928427


LR_BrdSMOTE Cross-Validation Results f1:
 [0.93564356 0.94607843 0.90686275 0.93734336 0.94634146 0.89949749
 0.92118227 0.93702771 0.93366093 0.90274314 0.91747573 0.9037037
 0.92307692 0.92269327 0.93908629 0.95098039 0.93857494 0.93333333
 0.93129771 0.90547264 0.9280397  0.93596059 0.92       0.92269327
 0.92118227 0.94865526 0.92039801 0.92269327 0.92457421 0.91183879
 0.92610837 0.93069307 0.88833747 0.92111959 0.94554455 0.91943128
 0.92964824 0.94949495 0.92718447 0.8992629  0.9178744  0.8974359
 0.93434343 0.93       0.91851852 0.9368932  0.9164557  0.93137255
 0.94660194 0.92944039 0.93137255 0.91891892 0.9408867  0.92270531
 0.95377129 0.93034826 0.93702771 0.93300248 0.89705882 0.88888889
 0.91044776 0.92039801 0.92874693 0.94059406 0.91566265 0.92420538
 0.92695214 0.93765586 0.9382716  0.91625616 0.92383292 0.94554455
 0.93596059 0.91707317 0.92753623 0.9280397  0.90680101 0.92964824
 0.92929293 0.92909535 0.92839506 0.9280397  0.91919192 0.94660194
 0.91041162 0.93939394 0.91878173 0.92574257 0.90243902 0.93333333
 0.90773067 0.94       0.91770574 0.90686275 0.93596059 0.92230576
 0.93069307 0.93564356 0.90322581 0.93658537]
Mean f1: 0.9255891265981937
Dev: 0.01397032398988952


LR_GAN Cross-Validation Results f1:
 [0.92191436 0.94814815 0.91625616 0.93333333 0.96314496 0.9122807
 0.93266833 0.93908629 0.94581281 0.9273183  0.91770574 0.92191436
 0.92156863 0.91457286 0.93606138 0.94554455 0.93434343 0.95024876
 0.94736842 0.9280397  0.93401015 0.94840295 0.91878173 0.92695214
 0.93366093 0.95024876 0.93702771 0.94264339 0.92647059 0.92111959
 0.96059113 0.93734336 0.89340102 0.92893401 0.95544554 0.93012048
 0.94235589 0.94629156 0.93366093 0.91370558 0.92839506 0.91094148
 0.94147583 0.9528536  0.93069307 0.93532338 0.93670886 0.92424242
 0.94607843 0.93069307 0.93532338 0.92269327 0.94814815 0.92079208
 0.95308642 0.93059126 0.95       0.94472362 0.91584158 0.91687657
 0.935      0.93103448 0.935      0.945      0.92156863 0.92079208
 0.94264339 0.95261845 0.92424242 0.92111959 0.94320988 0.93969849
 0.93467337 0.93069307 0.93887531 0.92695214 0.91048593 0.93164557
 0.94710327 0.9382716  0.94789082 0.94472362 0.92385787 0.93
 0.92682927 0.93908629 0.91002571 0.94235589 0.91970803 0.95073892
 0.91457286 0.945      0.93532338 0.91687657 0.93034826 0.92658228
 0.94472362 0.94059406 0.91770574 0.94059406]
Mean f1: 0.933321451333389
Dev: 0.012823398708816184


DT Cross-Validation Results f1:
 [0.87258687 0.91187739 0.8540146  0.875      0.91954023 0.90977444
 0.900369   0.92125984 0.88122605 0.88549618 0.87121212 0.85714286
 0.88808664 0.8359375  0.87407407 0.91050584 0.9057971  0.92307692
 0.89328063 0.86821705 0.87640449 0.92366412 0.86466165 0.91187739
 0.8880597  0.90421456 0.8957529  0.86821705 0.88301887 0.86166008
 0.91729323 0.872      0.84210526 0.88803089 0.85603113 0.890625
 0.88461538 0.90494297 0.88560886 0.86821705 0.85501859 0.8685259
 0.90076336 0.87596899 0.86567164 0.88973384 0.91666667 0.89230769
 0.90551181 0.86614173 0.90566038 0.88888889 0.88549618 0.86363636
 0.87356322 0.88721805 0.90636704 0.89811321 0.8962963  0.88549618
 0.9140625  0.86861314 0.88475836 0.86666667 0.84090909 0.8372093
 0.90298507 0.86507937 0.90076336 0.89328063 0.88888889 0.88537549
 0.86446886 0.92481203 0.90494297 0.8778626  0.89312977 0.84615385
 0.85714286 0.89494163 0.85943775 0.88059701 0.8984375  0.89056604
 0.89243028 0.91729323 0.87401575 0.87022901 0.84249084 0.87258687
 0.90494297 0.89811321 0.90494297 0.88549618 0.89655172 0.88372093
 0.87649402 0.87692308 0.85823755 0.86153846]
Mean f1: 0.8842961379255057
Dev: 0.021030863473356504


DT_SMOTE Cross-Validation Results f1:
 [0.90726817 0.93434343 0.90196078 0.88664987 0.92874693 0.94264339
 0.92462312 0.92820513 0.91851852 0.93034826 0.9122807  0.92039801
 0.92230576 0.9        0.9009901  0.94814815 0.93734336 0.93103448
 0.92230576 0.92118227 0.93103448 0.91606715 0.91687657 0.91044776
 0.90072639 0.93034826 0.90049751 0.92039801 0.91041162 0.92111959
 0.90816327 0.90680101 0.89552239 0.92030848 0.89756098 0.91041162
 0.93564356 0.94472362 0.92682927 0.90547264 0.90909091 0.88944724
 0.91878173 0.91811414 0.91315136 0.9280397  0.90909091 0.91959799
 0.93493976 0.92682927 0.90818859 0.92111959 0.91891892 0.9041769
 0.92610837 0.91959799 0.93434343 0.945      0.9035533  0.915
 0.90909091 0.92       0.89949749 0.9280397  0.93034826 0.91457286
 0.90909091 0.92079208 0.91315136 0.9276808  0.91970803 0.92964824
 0.91919192 0.91584158 0.92874693 0.93137255 0.90126582 0.92307692
 0.92039801 0.92695214 0.91584158 0.9280397  0.935      0.93198992
 0.91666667 0.93969849 0.91729323 0.8960396  0.92079208 0.90726817
 0.9035533  0.93719807 0.94206549 0.91707317 0.92420538 0.91603053
 0.92964824 0.92151899 0.91919192 0.91262136]
Mean f1: 0.9191195291736194
Dev: 0.01265781221586553


DT_BrdSMOTE Cross-Validation Results f1:
 [0.91089109 0.94736842 0.88442211 0.91472868 0.89423077 0.91139241
 0.8989899  0.92269327 0.91358025 0.9        0.8974359  0.89168766
 0.92009685 0.91625616 0.915      0.91400491 0.91836735 0.92079208
 0.92269327 0.93765586 0.9037037  0.95024876 0.90585242 0.90726817
 0.92345679 0.90632911 0.87344913 0.91770574 0.90818859 0.9164557
 0.90726817 0.90196078 0.86977887 0.89949749 0.89       0.90776699
 0.93969849 0.92345679 0.91584158 0.89949749 0.88337469 0.9122807
 0.90126582 0.93198992 0.92420538 0.93203883 0.91326531 0.91048593
 0.93266833 0.90322581 0.90274314 0.93034826 0.90243902 0.89756098
 0.93300248 0.90909091 0.93367347 0.93658537 0.9037037  0.9040404
 0.92345679 0.90731707 0.89405685 0.91770574 0.9037037  0.90225564
 0.92346939 0.90196078 0.92420538 0.91666667 0.9        0.92269327
 0.92462312 0.90953545 0.92610837 0.93103448 0.8956743  0.91959799
 0.91770574 0.91959799 0.90997567 0.92929293 0.91044776 0.93266833
 0.90196078 0.91326531 0.89054726 0.92537313 0.90731707 0.9127182
 0.90126582 0.9178744  0.90680101 0.90640394 0.91729323 0.91044776
 0.92156863 0.91315136 0.89724311 0.92009685]
Mean f1: 0.9124478142495513
Dev: 0.014372480437545354


DT_GAN Cross-Validation Results f1:
 [0.90956072 0.94710327 0.88557214 0.89974293 0.93627451 0.90773067
 0.9164557  0.94387755 0.90726817 0.90225564 0.90726817 0.91891892
 0.92695214 0.9        0.89113924 0.9382716  0.91752577 0.93467337
 0.92269327 0.91457286 0.93198992 0.92420538 0.90104167 0.89320388
 0.94444444 0.9382716  0.92307692 0.93627451 0.90776699 0.88161209
 0.92537313 0.91183879 0.89168766 0.91370558 0.91687657 0.91646778
 0.92658228 0.93434343 0.91584158 0.89182058 0.91133005 0.89847716
 0.91794872 0.93939394 0.91836735 0.91400491 0.9164557  0.89949749
 0.93734336 0.91707317 0.91811414 0.92462312 0.92909535 0.91176471
 0.91811414 0.91959799 0.91919192 0.9273183  0.92346939 0.89058524
 0.92620865 0.925      0.91836735 0.91919192 0.9250646  0.90225564
 0.91542289 0.92695214 0.90452261 0.92537313 0.91139241 0.93
 0.91       0.8974359  0.92385787 0.91919192 0.91457286 0.91457286
 0.93596059 0.92079208 0.92111959 0.93857494 0.90956072 0.94059406
 0.91442543 0.9164557  0.91428571 0.91       0.90243902 0.94117647
 0.90862944 0.92647059 0.94029851 0.91139241 0.92086331 0.92929293
 0.94264339 0.91878173 0.92620865 0.92230576]
Mean f1: 0.9182770138697071
Dev: 0.013973009435622376


RF Cross-Validation Results f1:
 [0.90909091 0.93939394 0.89298893 0.92857143 0.91603053 0.95555556
 0.93984962 0.93436293 0.93333333 0.9348659  0.92830189 0.8984375
 0.96629213 0.90977444 0.92134831 0.95785441 0.95522388 0.95019157
 0.94656489 0.88122605 0.93233083 0.9389313  0.93984962 0.92075472
 0.92830189 0.92775665 0.93436293 0.92248062 0.92775665 0.92720307
 0.93181818 0.91538462 0.90774908 0.94980695 0.9389313  0.92366412
 0.90769231 0.93984962 0.91828794 0.91603053 0.92366412 0.93536122
 0.95419847 0.94423792 0.91044776 0.93181818 0.94296578 0.88888889
 0.92015209 0.91891892 0.94252874 0.94941634 0.90769231 0.91954023
 0.92664093 0.93283582 0.93181818 0.93129771 0.93283582 0.92015209
 0.9509434  0.91791045 0.9469697  0.93076923 0.90769231 0.87937743
 0.91954023 0.93436293 0.96240602 0.93436293 0.93129771 0.93536122
 0.93181818 0.94252874 0.95419847 0.90298507 0.92775665 0.92015209
 0.91538462 0.93129771 0.9296875  0.93333333 0.95488722 0.95057034
 0.92490119 0.95555556 0.9254902  0.91603053 0.91111111 0.91954023
 0.94615385 0.93584906 0.93129771 0.91666667 0.94252874 0.92720307
 0.95384615 0.91385768 0.93283582 0.89922481]
Mean f1: 0.9291129843829731
Dev: 0.017026501604091734


RF_SMOTE Cross-Validation Results f1:
 [0.96259352 0.96517413 0.91442543 0.94897959 0.95843521 0.960199
 0.95238095 0.97243108 0.95609756 0.94974874 0.94554455 0.94059406
 0.95073892 0.9528536  0.94177215 0.97029703 0.960199   0.96568627
 0.95781638 0.95024876 0.95781638 0.97029703 0.94472362 0.94789082
 0.95308642 0.97572816 0.96039604 0.95308642 0.94403893 0.95140665
 0.95823096 0.95       0.93300248 0.96259352 0.96725441 0.94457831
 0.96482412 0.97487437 0.94890511 0.94444444 0.94527363 0.92929293
 0.95979899 0.97777778 0.94840295 0.96585366 0.9528536  0.95544554
 0.95802469 0.95566502 0.97058824 0.945      0.96585366 0.93765586
 0.97777778 0.93969849 0.96259352 0.96534653 0.95261845 0.93434343
 0.95024876 0.94840295 0.94177215 0.955      0.95544554 0.94235589
 0.94789082 0.96790123 0.95544554 0.95049505 0.96039604 0.93765586
 0.96534653 0.94292804 0.96259352 0.94527363 0.95739348 0.95522388
 0.96259352 0.95308642 0.95739348 0.96259352 0.95214106 0.96790123
 0.95588235 0.96277916 0.94974874 0.95261845 0.93137255 0.96314496
 0.960199   0.96332518 0.95238095 0.93887531 0.96332518 0.95238095
 0.96741855 0.95214106 0.9528536  0.94607843]
Mean f1: 0.9544526146734265
Dev: 0.011060764336175904


RF_BrdSMOTE Cross-Validation Results f1:
 [0.96517413 0.9754902  0.92307692 0.95696203 0.95652174 0.94264339
 0.93765586 0.96741855 0.95098039 0.96039604 0.94292804 0.93796526
 0.95121951 0.93796526 0.97029703 0.97283951 0.96277916 0.95802469
 0.95760599 0.95802469 0.95049505 0.960199   0.94       0.95308642
 0.95588235 0.97310513 0.95802469 0.96078431 0.95421687 0.94358974
 0.97297297 0.95544554 0.91542289 0.96774194 0.95408163 0.94964029
 0.96725441 0.97512438 0.94457831 0.94472362 0.93564356 0.93702771
 0.96       0.97536946 0.9382716  0.96332518 0.95522388 0.95843521
 0.95049505 0.96805897 0.96836983 0.95073892 0.96078431 0.94789082
 0.97524752 0.955      0.94974874 0.96314496 0.95049505 0.93198992
 0.95308642 0.9528536  0.95238095 0.94736842 0.95609756 0.95331695
 0.95308642 0.95802469 0.96078431 0.96059113 0.96039604 0.94292804
 0.97310513 0.94890511 0.96259352 0.95544554 0.94       0.95
 0.96277916 0.96059113 0.95566502 0.96       0.96534653 0.96805897
 0.95073892 0.95522388 0.93670886 0.94581281 0.94174757 0.95823096
 0.955      0.96368039 0.94472362 0.94202899 0.94814815 0.95522388
 0.96568627 0.96482412 0.95049505 0.96332518]
Mean f1: 0.9547260194720788
Dev: 0.011376426695649675


RF_GAN Cross-Validation Results f1:
 [0.95739348 0.96758105 0.92       0.94923858 0.95566502 0.95049505
 0.94147583 0.97014925 0.95308642 0.95477387 0.94264339 0.93467337
 0.94320988 0.94029851 0.94897959 0.97283951 0.95739348 0.97283951
 0.95739348 0.95522388 0.95261845 0.97       0.93908629 0.94974874
 0.95522388 0.97310513 0.95760599 0.96332518 0.93887531 0.93606138
 0.96259352 0.96259352 0.9122807  0.95214106 0.96708861 0.9468599
 0.96984925 0.97487437 0.9368932  0.93877551 0.93734336 0.93846154
 0.96482412 0.96482412 0.95024876 0.95802469 0.94974874 0.960199
 0.96039604 0.955      0.95802469 0.94472362 0.96332518 0.9408867
 0.97512438 0.94444444 0.96240602 0.95760599 0.945      0.92929293
 0.94206549 0.95566502 0.95165394 0.94974874 0.94581281 0.93702771
 0.96259352 0.97256858 0.95544554 0.94736842 0.96314496 0.9528536
 0.94235589 0.9528536  0.95739348 0.94292804 0.94923858 0.95049505
 0.97       0.94264339 0.95189873 0.97014925 0.94736842 0.96517413
 0.94789082 0.96517413 0.94177215 0.94710327 0.92909535 0.95823096
 0.95477387 0.9528536  0.95238095 0.93857494 0.95588235 0.955
 0.97       0.95165394 0.95238095 0.95308642]
Mean f1: 0.9526915808868418
Dev: 0.01196166481731189


XGB Cross-Validation Results f1:
 [0.92424242 0.93632959 0.92028986 0.93385214 0.93382353 0.95202952
 0.9298893  0.94296578 0.93772894 0.93584906 0.93632959 0.92775665
 0.95306859 0.91851852 0.92193309 0.9469697  0.94382022 0.9469697
 0.93584906 0.90566038 0.91851852 0.93333333 0.93680297 0.93040293
 0.93726937 0.94776119 0.95419847 0.92366412 0.91791045 0.93984962
 0.93283582 0.92134831 0.9298893  0.9588015  0.92775665 0.94382022
 0.92134831 0.93333333 0.92075472 0.94339623 0.94382022 0.92775665
 0.96268657 0.95488722 0.91911765 0.93584906 0.93283582 0.92537313
 0.93939394 0.90909091 0.95522388 0.94615385 0.94029851 0.91449814
 0.94252874 0.93632959 0.93680297 0.94296578 0.93862816 0.92775665
 0.94382022 0.91366906 0.94074074 0.96577947 0.93283582 0.900369
 0.93233083 0.92424242 0.96268657 0.93939394 0.93632959 0.9298893
 0.92647059 0.9581749  0.96629213 0.93040293 0.93478261 0.90774908
 0.92775665 0.92830189 0.92830189 0.92250923 0.95940959 0.94382022
 0.93584906 0.95620438 0.94296578 0.94339623 0.92363636 0.92607004
 0.9298893  0.93680297 0.93984962 0.92250923 0.9348659  0.9389313
 0.9375     0.91696751 0.93382353 0.91729323]
Mean f1: 0.9348148156954668
Dev: 0.013256668974244707


XGB_SMOTE Cross-Validation Results f1:
 [0.96039604 0.95843521 0.93203883 0.95454545 0.95903614 0.96078431
 0.94814815 0.96984925 0.95121951 0.94527363 0.94348894 0.95308642
 0.95121951 0.95098039 0.95238095 0.97029703 0.95823096 0.96314496
 0.96039604 0.96039604 0.96039604 0.95331695 0.95238095 0.95331695
 0.94376528 0.95609756 0.95308642 0.96314496 0.93719807 0.95717884
 0.96790123 0.96332518 0.9346247  0.9528536  0.965      0.94089835
 0.96277916 0.97524752 0.95377129 0.93734336 0.93596059 0.93939394
 0.96517413 0.96       0.97310513 0.94457831 0.95049505 0.96601942
 0.95331695 0.96368039 0.95883777 0.96296296 0.96821516 0.94581281
 0.97788698 0.95073892 0.96568627 0.96314496 0.94264339 0.93333333
 0.95802469 0.95609756 0.96296296 0.97       0.96135266 0.96551724
 0.93366093 0.95823096 0.94865526 0.95544554 0.96551724 0.95024876
 0.96350365 0.94840295 0.960199   0.95308642 0.95522388 0.96059113
 0.96790123 0.95588235 0.95073892 0.96821516 0.96059113 0.96332518
 0.96332518 0.95566502 0.96259352 0.94554455 0.94865526 0.96551724
 0.960199   0.96332518 0.95802469 0.95354523 0.96585366 0.95544554
 0.95843521 0.955      0.95609756 0.95098039]
Mean f1: 0.9561954275079475
Dev: 0.00954755640504781


XGB_BrdSMOTE Cross-Validation Results f1:
 [0.96805897 0.96551724 0.93364929 0.95477387 0.95883777 0.95566502
 0.94814815 0.96774194 0.96097561 0.95308642 0.92647059 0.94348894
 0.94536817 0.95024876 0.96790123 0.97310513 0.96350365 0.97044335
 0.94472362 0.95781638 0.96059113 0.95121951 0.94763092 0.96790123
 0.95377129 0.97073171 0.95588235 0.96078431 0.94457831 0.94416244
 0.97560976 0.96314496 0.92944039 0.95781638 0.955      0.9478673
 0.97283951 0.97014925 0.94376528 0.94292804 0.94146341 0.94527363
 0.96296296 0.96296296 0.95354523 0.95903614 0.96259352 0.95823096
 0.96059113 0.97560976 0.96618357 0.96078431 0.95843521 0.96059113
 0.97777778 0.96039604 0.96296296 0.96350365 0.95566502 0.94
 0.96078431 0.95823096 0.960199   0.96259352 0.95169082 0.95354523
 0.95609756 0.94840295 0.95399516 0.96097561 0.95544554 0.95802469
 0.96097561 0.94634146 0.95823096 0.95588235 0.95477387 0.96332518
 0.96314496 0.96097561 0.95588235 0.96568627 0.95843521 0.96314496
 0.95883777 0.96551724 0.95261845 0.95588235 0.93857494 0.96097561
 0.95       0.96601942 0.95802469 0.94711538 0.96758105 0.95566502
 0.97323601 0.95477387 0.94607843 0.96385542]
Mean f1: 0.9571544741240189
Dev: 0.009693659123945876


XGB_GAN Cross-Validation Results f1:
 [0.95802469 0.96116505 0.94607843 0.95739348 0.96135266 0.96078431
 0.94554455 0.97       0.95609756 0.945      0.93627451 0.9528536
 0.95588235 0.93300248 0.95238095 0.97270471 0.95098039 0.96277916
 0.96314496 0.96059113 0.96039604 0.95823096 0.955      0.95781638
 0.95566502 0.97323601 0.96296296 0.96059113 0.94146341 0.94387755
 0.97283951 0.95802469 0.92039801 0.95979899 0.96240602 0.94033413
 0.97       0.97243108 0.95145631 0.94235589 0.94865526 0.94206549
 0.96517413 0.96277916 0.95566502 0.94660194 0.95024876 0.96296296
 0.95588235 0.96568627 0.95823096 0.95049505 0.96332518 0.95308642
 0.98288509 0.94292804 0.960199   0.96059113 0.95760599 0.915
 0.95544554 0.95843521 0.955      0.96240602 0.96350365 0.95544554
 0.95308642 0.96585366 0.94292804 0.96259352 0.96517413 0.94059406
 0.96097561 0.95823096 0.95       0.94581281 0.94949495 0.95588235
 0.96277916 0.95049505 0.96277916 0.97297297 0.95       0.97029703
 0.96568627 0.95522388 0.96       0.94527363 0.93398533 0.96821516
 0.95024876 0.95802469 0.95261845 0.96078431 0.96568627 0.960199
 0.97297297 0.95024876 0.95588235 0.95781638]
Mean f1: 0.956044393537772
Dev: 0.0107637024393292


XGB_RF Cross-Validation Results f1:
 [0.90551181 0.92366412 0.88321168 0.890625   0.90225564 0.93726937
 0.92481203 0.92664093 0.91044776 0.92366412 0.90151515 0.87356322
 0.94776119 0.8778626  0.88321168 0.95419847 0.93382353 0.92664093
 0.92664093 0.89312977 0.91111111 0.93846154 0.93680297 0.90977444
 0.90977444 0.92424242 0.93129771 0.88188976 0.89811321 0.921875
 0.92481203 0.91603053 0.8962963  0.94252874 0.90566038 0.93076923
 0.900369   0.9348659  0.89655172 0.90909091 0.8988764  0.91538462
 0.9348659  0.92481203 0.89298893 0.92883895 0.92015209 0.88973384
 0.90494297 0.90272374 0.9389313  0.93076923 0.90769231 0.88803089
 0.89312977 0.9037037  0.91044776 0.91666667 0.92193309 0.91791045
 0.92775665 0.91636364 0.94339623 0.91320755 0.89473684 0.86692015
 0.91044776 0.91603053 0.93984962 0.91699605 0.90151515 0.91954023
 0.88721805 0.93939394 0.93939394 0.89781022 0.92537313 0.89655172
 0.9        0.92307692 0.91119691 0.90441176 0.9509434  0.92830189
 0.90697674 0.94117647 0.8984375  0.8988764  0.90977444 0.9034749
 0.91954023 0.92075472 0.9348659  0.92830189 0.92307692 0.8984375
 0.91891892 0.91575092 0.91449814 0.86486486]
Mean f1: 0.9137746064297173
Dev: 0.018630985961663345


XGB_RF_SMOTE Cross-Validation Results f1:
 [0.94763092 0.95522388 0.9060241  0.92820513 0.93917275 0.94554455
 0.93198992 0.94736842 0.94348894 0.93969849 0.9382716  0.92574257
 0.93266833 0.94292804 0.91457286 0.95331695 0.955      0.96821516
 0.93467337 0.94763092 0.93796526 0.9528536  0.92462312 0.93532338
 0.93034826 0.96296296 0.92839506 0.93564356 0.93137255 0.92385787
 0.93702771 0.9408867  0.925      0.93198992 0.93266833 0.94202899
 0.94177215 0.95454545 0.9346247  0.92658228 0.9276808  0.9164557
 0.95261845 0.95261845 0.93627451 0.93796526 0.93300248 0.95544554
 0.94376528 0.94840295 0.94814815 0.93765586 0.9346247  0.92195122
 0.96277916 0.93434343 0.96277916 0.95331695 0.92695214 0.9273183
 0.94472362 0.95331695 0.93908629 0.94029851 0.96078431 0.92610837
 0.94       0.94607843 0.92574257 0.95238095 0.94       0.93765586
 0.92039801 0.92874693 0.95522388 0.94554455 0.92658228 0.94763092
 0.9408867  0.935      0.92610837 0.960199   0.93969849 0.94527363
 0.93430657 0.95       0.92929293 0.9273183  0.92610837 0.96296296
 0.93266833 0.93917275 0.95544554 0.94660194 0.95121951 0.93401015
 0.94264339 0.94923858 0.9382716  0.9408867 ]
Mean f1: 0.9397955356188024
Dev: 0.011954819285505621


XGB_RF_BrdSMOTE Cross-Validation Results f1:
 [0.93796526 0.95522388 0.89952153 0.92346939 0.9368932  0.93532338
 0.9276808  0.94235589 0.93366093 0.93467337 0.92307692 0.91959799
 0.94348894 0.92079208 0.93103448 0.95588235 0.93734336 0.94527363
 0.94974874 0.9528536  0.93796526 0.95781638 0.93       0.93103448
 0.9408867  0.95073892 0.91133005 0.93857494 0.93398533 0.92268041
 0.93069307 0.93596059 0.90464548 0.93796526 0.92424242 0.93203883
 0.95477387 0.96517413 0.93069307 0.92929293 0.91687657 0.91959799
 0.94472362 0.94840295 0.93658537 0.95121951 0.93596059 0.94554455
 0.94607843 0.92420538 0.93917275 0.94789082 0.93658537 0.93137255
 0.94527363 0.94029851 0.94177215 0.96078431 0.93       0.90862944
 0.95024876 0.915      0.94117647 0.92964824 0.94202899 0.91044776
 0.94029851 0.94840295 0.93975904 0.95049505 0.93564356 0.94527363
 0.93564356 0.94174757 0.95024876 0.94029851 0.91729323 0.9408867
 0.9408867  0.935      0.92944039 0.94472362 0.94292804 0.95049505
 0.93366093 0.93367347 0.93129771 0.9382716  0.92839506 0.94059406
 0.92191436 0.95631068 0.93702771 0.93012048 0.92610837 0.93765586
 0.94320988 0.93877551 0.9276808  0.94915254]
Mean f1: 0.9364919046366945
Dev: 0.012207385245694187


XGB_RF_GAN Cross-Validation Results f1:
 [0.93939394 0.96277916 0.90909091 0.92346939 0.94865526 0.93564356
 0.93969849 0.95717884 0.9382716  0.95       0.93627451 0.93333333
 0.94320988 0.92537313 0.93233083 0.95823096 0.93670886 0.94581281
 0.95261845 0.955      0.95261845 0.95566502 0.92462312 0.93103448
 0.9528536  0.96534653 0.93300248 0.95308642 0.93887531 0.91836735
 0.95261845 0.94607843 0.89949749 0.93969849 0.94264339 0.9346247
 0.95189873 0.96984925 0.9368932  0.92658228 0.93366093 0.92
 0.95739348 0.93596059 0.94607843 0.95098039 0.93564356 0.94235589
 0.94840295 0.9408867  0.95308642 0.94       0.95121951 0.92195122
 0.97283951 0.94710327 0.94       0.95238095 0.93702771 0.91878173
 0.94789082 0.95308642 0.93969849 0.94554455 0.94554455 0.925
 0.93532338 0.94840295 0.93627451 0.94264339 0.94292804 0.9528536
 0.9280397  0.94814815 0.96277916 0.92307692 0.94527363 0.95024876
 0.95308642 0.93765586 0.945      0.96277916 0.93164557 0.95049505
 0.94174757 0.94763092 0.92620865 0.935      0.93398533 0.95308642
 0.925      0.94403893 0.95       0.94146341 0.95331695 0.93939394
 0.95049505 0.94444444 0.93564356 0.94789082]
Mean f1: 0.9421744944103946
Dev: 0.01250253498537693


