LR Cross-Validation Results precision:
 [0.91129032 0.92366412 0.86861314 0.95798319 0.9375     0.90076336
 0.9037037  0.9389313  0.92       0.90697674 0.9037037  0.9047619
 0.91111111 0.89312977 0.89473684 0.94444444 0.9516129  0.93023256
 0.93023256 0.90243902 0.91056911 0.91603053 0.92424242 0.89552239
 0.921875   0.92307692 0.91729323 0.90983607 0.89552239 0.9375
 0.93233083 0.91338583 0.86764706 0.96875    0.95121951 0.90151515
 0.9140625  0.90909091 0.9140625  0.91935484 0.93333333 0.90151515
 0.93023256 0.93548387 0.87681159 0.91603053 0.92424242 0.921875
 0.93548387 0.91869919 0.91603053 0.936      0.9047619  0.91935484
 0.95867769 0.9        0.91729323 0.91044776 0.90441176 0.8976378
 0.90225564 0.87401575 0.93076923 0.95238095 0.88405797 0.84962406
 0.9375     0.92063492 0.95967742 0.94573643 0.9140625  0.89393939
 0.93023256 0.96721311 0.921875   0.89393939 0.89855072 0.92248062
 0.92063492 0.93548387 0.94117647 0.84782609 0.94573643 0.95867769
 0.936      0.89208633 0.92913386 0.9        0.88405797 0.91603053
 0.89552239 0.93233083 0.91603053 0.88461538 0.92125984 0.92366412
 0.95121951 0.89312977 0.95       0.87692308]
Mean precision: 0.9168752623487229
Dev: 0.023976118544527376


LR_SMOTE Cross-Validation Results precision:
 [0.94358974 0.9408867  0.91262136 0.96825397 0.95121951 0.92118227
 0.92039801 0.95408163 0.93627451 0.92039801 0.91304348 0.92079208
 0.90147783 0.93401015 0.96875    0.955      0.93658537 0.93596059
 0.96428571 0.92039801 0.93908629 0.9368932  0.94240838 0.94845361
 0.9223301  0.945      0.94029851 0.93908629 0.90995261 0.93877551
 0.93532338 0.9408867  0.90769231 0.94708995 0.95588235 0.89814815
 0.94897959 0.96907216 0.90995261 0.92424242 0.91904762 0.92670157
 0.95263158 0.95073892 0.92537313 0.93658537 0.94416244 0.92929293
 0.93301435 0.93401015 0.94527363 0.91747573 0.94059406 0.90384615
 0.95169082 0.94897959 0.95477387 0.94472362 0.90452261 0.93193717
 0.94       0.93103448 0.92929293 0.95       0.89952153 0.9223301
 0.94416244 0.94554455 0.94358974 0.93401015 0.93170732 0.94897959
 0.935      0.90640394 0.91904762 0.93596059 0.92268041 0.94974874
 0.96410256 0.93564356 0.93627451 0.94029851 0.9375     0.92270531
 0.91625616 0.96938776 0.94358974 0.945      0.89805825 0.94202899
 0.92537313 0.96039604 0.94       0.92964824 0.92537313 0.94117647
 0.93969849 0.9408867  0.92118227 0.92610837]
Mean precision: 0.9350384072659136
Dev: 0.01638856166177802


LR_BrdSMOTE Cross-Validation Results precision:
 [0.94029851 0.94146341 0.90243902 0.95408163 0.93719807 0.91794872
 0.91666667 0.95384615 0.93137255 0.91414141 0.90430622 0.90594059
 0.90140845 0.93434343 0.96858639 0.94634146 0.93170732 0.93103448
 0.96315789 0.91457286 0.935      0.93596059 0.93401015 0.93434343
 0.92118227 0.94174757 0.925      0.92964824 0.91346154 0.93298969
 0.92610837 0.93532338 0.895      0.95263158 0.95024876 0.88584475
 0.94387755 0.96907216 0.9138756  0.89705882 0.90047393 0.93582888
 0.95854922 0.94416244 0.92079208 0.92344498 0.93782383 0.9223301
 0.93301435 0.91826923 0.92682927 0.91666667 0.9408867  0.90521327
 0.94230769 0.93969849 0.95384615 0.93532338 0.89268293 0.9119171
 0.91959799 0.92964824 0.92647059 0.94527363 0.89622642 0.91747573
 0.94358974 0.94472362 0.94059406 0.91625616 0.92156863 0.95024876
 0.93596059 0.90821256 0.90995261 0.935      0.92307692 0.94387755
 0.95336788 0.9223301  0.93069307 0.935      0.94300518 0.93301435
 0.8952381  0.96373057 0.94270833 0.92574257 0.89371981 0.93564356
 0.91919192 0.95431472 0.92929293 0.90243902 0.93596059 0.93877551
 0.93069307 0.93564356 0.91       0.92753623]
Mean precision: 0.9290909528743083
Dev: 0.01794452628000166


LR_GAN Cross-Validation Results precision:
 [0.94329897 0.95049505 0.91625616 0.97326203 0.96078431 0.92857143
 0.93969849 0.96354167 0.94581281 0.94387755 0.92929293 0.94329897
 0.91707317 0.93333333 0.97340426 0.95024876 0.95360825 0.955
 0.96428571 0.935      0.96335079 0.94607843 0.94764398 0.94845361
 0.93137255 0.95979899 0.95384615 0.94974874 0.92195122 0.95263158
 0.96059113 0.95408163 0.92146597 0.95811518 0.960199   0.91037736
 0.95431472 0.97883598 0.93137255 0.94240838 0.93069307 0.94210526
 0.97368421 0.96       0.93532338 0.94472362 0.95854922 0.94329897
 0.94146341 0.93532338 0.94472362 0.93434343 0.95049505 0.92537313
 0.95544554 0.97311828 0.95959596 0.95918367 0.92039801 0.93814433
 0.94923858 0.93103448 0.94923858 0.95939086 0.91707317 0.92537313
 0.94974874 0.95979899 0.94818653 0.95263158 0.94554455 0.95897436
 0.95384615 0.93532338 0.93203883 0.94845361 0.94179894 0.95336788
 0.96907216 0.94059406 0.955      0.96410256 0.95287958 0.94416244
 0.9178744  0.96858639 0.94652406 0.95431472 0.90865385 0.95073892
 0.93333333 0.95939086 0.94472362 0.93814433 0.93969849 0.953125
 0.95918367 0.94059406 0.92929293 0.94527363]
Mean precision: 0.9461909279510965
Dev: 0.014801670142722137


DT Cross-Validation Results precision:
 [0.904      0.93700787 0.83571429 0.91803279 0.94488189 0.91666667
 0.89051095 0.975      0.90551181 0.90625    0.88461538 0.888
 0.86013986 0.87704918 0.86764706 0.95121951 0.88028169 0.95238095
 0.94957983 0.90322581 0.87969925 0.9453125  0.87121212 0.93700787
 0.8880597  0.92913386 0.928      0.90322581 0.89312977 0.91596639
 0.92424242 0.93965517 0.84848485 0.92       0.89430894 0.93442623
 0.91269841 0.92248062 0.87591241 0.90322581 0.85185185 0.93162393
 0.921875   0.91129032 0.86567164 0.90697674 0.93076923 0.92063492
 0.95833333 0.91666667 0.91603053 0.91338583 0.90625    0.87692308
 0.8976378  0.89393939 0.90977444 0.90839695 0.88970588 0.90625
 0.95901639 0.85       0.88148148 0.86029412 0.85384615 0.87096774
 0.90298507 0.92372881 0.921875   0.94957983 0.91338583 0.94117647
 0.84892086 0.93181818 0.92248062 0.8984375  0.9140625  0.87301587
 0.888      0.93495935 0.93043478 0.88059701 0.94262295 0.90076336
 0.95726496 0.92424242 0.925      0.890625   0.82733813 0.904
 0.92248062 0.90839695 0.92248062 0.90625    0.92125984 0.91935484
 0.94017094 0.9047619  0.88188976 0.88888889]
Mean precision: 0.9068673998616422
Dev: 0.029442843245079713


DT_SMOTE Cross-Validation Results precision:
 [0.92346939 0.95854922 0.89756098 0.90721649 0.92647059 0.95454545
 0.93877551 0.96276596 0.92079208 0.93969849 0.92857143 0.92964824
 0.93877551 0.91370558 0.90547264 0.95049505 0.94923858 0.92647059
 0.93877551 0.92118227 0.93103448 0.89252336 0.93814433 0.91959799
 0.88571429 0.93969849 0.905      0.925      0.8952381  0.95263158
 0.94179894 0.92783505 0.90452261 0.96236559 0.88888889 0.8952381
 0.93564356 0.95918367 0.9178744  0.91457286 0.90686275 0.90769231
 0.94764398 0.925      0.92       0.935      0.92783505 0.93367347
 0.91509434 0.9178744  0.915      0.95263158 0.91666667 0.90196078
 0.92610837 0.93846154 0.95360825 0.95454545 0.93193717 0.92893401
 0.90686275 0.93401015 0.91794872 0.935      0.93969849 0.93333333
 0.92783505 0.92079208 0.92       0.93939394 0.90865385 0.94871795
 0.94300518 0.92039801 0.92647059 0.92682927 0.92227979 0.92537313
 0.92964824 0.94845361 0.92039801 0.935      0.94923858 0.95360825
 0.91219512 0.95897436 0.92893401 0.8960396  0.92537313 0.92346939
 0.93193717 0.91943128 0.96391753 0.90821256 0.91747573 0.94736842
 0.94387755 0.94300518 0.94300518 0.89952153]
Mean precision: 0.9281690268843193
Dev: 0.01802342544888062


DT_BrdSMOTE Cross-Validation Results precision:
 [0.91542289 0.96428571 0.9025641  0.96195652 0.87323944 0.9375
 0.91752577 0.92964824 0.91584158 0.91370558 0.93582888 0.91237113
 0.9047619  0.91625616 0.92893401 0.91176471 0.94736842 0.92079208
 0.93434343 0.94949495 0.90594059 0.95979899 0.93684211 0.92346939
 0.92574257 0.93229167 0.87562189 0.92462312 0.915      0.94270833
 0.92346939 0.89756098 0.86764706 0.91794872 0.9035533  0.89473684
 0.95408163 0.92118227 0.92039801 0.91794872 0.89       0.92857143
 0.92708333 0.95360825 0.91747573 0.91866029 0.94210526 0.94179894
 0.94444444 0.91       0.91414141 0.93969849 0.89371981 0.88888889
 0.94       0.93264249 0.96315789 0.92307692 0.90594059 0.92746114
 0.92574257 0.89855072 0.94021739 0.92929293 0.90594059 0.91836735
 0.95263158 0.89320388 0.91747573 0.97237569 0.91370558 0.93434343
 0.94358974 0.90291262 0.92610837 0.93103448 0.92146597 0.93367347
 0.92929293 0.93846154 0.89903846 0.95336788 0.91959799 0.94444444
 0.89756098 0.94708995 0.895      0.93       0.89855072 0.92424242
 0.92708333 0.90047393 0.92783505 0.90640394 0.93367347 0.91959799
 0.91262136 0.91542289 0.91326531 0.9047619 ]
Mean precision: 0.9225506500763312
Dev: 0.020171743132364292


DT_GAN Cross-Validation Results precision:
 [0.95652174 0.96907216 0.89447236 0.94086022 0.93170732 0.91919192
 0.93782383 0.97368421 0.92346939 0.91836735 0.92346939 0.91666667
 0.94845361 0.91370558 0.91666667 0.94059406 0.95698925 0.94897959
 0.93434343 0.93333333 0.95360825 0.91747573 0.9558011  0.88038278
 0.96891192 0.94059406 0.92537313 0.92718447 0.89473684 0.90206186
 0.93467337 0.93298969 0.91237113 0.94240838 0.93814433 0.88888889
 0.94818653 0.95360825 0.92039801 0.96022727 0.91133005 0.92670157
 0.95721925 0.96373057 0.95238095 0.91176471 0.93782383 0.91326531
 0.95408163 0.90821256 0.925      0.94358974 0.9223301  0.90731707
 0.925      0.93846154 0.93814433 0.93908629 0.95767196 0.92105263
 0.95789474 0.93908629 0.95238095 0.94300518 0.97282609 0.91836735
 0.92       0.94358974 0.92307692 0.93467337 0.9375     0.94416244
 0.92385787 0.93582888 0.95287958 0.94300518 0.92857143 0.92857143
 0.93596059 0.92537313 0.95263158 0.93627451 0.95652174 0.94527363
 0.90776699 0.94270833 0.96174863 0.91919192 0.89371981 0.93658537
 0.93717277 0.92195122 0.94974874 0.9375     0.89719626 0.95336788
 0.94974874 0.94270833 0.95789474 0.93877551]
Mean precision: 0.9344966001851384
Dev: 0.019301867065328198


RF Cross-Validation Results precision:
 [0.96638655 0.95384615 0.88321168 0.99152542 0.9375     0.94852941
 0.9469697  0.968      0.92647059 0.96062992 0.9389313  0.94262295
 0.96992481 0.91666667 0.92481203 0.98425197 0.95522388 0.97637795
 0.96875    0.90551181 0.93939394 0.9609375  0.9469697  0.93129771
 0.9389313  0.94573643 0.968      0.95967742 0.94573643 0.95275591
 0.94615385 0.94444444 0.89781022 0.984      0.9609375  0.9453125
 0.93650794 0.9469697  0.95934959 0.9375     0.9453125  0.95348837
 0.9765625  0.94074074 0.91044776 0.94615385 0.96124031 0.91338583
 0.9379845  0.952      0.96850394 0.99186992 0.93650794 0.94488189
 0.96       0.93283582 0.94615385 0.953125   0.93283582 0.9379845
 0.96183206 0.91791045 0.96153846 0.96031746 0.93650794 0.91869919
 0.94488189 0.968      0.96969697 0.968      0.953125   0.95348837
 0.94615385 0.96850394 0.9765625  0.90298507 0.94573643 0.9379845
 0.94444444 0.953125   0.97540984 0.92647059 0.96212121 0.96899225
 0.98319328 0.94852941 0.97520661 0.9375     0.90441176 0.94488189
 0.97619048 0.94656489 0.953125   0.93076923 0.96850394 0.95275591
 0.98412698 0.91729323 0.93283582 0.93548387]
Mean precision: 0.9487043959412707
Dev: 0.02094509480413904


RF_SMOTE Cross-Validation Results precision:
 [0.97474747 0.97487437 0.90776699 0.98412698 0.95145631 0.96984925
 0.96446701 0.98477157 0.9468599  0.96923077 0.95024876 0.94527363
 0.95073892 0.96       0.96875    0.97512438 0.965      0.95631068
 0.965      0.95979899 0.965      0.97512438 0.96410256 0.955
 0.95544554 0.96172249 0.96039604 0.95073892 0.93269231 0.9893617
 0.95588235 0.96446701 0.94       0.97474747 0.98969072 0.9245283
 0.97959184 0.98979592 0.9375     0.96891192 0.95477387 0.95336788
 0.97948718 0.98019802 0.94607843 0.95652174 0.95522388 0.95544554
 0.96039604 0.95566502 0.96585366 0.95939086 0.95652174 0.94949495
 0.98019802 0.95897436 0.96984925 0.96534653 0.96464646 0.95854922
 0.95979899 0.94607843 0.96875    0.96954315 0.960199   0.95918367
 0.95024876 0.96551724 0.960199   0.95522388 0.96517413 0.94949495
 0.97014925 0.95       0.97474747 0.95477387 0.96954315 0.96
 0.97474747 0.95544554 0.9744898  0.97474747 0.9742268  0.97029703
 0.95121951 0.97       0.96428571 0.95979899 0.92682927 0.96078431
 0.96984925 0.95631068 0.96938776 0.93203883 0.95631068 0.96938776
 0.97969543 0.96923077 0.96       0.94146341]
Mean precision: 0.961342495688782
Dev: 0.013878222219105887


RF_BrdSMOTE Cross-Validation Results precision:
 [0.97487437 0.97073171 0.90140845 0.984375   0.93838863 0.95454545
 0.94472362 0.97969543 0.94634146 0.96517413 0.95       0.945
 0.94202899 0.945      0.97512438 0.97524752 0.96517413 0.95566502
 0.96969697 0.96039604 0.95522388 0.96984925 0.95431472 0.95544554
 0.95121951 0.96601942 0.95566502 0.95145631 0.93396226 0.98395722
 0.97058824 0.960199   0.92462312 0.975      0.98941799 0.92523364
 0.98461538 0.98       0.9245283  0.96410256 0.94029851 0.95876289
 0.97461929 0.97536946 0.94059406 0.95631068 0.96       0.9468599
 0.95522388 0.96568627 0.95673077 0.95073892 0.95609756 0.955
 0.9800995  0.96954315 0.96428571 0.95609756 0.95522388 0.95360825
 0.95544554 0.96       0.96938776 0.96428571 0.9468599  0.95098039
 0.95073892 0.95566502 0.95609756 0.96059113 0.96517413 0.95
 0.96601942 0.9375     0.97474747 0.960199   0.94949495 0.95959596
 0.97       0.96059113 0.95566502 0.97461929 0.97014925 0.96568627
 0.95073892 0.96482412 0.95854922 0.94117647 0.92822967 0.95588235
 0.96954315 0.94761905 0.96410256 0.92417062 0.95049505 0.96482412
 0.95631068 0.97959184 0.95522388 0.95631068]
Mean precision: 0.9578724914895649
Dev: 0.014841728518202384


RF_GAN Cross-Validation Results precision:
 [0.9744898  0.97979798 0.93401015 0.97905759 0.95566502 0.95522388
 0.96858639 0.975      0.95544554 0.97435897 0.95454545 0.95384615
 0.94554455 0.94974874 0.98412698 0.97524752 0.96954315 0.97044335
 0.9744898  0.96482412 0.96464646 0.98477157 0.96858639 0.96923077
 0.96482412 0.96601942 0.96482412 0.95169082 0.93203883 0.97340426
 0.97474747 0.97474747 0.92857143 0.9742268  0.99479167 0.92890995
 0.98469388 0.98979592 0.92344498 0.97354497 0.95408163 0.97860963
 0.98461538 0.98461538 0.95979899 0.96039604 0.96428571 0.965
 0.96517413 0.96954315 0.96039604 0.96410256 0.95631068 0.9408867
 0.98492462 0.96891192 0.97461929 0.96482412 0.95939086 0.95336788
 0.96391753 0.95566502 0.98421053 0.96923077 0.94581281 0.95876289
 0.96984925 0.9798995  0.960199   0.96428571 0.96078431 0.96
 0.95918367 0.96       0.9744898  0.95       0.97395833 0.95049505
 0.98477157 0.95454545 0.97916667 0.9798995  0.96428571 0.97487437
 0.955      0.97487437 0.96373057 0.96410256 0.9223301  0.95588235
 0.97435897 0.96       0.96938776 0.93627451 0.95121951 0.96954315
 0.97979798 0.97905759 0.96938776 0.95544554]
Mean precision: 0.9645404137030164
Dev: 0.01445692373884159


XGB Cross-Validation Results precision:
 [0.93846154 0.93984962 0.8943662  0.97560976 0.92028986 0.94160584
 0.91970803 0.96124031 0.92086331 0.94656489 0.93984962 0.94573643
 0.92307692 0.91176471 0.91851852 0.96153846 0.94736842 0.96153846
 0.94656489 0.91603053 0.91176471 0.92647059 0.93333333 0.91366906
 0.9270073  0.94776119 0.9765625  0.9453125  0.91791045 0.9469697
 0.93283582 0.92481203 0.91970803 0.96240602 0.94573643 0.94736842
 0.92481203 0.92647059 0.93129771 0.95419847 0.94736842 0.94573643
 0.96268657 0.96212121 0.9057971  0.94656489 0.93283582 0.92537313
 0.95384615 0.92307692 0.95522388 0.97619048 0.94029851 0.91111111
 0.96850394 0.93984962 0.93333333 0.96124031 0.90909091 0.94573643
 0.94736842 0.88194444 0.93382353 0.98449612 0.93283582 0.89051095
 0.93939394 0.93846154 0.96268657 0.95384615 0.93984962 0.91970803
 0.91304348 0.97674419 0.96992481 0.91366906 0.9084507  0.89781022
 0.94573643 0.9389313  0.9389313  0.91240876 0.94890511 0.94736842
 0.94656489 0.93571429 0.96124031 0.95419847 0.90070922 0.96747967
 0.91970803 0.93333333 0.9469697  0.91240876 0.96062992 0.9609375
 0.98360656 0.88811189 0.92028986 0.92424242]
Mean precision: 0.937459321109892
Dev: 0.02188612431646431


XGB_SMOTE Cross-Validation Results precision:
 [0.96517413 0.95145631 0.91866029 0.97927461 0.93867925 0.95609756
 0.94581281 0.98469388 0.94202899 0.95477387 0.94117647 0.95544554
 0.94202899 0.94634146 0.96938776 0.97512438 0.95121951 0.95609756
 0.96517413 0.96517413 0.96517413 0.95098039 0.96938776 0.95098039
 0.9368932  0.9468599  0.95073892 0.95609756 0.91943128 0.97938144
 0.97029703 0.95631068 0.91904762 0.96       0.97969543 0.90454545
 0.96517413 0.97524752 0.94230769 0.95408163 0.93596059 0.96373057
 0.97487437 0.97461929 0.96601942 0.9245283  0.95049505 0.94761905
 0.95098039 0.94761905 0.94285714 0.96534653 0.96116505 0.94581281
 0.9754902  0.95073892 0.95631068 0.95609756 0.95454545 0.93564356
 0.96039604 0.9468599  0.96534653 0.98477157 0.94312796 0.96551724
 0.92682927 0.95121951 0.94174757 0.960199   0.96551724 0.95979899
 0.95192308 0.94607843 0.96984925 0.95544554 0.96       0.95588235
 0.97029703 0.95121951 0.95073892 0.96116505 0.96059113 0.95631068
 0.95631068 0.95566502 0.96984925 0.94554455 0.94174757 0.96551724
 0.96984925 0.95631068 0.96039604 0.94660194 0.95652174 0.960199
 0.9468599  0.96464646 0.9468599  0.94634146]
Mean precision: 0.9548696029407185
Dev: 0.014390836203088727


XGB_BrdSMOTE Cross-Validation Results precision:
 [0.96568627 0.96551724 0.89954338 0.97435897 0.94285714 0.95566502
 0.94581281 0.97014925 0.95169082 0.95544554 0.92195122 0.94117647
 0.91284404 0.95979899 0.97029703 0.96601942 0.94736842 0.96568627
 0.96410256 0.965      0.96059113 0.94202899 0.95959596 0.97029703
 0.94230769 0.96135266 0.94660194 0.95145631 0.9245283  0.97382199
 0.96618357 0.96078431 0.91826923 0.965      0.96954315 0.91324201
 0.97044335 0.975      0.9368932  0.95       0.93236715 0.95477387
 0.96534653 0.96534653 0.94660194 0.93867925 0.96984925 0.95121951
 0.96059113 0.96618357 0.9478673  0.95609756 0.95145631 0.96059113
 0.98019802 0.96517413 0.96059113 0.94736842 0.95566502 0.95431472
 0.95609756 0.95588235 0.96984925 0.97474747 0.93364929 0.94660194
 0.94230769 0.94146341 0.93809524 0.95169082 0.960199   0.96039604
 0.95169082 0.93719807 0.95588235 0.95121951 0.96938776 0.95169082
 0.96078431 0.95169082 0.95121951 0.96097561 0.95145631 0.96078431
 0.94285714 0.96551724 0.95979899 0.94660194 0.93627451 0.95169082
 0.96446701 0.95215311 0.96039604 0.92488263 0.97979798 0.95566502
 0.9569378  0.96938776 0.94146341 0.94339623]
Mean precision: 0.9536544214054961
Dev: 0.014881191818610365


XGB_GAN Cross-Validation Results precision:
 [0.96039604 0.94736842 0.94146341 0.9744898  0.94312796 0.95609756
 0.94554455 0.97979798 0.9468599  0.95939086 0.93170732 0.96
 0.95121951 0.94       0.96938776 0.98       0.94174757 0.96517413
 0.96078431 0.96059113 0.96517413 0.95588235 0.96954315 0.965
 0.95566502 0.96153846 0.96059113 0.95588235 0.93236715 0.97883598
 0.97524752 0.96039604 0.92964824 0.97948718 0.97959184 0.91203704
 0.97979798 0.98477157 0.93779904 0.95918367 0.94174757 0.96391753
 0.97487437 0.97       0.95566502 0.93301435 0.955      0.96059113
 0.95121951 0.96097561 0.95588235 0.95522388 0.95631068 0.95544554
 0.97572816 0.95       0.965      0.95588235 0.96969697 0.92893401
 0.960199   0.95145631 0.96954315 0.97959184 0.95192308 0.960199
 0.95073892 0.95192308 0.95       0.97474747 0.97487437 0.94527363
 0.95169082 0.95588235 0.96446701 0.94581281 0.96907216 0.94660194
 0.97       0.95522388 0.97       0.97058824 0.96446701 0.97512438
 0.96097561 0.96482412 0.96969697 0.95       0.92718447 0.96116505
 0.95979899 0.96039604 0.96464646 0.95609756 0.96097561 0.96984925
 0.96585366 0.955      0.95121951 0.965     ]
Mean precision: 0.958507808846116
Dev: 0.013428612764348006


XGB_RF Cross-Validation Results precision:
 [0.95833333 0.9453125  0.86428571 0.93442623 0.90909091 0.9270073
 0.93181818 0.96       0.91044776 0.9453125  0.91538462 0.8976378
 0.94776119 0.8984375  0.86428571 0.9765625  0.92028986 0.96
 0.96       0.9140625  0.90441176 0.96825397 0.93333333 0.91666667
 0.91666667 0.93846154 0.953125   0.93333333 0.90839695 0.96721311
 0.93181818 0.9375     0.88970588 0.96850394 0.91603053 0.96031746
 0.89051095 0.96062992 0.92125984 0.92307692 0.90225564 0.94444444
 0.96062992 0.93181818 0.88321168 0.93233083 0.9379845  0.90697674
 0.92248062 0.94308943 0.9609375  0.96031746 0.93650794 0.92
 0.9140625  0.89705882 0.91044776 0.93076923 0.91851852 0.91791045
 0.94573643 0.89361702 0.95419847 0.92366412 0.90151515 0.88372093
 0.91044776 0.9375     0.9469697  0.97478992 0.91538462 0.94488189
 0.89393939 0.95384615 0.95384615 0.87857143 0.92537313 0.92125984
 0.92857143 0.95238095 0.944      0.89130435 0.96183206 0.9389313
 0.94354839 0.92753623 0.94262295 0.90225564 0.91666667 0.936
 0.94488189 0.93129771 0.96062992 0.9389313  0.95238095 0.94262295
 0.952      0.89928058 0.91111111 0.896     ]
Mean precision: 0.928854727198883
Dev: 0.024937919480044687


XGB_RF_SMOTE Cross-Validation Results precision:
 [0.95959596 0.96482412 0.88679245 0.96791444 0.92788462 0.95024876
 0.94871795 0.95939086 0.94117647 0.95897436 0.94059406 0.93034826
 0.94444444 0.95       0.93333333 0.95098039 0.96464646 0.95652174
 0.95384615 0.95959596 0.945      0.96       0.94358974 0.94472362
 0.93969849 0.96534653 0.92610837 0.93564356 0.92682927 0.95287958
 0.95876289 0.9408867  0.93908629 0.95360825 0.94444444 0.92417062
 0.96373057 0.9742268  0.91904762 0.953125   0.93939394 0.94270833
 0.96464646 0.96464646 0.93170732 0.945      0.93532338 0.95544554
 0.9368932  0.94607843 0.95049505 0.94949495 0.91904762 0.91304348
 0.97       0.95854922 0.96517413 0.94634146 0.94845361 0.94387755
 0.96410256 0.95098039 0.96858639 0.94974874 0.95609756 0.92610837
 0.94949495 0.9368932  0.93034826 0.96938776 0.95431472 0.94949495
 0.92964824 0.92647059 0.96482412 0.95024876 0.94818653 0.95477387
 0.9408867  0.94923858 0.92610837 0.96984925 0.95897436 0.95477387
 0.92307692 0.96446701 0.94845361 0.93908629 0.92610837 0.96534653
 0.94444444 0.92788462 0.960199   0.93301435 0.94202899 0.96335079
 0.94974874 0.97395833 0.94059406 0.9408867 ]
Mean precision: 0.9470924915839608
Dev: 0.015152635434208944


XGB_RF_BrdSMOTE Cross-Validation Results precision:
 [0.945      0.96482412 0.8744186  0.95767196 0.92344498 0.94472362
 0.93467337 0.95431472 0.93137255 0.95384615 0.93       0.93846154
 0.94117647 0.92537313 0.93103448 0.95121951 0.94923858 0.95
 0.96923077 0.96       0.945      0.965      0.94416244 0.93103448
 0.9408867  0.95073892 0.90686275 0.93170732 0.92718447 0.96756757
 0.93532338 0.93596059 0.89805825 0.945      0.94818653 0.91866029
 0.96938776 0.97       0.93532338 0.95336788 0.93814433 0.93846154
 0.96410256 0.94607843 0.92753623 0.94202899 0.93137255 0.94554455
 0.94146341 0.91747573 0.92788462 0.955      0.92753623 0.92682927
 0.95477387 0.94974874 0.96373057 0.95145631 0.94416244 0.93717277
 0.95979899 0.92893401 0.9787234  0.94871795 0.92417062 0.91959799
 0.945      0.94146341 0.91981132 0.95522388 0.94029851 0.95477387
 0.94029851 0.92822967 0.95979899 0.94974874 0.92893401 0.93627451
 0.9408867  0.94923858 0.91826923 0.96410256 0.95       0.95522388
 0.93137255 0.96825397 0.95811518 0.93596059 0.93069307 0.94527363
 0.94329897 0.94258373 0.95876289 0.91037736 0.92610837 0.94949495
 0.9408867  0.96842105 0.93939394 0.93333333]
Mean precision: 0.9419979001845937
Dev: 0.01661323581146488


XGB_RF_GAN Cross-Validation Results precision:
 [0.96373057 0.97       0.90686275 0.95767196 0.94174757 0.94029851
 0.95408163 0.97435897 0.94059406 0.96446701 0.93170732 0.93564356
 0.94554455 0.93467337 0.94897959 0.95588235 0.95854922 0.94117647
 0.96464646 0.96954315 0.96464646 0.95566502 0.94358974 0.93103448
 0.96       0.97014925 0.93532338 0.95073892 0.93203883 0.95238095
 0.96464646 0.94146341 0.91794872 0.95897436 0.95454545 0.91904762
 0.97409326 0.98469388 0.92344498 0.953125   0.93137255 0.93401015
 0.9744898  0.93596059 0.94146341 0.94634146 0.93564356 0.95431472
 0.94607843 0.9408867  0.95544554 0.95431472 0.94202899 0.91304348
 0.97524752 0.96907216 0.94949495 0.96446701 0.95876289 0.94764398
 0.955      0.95544554 0.95897436 0.95024876 0.95024876 0.93908629
 0.94       0.94146341 0.93170732 0.95454545 0.95       0.96
 0.935      0.95049505 0.97       0.93       0.95       0.955
 0.95544554 0.94949495 0.95939086 0.97       0.95833333 0.95522388
 0.92822967 0.95959596 0.95287958 0.94444444 0.92718447 0.95544554
 0.93908629 0.93269231 0.96446701 0.93236715 0.95098039 0.96373057
 0.95049505 0.96391753 0.94029851 0.955     ]
Mean precision: 0.9494370988213761
Dev: 0.014635485775274504


