LR_RUS Cross-Validation Results accuracy:
 [0.87878788 0.87878788 0.96969697 0.90909091 0.96969697 0.96969697
 0.84375    1.         0.90625    0.9375     0.93939394 0.93939394
 1.         1.         0.87878788 0.87878788 0.9375     0.96875
 0.90625    0.96875    1.         0.93939394 1.         0.96969697
 0.96969697 0.96969697 0.875      0.84375    0.9375     0.9375
 1.         0.90909091 0.93939394 0.96969697 0.87878788 0.96969697
 0.9375     0.90625    0.84375    0.90625    0.96969697 0.96969697
 0.93939394 0.96969697 0.93939394 0.93939394 0.90625    0.9375
 0.90625    0.9375     0.93939394 0.90909091 0.90909091 0.96969697
 0.93939394 0.96969697 0.9375     0.9375     0.875      1.
 0.90909091 1.         0.90909091 0.93939394 0.96969697 0.90909091
 0.875      0.96875    0.96875    0.9375     0.93939394 0.90909091
 1.         0.96969697 0.84848485 0.93939394 1.         0.96875
 0.9375     0.9375     0.96969697 0.96969697 0.93939394 0.96969697
 1.         0.90909091 0.90625    0.9375     0.96875    0.84375
 0.84848485 0.96969697 1.         0.87878788 0.87878788 1.
 0.90625    1.         0.96875    0.90625   ]
Mean accuracy: 0.9379166666666666
Dev: 0.04291315613233118


LR_NM Cross-Validation Results accuracy:
 [0.90909091 0.96969697 0.96969697 0.96969697 0.96969697 1.
 0.90625    0.96875    0.90625    0.90625    0.96969697 0.90909091
 0.93939394 1.         0.90909091 0.90909091 0.875      0.96875
 0.96875    0.96875    1.         0.93939394 0.96969697 0.96969697
 0.96969697 1.         0.90625    0.84375    1.         0.90625
 1.         0.93939394 1.         0.93939394 0.90909091 1.
 0.9375     0.9375     0.875      0.875      0.96969697 0.96969697
 0.93939394 0.96969697 0.96969697 0.93939394 0.9375     0.96875
 0.9375     0.96875    0.93939394 0.90909091 0.90909091 0.96969697
 0.93939394 0.93939394 0.9375     0.9375     0.96875    1.
 0.93939394 1.         0.84848485 0.96969697 1.         0.96969697
 0.84375    1.         0.96875    0.9375     0.93939394 0.90909091
 0.96969697 0.93939394 0.90909091 0.93939394 0.9375     0.96875
 0.9375     0.96875    1.         0.96969697 0.90909091 0.96969697
 1.         0.93939394 0.90625    0.9375     0.9375     0.90625
 0.90909091 0.96969697 1.         0.93939394 0.87878788 1.
 0.96875    0.9375     0.96875    0.875     ]
Mean accuracy: 0.9464867424242424
Dev: 0.03823354119588168


LR_CNN Cross-Validation Results accuracy:
 [0.85714286 0.9047619  1.         0.80952381 0.9047619  0.95238095
 0.95238095 0.95238095 0.76190476 0.80952381 0.9047619  0.9047619
 0.95238095 0.95238095 0.9047619  0.9047619  0.95238095 0.85714286
 0.9047619  0.80952381 0.85714286 0.9047619  0.95238095 0.9047619
 0.9047619  0.80952381 0.95238095 0.85714286 0.95238095 0.9047619
 0.9047619  0.9047619  0.9047619  0.9047619  0.9047619  0.95238095
 1.         0.85714286 0.9047619  0.9047619  1.         0.9047619
 0.80952381 0.9047619  0.80952381 1.         0.85714286 0.95238095
 0.95238095 0.9047619  0.95238095 1.         0.9047619  0.9047619
 0.85714286 0.9047619  0.9047619  0.9047619  0.85714286 0.9047619
 0.95238095 0.95238095 0.76190476 0.95238095 0.9047619  0.9047619
 0.9047619  0.9047619  0.95238095 0.95238095 1.         0.85714286
 0.95238095 0.85714286 0.85714286 0.9047619  0.85714286 0.9047619
 0.95238095 0.85714286 0.9047619  0.85714286 0.85714286 0.95238095
 0.95238095 0.76190476 0.95238095 0.95238095 0.95238095 0.9047619
 1.         0.85714286 0.95238095 0.95238095 0.9047619  1.
 0.85714286 0.9047619  0.80952381 0.80952381]
Mean accuracy: 0.9052380952380955
Dev: 0.055326284281761624


LR_TL Cross-Validation Results accuracy:
 [0.92       0.96       0.98       0.9        0.96       0.96
 0.96       1.         0.95918367 0.93877551 0.88       0.96
 0.96       1.         0.94       0.98       0.96       0.98
 0.97959184 0.95918367 0.9        0.94       0.98       0.96
 0.94       0.94       1.         0.96       0.95918367 0.93877551
 0.92       0.96       0.9        0.98       0.98       0.96
 0.96       0.96       0.95918367 0.95918367 0.94       0.94
 0.98       0.96       0.9        0.92       0.94       0.96
 0.97959184 0.97959184 0.94       0.9        0.94       0.98
 1.         0.96       0.98       0.94       0.95918367 0.97959184
 0.96       0.98       0.98       1.         0.94       0.96
 0.98       0.96       0.87755102 0.91836735 0.96       0.96
 0.98       0.94       0.96       0.98       0.92       0.96
 0.93877551 0.97959184 0.96       0.88       1.         0.94
 0.98       0.96       0.94       0.96       0.95918367 0.95918367
 1.         0.94       0.98       0.96       0.96       0.92
 0.92       0.9        0.95918367 0.97959184]
Mean accuracy: 0.9546244897959184
Dev: 0.027731205499112104


DT_RUS Cross-Validation Results accuracy:
 [0.96969697 1.         1.         1.         0.90909091 1.
 0.90625    0.96875    0.96875    0.96875    0.96969697 1.
 0.93939394 0.96969697 1.         1.         1.         1.
 0.90625    1.         1.         0.93939394 0.96969697 0.93939394
 1.         1.         0.96875    1.         1.         1.
 0.96969697 1.         0.96969697 1.         0.90909091 0.96969697
 1.         0.96875    0.9375     1.         1.         0.96969697
 1.         0.93939394 1.         0.96969697 1.         0.96875
 1.         0.9375     1.         1.         1.         1.
 1.         0.96969697 0.90625    1.         0.9375     1.
 1.         0.96969697 0.93939394 0.96969697 0.96969697 0.96969697
 1.         1.         0.96875    1.         1.         0.90909091
 1.         0.96969697 1.         1.         0.9375     1.
 0.96875    1.         0.87878788 1.         1.         0.96969697
 1.         0.96969697 1.         0.96875    0.96875    0.96875
 1.         1.         1.         1.         0.96969697 0.96969697
 1.         0.96875    1.         0.9375    ]
Mean accuracy: 0.9775852272727272
Dev: 0.028752986417635584


DT_NM Cross-Validation Results accuracy:
 [1.         1.         1.         1.         1.         1.
 0.96875    1.         1.         1.         1.         1.
 1.         1.         1.         1.         1.         1.
 0.96875    1.         1.         1.         1.         1.
 1.         1.         0.96875    1.         1.         1.
 1.         1.         1.         1.         1.         1.
 1.         0.96875    1.         1.         1.         1.
 1.         1.         1.         0.96969697 1.         1.
 1.         1.         1.         1.         1.         1.
 0.93939394 1.         0.96875    1.         1.         1.
 1.         1.         0.96969697 1.         1.         1.
 1.         1.         1.         1.         1.         1.
 1.         1.         1.         1.         1.         1.
 0.96875    1.         1.         1.         0.93939394 1.
 1.         1.         1.         1.         1.         0.96875
 1.         1.         1.         1.         0.96969697 1.
 1.         1.         1.         1.        ]
Mean accuracy: 0.9956912878787878
Dev: 0.012280247386214195


DT_CNN Cross-Validation Results accuracy:
 [1.         1.         1.         0.9047619  1.         1.
 0.9047619  1.         0.95238095 0.85714286 0.95238095 0.95238095
 1.         1.         0.95238095 1.         1.         0.85714286
 0.95238095 0.85714286 0.95238095 1.         1.         0.95238095
 1.         0.9047619  1.         0.9047619  0.95238095 0.85714286
 0.95238095 0.9047619  0.95238095 1.         0.9047619  0.95238095
 0.95238095 1.         0.9047619  0.95238095 1.         0.95238095
 0.80952381 0.95238095 0.85714286 1.         1.         1.
 0.95238095 0.9047619  0.9047619  0.95238095 1.         0.95238095
 0.95238095 0.95238095 0.95238095 1.         1.         1.
 1.         1.         0.80952381 1.         1.         1.
 0.95238095 0.95238095 0.9047619  0.9047619  1.         0.9047619
 1.         0.80952381 0.95238095 1.         0.85714286 1.
 0.95238095 1.         1.         0.95238095 0.9047619  1.
 1.         0.9047619  0.95238095 0.9047619  0.95238095 0.85714286
 0.95238095 0.95238095 0.95238095 0.9047619  1.         1.
 0.95238095 0.95238095 0.95238095 1.        ]
Mean accuracy: 0.952857142857143
Dev: 0.050167519824598404


DT_TL Cross-Validation Results accuracy:
 [1.         1.         0.98       1.         1.         1.
 0.96       1.         1.         0.97959184 0.96       0.96
 0.98       1.         0.98       0.98       1.         0.98
 1.         1.         0.96       0.98       1.         0.98
 1.         1.         0.96       1.         1.         1.
 0.98       1.         0.98       0.98       0.92       1.
 1.         0.98       0.97959184 1.         1.         1.
 0.98       1.         0.98       0.98       0.98       1.
 0.97959184 0.97959184 0.98       1.         0.94       1.
 0.98       0.96       0.98       1.         1.         1.
 0.96       1.         1.         1.         0.98       1.
 1.         1.         0.97959184 0.91836735 1.         0.96
 1.         0.98       0.96       1.         1.         0.98
 1.         1.         1.         0.98       1.         1.
 0.96       0.98       1.         1.         0.95918367 1.
 1.         1.         0.98       0.98       0.98       0.98
 1.         0.98       0.97959184 1.        ]
Mean accuracy: 0.9865510204081634
Dev: 0.017303559205632833


RF_RUS Cross-Validation Results accuracy:
 [0.96969697 0.96969697 1.         1.         0.93939394 1.
 0.96875    1.         1.         0.96875    1.         1.
 0.96969697 0.96969697 1.         1.         0.9375     1.
 0.9375     1.         1.         0.93939394 1.         1.
 1.         0.96969697 0.9375     1.         0.96875    1.
 0.93939394 1.         0.96969697 1.         0.96969697 1.
 1.         0.96875    0.96875    1.         1.         0.96969697
 1.         0.96969697 1.         0.96969697 0.9375     1.
 1.         0.9375     1.         1.         1.         1.
 1.         1.         0.90625    1.         0.9375     1.
 1.         0.96969697 0.96969697 1.         0.96969697 0.96969697
 0.96875    1.         1.         0.96875    1.         0.90909091
 1.         0.96969697 1.         1.         0.96875    1.
 0.96875    1.         1.         1.         1.         0.96969697
 1.         0.96969697 1.         1.         0.96875    0.96875
 0.96969697 1.         1.         1.         0.96969697 0.96969697
 1.         1.         1.         0.9375    ]
Mean accuracy: 0.9824621212121213
Dev: 0.023187604496706506


RF_NM Cross-Validation Results accuracy:
 [1.         1.         1.         1.         1.         1.
 0.96875    0.96875    0.96875    0.96875    1.         1.
 0.96969697 1.         1.         0.96969697 1.         1.
 0.9375     1.         1.         0.96969697 0.96969697 1.
 1.         1.         0.96875    1.         1.         1.
 0.90909091 0.96969697 1.         1.         1.         1.
 1.         0.96875    1.         1.         1.         1.
 1.         1.         1.         0.96969697 1.         0.96875
 1.         1.         1.         1.         1.         1.
 0.93939394 1.         0.96875    1.         1.         1.
 1.         1.         0.96969697 1.         1.         1.
 1.         0.96875    1.         0.96875    0.96969697 1.
 0.96969697 0.96969697 1.         1.         1.         1.
 0.96875    1.         0.96969697 1.         0.96969697 1.
 1.         0.96969697 1.         1.         1.         0.96875
 1.         1.         0.96969697 1.         0.96969697 1.
 1.         1.         1.         0.96875   ]
Mean accuracy: 0.989251893939394
Dev: 0.017538827265896298


RF_CNN Cross-Validation Results accuracy:
 [1.         1.         0.95238095 0.95238095 0.9047619  0.9047619
 0.9047619  1.         0.9047619  0.9047619  0.85714286 1.
 1.         0.95238095 1.         1.         1.         0.9047619
 0.9047619  0.95238095 1.         1.         1.         0.95238095
 1.         0.9047619  0.9047619  0.9047619  0.95238095 0.85714286
 1.         0.95238095 0.95238095 0.95238095 0.95238095 0.95238095
 0.95238095 1.         0.9047619  0.9047619  1.         0.95238095
 0.85714286 0.9047619  0.95238095 1.         0.95238095 1.
 0.9047619  0.95238095 0.9047619  0.95238095 1.         0.9047619
 0.95238095 1.         0.9047619  0.95238095 0.95238095 0.95238095
 0.95238095 1.         1.         0.85714286 1.         1.
 1.         1.         0.95238095 0.9047619  0.95238095 0.85714286
 1.         1.         0.95238095 1.         0.80952381 1.
 0.9047619  1.         0.95238095 0.9047619  0.9047619  1.
 1.         0.95238095 0.95238095 0.9047619  0.9047619  0.95238095
 0.9047619  1.         0.95238095 0.95238095 0.9047619  1.
 1.         0.95238095 0.95238095 1.        ]
Mean accuracy: 0.9514285714285714
Dev: 0.04516535505287382


RF_TL Cross-Validation Results accuracy:
 [1.         1.         1.         0.98       0.98       1.
 0.98       1.         0.95918367 0.95918367 0.96       1.
 1.         0.98       0.98       0.98       1.         1.
 1.         1.         0.96       0.98       1.         1.
 0.98       1.         1.         1.         0.97959184 0.97959184
 0.98       1.         0.96       1.         0.96       1.
 1.         0.98       1.         1.         1.         1.
 1.         1.         0.98       0.96       1.         1.
 0.97959184 0.95918367 0.98       1.         0.94       1.
 1.         1.         0.98       0.98       1.         0.97959184
 0.98       1.         1.         1.         0.96       1.
 1.         1.         0.97959184 0.95918367 1.         0.96
 1.         0.98       0.98       1.         1.         1.
 1.         1.         1.         1.         1.         1.
 0.98       0.96       1.         1.         0.95918367 1.
 1.         1.         0.98       1.         0.98       0.98
 1.         1.         0.97959184 1.        ]
Mean accuracy: 0.9887346938775511
Dev: 0.015145332324250776


XGB_RUS Cross-Validation Results accuracy:
 [0.96969697 0.96969697 1.         1.         0.90909091 1.
 0.9375     1.         0.9375     0.96875    0.93939394 1.
 0.90909091 0.96969697 1.         0.96969697 0.96875    1.
 0.875      1.         0.93939394 0.93939394 0.96969697 0.96969697
 1.         0.96969697 0.9375     1.         0.96875    1.
 0.93939394 0.96969697 0.96969697 1.         0.96969697 0.96969697
 1.         0.96875    0.90625    1.         1.         0.96969697
 0.96969697 0.93939394 1.         0.96969697 0.96875    1.
 0.96875    0.9375     1.         1.         1.         1.
 0.96969697 0.96969697 0.84375    1.         0.90625    1.
 1.         0.96969697 0.93939394 1.         0.93939394 0.90909091
 0.96875    1.         0.96875    0.9375     1.         0.90909091
 1.         0.96969697 0.96969697 0.96969697 0.9375     1.
 0.96875    1.         0.96969697 1.         0.96969697 0.96969697
 1.         0.93939394 1.         0.9375     0.96875    0.96875
 0.84848485 0.96969697 1.         1.         0.96969697 0.96969697
 1.         1.         1.         0.90625   ]
Mean accuracy: 0.9686837121212122
Dev: 0.034014079830168374


XGB_NM Cross-Validation Results accuracy:
 [1.         0.96969697 1.         1.         1.         0.96969697
 0.96875    0.9375     0.96875    0.9375     0.96969697 1.
 0.96969697 1.         1.         0.96969697 1.         1.
 0.96875    0.96875    0.96969697 1.         0.96969697 1.
 1.         0.96969697 0.96875    0.96875    0.9375     1.
 1.         0.96969697 1.         1.         1.         1.
 0.96875    0.96875    0.9375     1.         1.         1.
 0.96969697 0.96969697 1.         0.96969697 1.         0.96875
 1.         0.96875    1.         1.         0.96969697 1.
 0.90909091 1.         0.96875    0.96875    0.96875    1.
 0.96969697 0.96969697 0.96969697 0.96969697 0.96969697 1.
 0.9375     1.         1.         0.96875    0.96969697 1.
 1.         0.96969697 0.96969697 0.96969697 1.         1.
 0.9375     1.         0.96969697 0.96969697 0.93939394 1.
 1.         1.         0.96875    0.96875    1.         0.96875
 1.         1.         1.         1.         0.90909091 1.
 0.96875    1.         1.         0.9375    ]
Mean accuracy: 0.9803030303030303
Dev: 0.02199213522393833


XGB_CNN Cross-Validation Results accuracy:
 [0.95238095 0.95238095 0.95238095 0.9047619  0.95238095 0.9047619
 0.85714286 0.95238095 0.95238095 0.9047619  0.9047619  1.
 0.95238095 0.85714286 0.95238095 1.         1.         0.76190476
 0.95238095 0.9047619  1.         0.95238095 1.         0.95238095
 0.95238095 0.85714286 0.9047619  0.85714286 0.95238095 0.80952381
 0.9047619  0.9047619  0.9047619  0.85714286 0.95238095 0.95238095
 0.95238095 0.95238095 0.9047619  0.95238095 0.95238095 0.95238095
 0.85714286 0.9047619  0.9047619  1.         0.85714286 0.95238095
 0.9047619  0.95238095 0.9047619  0.95238095 1.         0.95238095
 0.80952381 0.9047619  0.85714286 0.95238095 0.95238095 0.85714286
 0.9047619  0.95238095 0.80952381 0.85714286 0.9047619  0.9047619
 1.         0.95238095 0.95238095 0.85714286 0.9047619  0.85714286
 0.95238095 0.85714286 0.95238095 0.95238095 0.85714286 0.95238095
 0.9047619  0.95238095 0.95238095 0.85714286 0.9047619  1.
 0.95238095 0.95238095 0.95238095 0.85714286 0.85714286 0.85714286
 0.95238095 0.9047619  0.95238095 0.95238095 0.9047619  0.9047619
 0.95238095 0.9047619  0.9047619  1.        ]
Mean accuracy: 0.9214285714285713
Dev: 0.04965869908241478


XGB_TL Cross-Validation Results accuracy:
 [1.         1.         1.         0.98       0.98       0.96
 0.96       1.         1.         0.93877551 0.96       1.
 0.98       1.         0.96       0.98       1.         0.98
 1.         0.97959184 0.96       1.         1.         0.96
 0.98       1.         1.         1.         0.97959184 0.97959184
 0.98       1.         0.96       0.98       0.92       1.
 1.         0.98       1.         0.97959184 1.         0.98
 0.98       1.         0.98       0.94       1.         1.
 0.97959184 0.95918367 0.98       0.96       0.96       1.
 0.96       0.98       0.98       1.         1.         0.95918367
 0.98       1.         1.         1.         0.96       0.98
 1.         1.         0.97959184 0.91836735 0.96       0.94
 1.         0.94       0.96       1.         1.         1.
 0.97959184 1.         1.         0.98       1.         1.
 0.98       0.96       1.         1.         0.95918367 1.
 1.         1.         0.98       1.         0.98       0.98
 0.96       0.98       1.         0.97959184]
Mean accuracy: 0.9825142857142858
Dev: 0.019638526000107372


XGB_RF_RUS Cross-Validation Results accuracy:
 [0.93939394 1.         1.         0.96969697 0.90909091 0.96969697
 0.90625    1.         0.9375     0.875      0.84848485 1.
 0.93939394 0.96969697 1.         1.         0.90625    1.
 0.84375    0.96875    0.96969697 0.93939394 0.96969697 0.96969697
 1.         0.93939394 0.9375     0.9375     0.96875    1.
 0.96969697 1.         0.93939394 1.         0.90909091 0.96969697
 0.96875    0.96875    0.84375    1.         1.         0.96969697
 0.93939394 0.93939394 1.         0.93939394 0.96875    0.96875
 1.         0.90625    1.         1.         0.96969697 1.
 0.96969697 1.         0.875      0.96875    0.90625    1.
 1.         0.96969697 0.93939394 0.93939394 0.93939394 0.96969697
 0.9375     0.96875    0.96875    1.         1.         0.90909091
 1.         0.96969697 0.96969697 0.96969697 0.9375     1.
 0.9375     0.96875    0.93939394 0.93939394 0.96969697 0.96969697
 1.         0.96969697 0.96875    0.875      0.96875    0.96875
 0.87878788 1.         0.96969697 1.         0.93939394 0.96969697
 0.96875    1.         1.         0.875     ]
Mean accuracy: 0.9596969696969697
Dev: 0.03928231197925171


XGB_RF_NM Cross-Validation Results accuracy:
 [0.96969697 0.93939394 0.96969697 1.         1.         0.96969697
 0.96875    0.9375     1.         0.9375     0.93939394 1.
 1.         1.         1.         0.93939394 0.9375     1.
 0.96875    0.96875    0.96969697 0.96969697 0.96969697 1.
 1.         0.96969697 0.90625    0.96875    0.96875    1.
 0.96969697 0.96969697 0.96969697 0.96969697 1.         0.96969697
 0.96875    0.96875    0.90625    1.         1.         1.
 0.96969697 0.93939394 1.         0.90909091 1.         0.96875
 1.         0.9375     1.         1.         0.93939394 1.
 0.93939394 0.96969697 0.96875    0.96875    0.96875    1.
 0.96969697 0.96969697 0.90909091 0.96969697 0.96969697 1.
 0.9375     1.         1.         0.96875    0.96969697 1.
 1.         0.96969697 0.96969697 0.93939394 1.         1.
 0.9375     0.9375     0.96969697 0.96969697 0.93939394 0.96969697
 1.         1.         0.9375     0.96875    1.         0.9375
 1.         1.         0.96969697 1.         0.90909091 0.96969697
 0.96875    0.96875    1.         0.9375    ]
Mean accuracy: 0.9717329545454545
Dev: 0.026351420549660654


XGB_RF_CNN Cross-Validation Results accuracy:
 [0.95238095 0.95238095 0.95238095 0.95238095 0.95238095 0.95238095
 0.80952381 1.         0.95238095 0.76190476 1.         0.95238095
 0.95238095 0.9047619  0.9047619  0.95238095 0.95238095 0.85714286
 0.95238095 0.9047619  1.         0.9047619  1.         0.95238095
 0.95238095 0.95238095 1.         0.76190476 0.95238095 0.80952381
 0.95238095 1.         0.80952381 0.95238095 0.95238095 0.95238095
 0.95238095 0.95238095 0.85714286 0.9047619  0.95238095 0.95238095
 0.85714286 0.9047619  0.85714286 0.95238095 0.85714286 0.95238095
 0.95238095 0.95238095 0.95238095 0.95238095 1.         0.95238095
 0.80952381 0.95238095 0.80952381 1.         0.85714286 0.95238095
 0.95238095 0.95238095 0.95238095 0.95238095 0.9047619  0.85714286
 0.95238095 0.95238095 1.         0.85714286 0.9047619  0.80952381
 0.9047619  1.         0.9047619  0.95238095 0.85714286 0.95238095
 0.9047619  1.         0.95238095 0.85714286 0.9047619  0.95238095
 1.         0.95238095 0.95238095 0.95238095 0.95238095 0.80952381
 0.95238095 0.95238095 1.         0.95238095 0.9047619  0.9047619
 1.         0.85714286 0.95238095 0.9047619 ]
Mean accuracy: 0.9276190476190478
Dev: 0.05653646506535554


XGB_RF_TL Cross-Validation Results accuracy:
 [0.98       0.98       1.         0.96       0.98       0.96
 0.96       0.98       0.97959184 0.93877551 0.94       0.98
 1.         1.         0.92       0.96       1.         1.
 0.97959184 0.95918367 0.96       1.         1.         0.96
 0.98       0.98       0.98       1.         0.95918367 0.95918367
 0.98       1.         0.94       0.98       0.94       1.
 0.98       0.96       1.         0.95918367 0.98       1.
 0.98       1.         0.98       0.92       1.         0.98
 0.97959184 0.95918367 0.98       0.96       0.92       1.
 0.98       1.         0.98       1.         1.         0.93877551
 0.96       1.         1.         1.         0.96       1.
 1.         0.98       0.95918367 0.93877551 0.98       0.92
 1.         0.92       0.98       1.         1.         1.
 0.97959184 1.         0.96       1.         1.         1.
 0.98       0.94       1.         0.98       0.95918367 0.97959184
 1.         1.         0.94       1.         0.98       0.98
 0.94       0.96       0.97959184 0.97959184]
Mean accuracy: 0.9764775510204082
Dev: 0.02308506299055302


