LR_RUS Cross-Validation Results accuracy:
 [0.9375     0.90625    0.96875    0.96875    0.9375     0.96875
 0.93548387 0.96774194 0.96774194 0.96774194 0.96875    0.875
 0.96875    1.         0.9375     0.9375     0.96774194 0.83870968
 1.         0.93548387 0.96875    0.96875    0.96875    0.9375
 0.96875    0.96875    0.96774194 0.83870968 0.90322581 0.93548387
 1.         0.90625    0.875      0.96875    0.90625    0.96875
 0.96774194 0.93548387 0.96774194 0.93548387 0.96875    0.96875
 0.875      0.96875    0.96875    0.96875    0.90322581 0.96774194
 0.93548387 0.93548387 0.9375     0.9375     0.9375     0.96875
 0.96875    0.96875    0.93548387 0.93548387 0.93548387 0.93548387
 0.96875    0.90625    0.9375     0.90625    1.         0.875
 0.96774194 0.96774194 0.96774194 0.96774194 0.84375    0.9375
 0.9375     0.9375     0.90625    1.         0.96774194 0.93548387
 1.         0.96774194 0.96875    0.96875    1.         1.
 0.96875    0.96875    0.90322581 0.93548387 1.         0.87096774
 0.84375    0.9375     0.96875    1.         0.9375     0.875
 0.96774194 0.90322581 1.         0.96774194]
Mean accuracy: 0.9461895161290323
Dev: 0.038354643921274835


LR_NM Cross-Validation Results accuracy:
 [0.9375     0.9375     0.96875    0.96875    1.         0.9375
 0.93548387 1.         0.93548387 1.         0.96875    0.875
 1.         1.         0.9375     0.96875    0.90322581 0.93548387
 1.         0.93548387 1.         0.90625    1.         1.
 0.96875    0.96875    0.96774194 0.90322581 0.90322581 0.93548387
 1.         1.         0.96875    0.9375     0.9375     0.96875
 0.93548387 0.93548387 0.96774194 0.93548387 1.         1.
 0.875      1.         1.         0.9375     0.96774194 0.93548387
 0.93548387 0.90322581 0.9375     1.         0.96875    1.
 0.96875    0.9375     0.93548387 0.93548387 0.93548387 0.93548387
 0.96875    0.9375     0.96875    0.96875    0.90625    0.90625
 1.         0.96774194 1.         1.         0.90625    0.90625
 1.         0.90625    0.96875    1.         1.         1.
 1.         0.96774194 0.90625    0.9375     1.         0.96875
 0.96875    0.96875    0.96774194 0.93548387 0.93548387 0.96774194
 0.9375     0.9375     1.         1.         0.875      0.90625
 0.96774194 1.         0.96774194 0.96774194]
Mean accuracy: 0.9578931451612904
Dev: 0.03489064200543247


LR_CNN Cross-Validation Results accuracy:
 [0.85714286 0.9        0.9        0.85       0.9        0.85
 0.8        1.         1.         0.95       0.95238095 0.9
 0.9        0.85       1.         0.8        0.95       0.95
 0.9        0.9        0.9047619  0.95       0.8        0.95
 0.9        0.9        0.95       0.9        1.         0.85
 0.95238095 0.9        0.95       0.9        1.         0.95
 0.85       0.85       0.9        0.8        0.85714286 0.95
 0.95       0.8        0.9        0.85       0.95       0.75
 0.9        0.95       1.         0.8        0.95       0.9
 0.9        0.9        0.85       0.85       0.85       0.9
 1.         0.8        0.8        0.85       0.85       0.95
 0.95       0.95       0.8        0.95       0.85714286 0.95
 0.95       0.95       0.95       0.9        0.9        0.95
 0.85       0.75       0.95238095 0.85       0.95       0.9
 0.95       0.95       0.8        0.9        0.9        1.
 0.9047619  0.9        0.85       0.95       0.95       1.
 0.85       1.         0.9        0.85      ]
Mean accuracy: 0.9023809523809523
Dev: 0.06068113006928314


LR_TL Cross-Validation Results accuracy:
 [0.94       0.94       1.         0.94       0.98       0.96
 0.88       0.96       0.96       0.95918367 0.94       0.9
 0.98       0.98       0.96       0.96       0.94       0.94
 0.96       0.93877551 0.98       0.92       0.94       0.96
 0.94       0.98       0.94       0.96       0.98       0.97959184
 0.96       0.98       0.88       1.         0.98       0.94
 0.94       0.96       0.94       0.95918367 0.92       0.96
 0.94       0.98       0.92       0.98       0.96       0.98
 0.96       0.97959184 0.98       1.         0.9        0.98
 0.92       0.98       0.94       0.94       0.98       0.95918367
 0.94       0.96       0.94       0.92       0.98       0.98
 0.96       0.98       0.96       0.93877551 0.96       0.94
 0.96       0.98       0.96       0.92       0.96       0.96
 0.98       0.95918367 0.96       0.94       0.98       0.98
 0.92       0.96       0.98       0.92       0.92       0.93877551
 0.96       0.94       0.94       0.96       0.94       0.98
 0.98       0.94       0.92       0.97959184]
Mean accuracy: 0.9547183673469389
Dev: 0.02443686933897996


DT_RUS Cross-Validation Results accuracy:
 [0.96875    1.         1.         0.96875    0.96875    1.
 0.96774194 1.         0.96774194 0.93548387 1.         0.96875
 0.9375     1.         0.96875    0.96875    0.96774194 0.96774194
 1.         1.         0.96875    1.         0.96875    1.
 1.         1.         0.96774194 0.93548387 0.96774194 1.
 1.         0.96875    1.         0.96875    0.84375    0.96875
 1.         1.         0.96774194 1.         1.         1.
 0.84375    0.96875    1.         0.96875    0.96774194 1.
 0.93548387 0.96774194 0.96875    0.96875    0.9375     1.
 1.         0.96875    1.         1.         0.96774194 1.
 0.96875    0.9375     1.         0.96875    0.96875    0.9375
 1.         0.96774194 1.         1.         1.         0.9375
 0.96875    1.         0.9375     1.         0.96774194 0.96774194
 1.         1.         1.         1.         1.         0.9375
 0.96875    1.         0.93548387 0.93548387 1.         0.93548387
 0.96875    1.         1.         1.         0.90625    0.96875
 0.96774194 0.93548387 0.96774194 1.        ]
Mean accuracy: 0.9750201612903225
Dev: 0.02996125799026137


DT_NM Cross-Validation Results accuracy:
 [1.         1.         1.         0.96875    1.         1.
 0.96774194 1.         1.         1.         1.         0.96875
 1.         1.         1.         1.         0.96774194 1.
 1.         1.         1.         0.9375     1.         1.
 1.         1.         1.         0.96774194 1.         1.
 1.         1.         1.         1.         1.         1.
 1.         1.         0.96774194 0.96774194 1.         1.
 1.         1.         1.         1.         1.         0.93548387
 0.96774194 1.         1.         1.         0.96875    1.
 1.         1.         1.         1.         1.         0.96774194
 1.         0.96875    1.         1.         0.9375     1.
 1.         1.         1.         1.         1.         1.
 1.         0.96875    0.96875    1.         1.         1.
 1.         1.         1.         1.         1.         1.
 0.96875    1.         0.96774194 1.         1.         1.
 1.         1.         1.         1.         0.96875    1.
 1.         1.         1.         1.        ]
Mean accuracy: 0.9930241935483872
Dev: 0.015246575074712516


DT_CNN Cross-Validation Results accuracy:
 [0.95238095 1.         0.9        1.         0.95       0.95
 0.95       1.         1.         0.95       1.         0.95
 0.95       0.95       1.         0.95       1.         0.95
 0.95       0.95       1.         0.95       1.         0.95
 0.9        0.95       0.95       0.95       1.         1.
 0.95238095 0.95       1.         1.         0.95       1.
 0.95       1.         0.95       0.95       0.95238095 1.
 0.9        0.9        0.95       1.         1.         1.
 1.         0.95       1.         0.9        0.95       0.95
 1.         1.         0.95       1.         1.         0.95
 1.         0.95       0.95       0.95       0.95       1.
 1.         0.95       0.9        1.         0.95238095 1.
 1.         0.9        0.95       1.         0.9        1.
 0.95       1.         0.95238095 0.9        0.9        0.95
 1.         1.         1.         1.         0.95       1.
 0.9047619  1.         0.85       1.         0.95       0.95
 0.95       1.         1.         1.        ]
Mean accuracy: 0.9656666666666668
Dev: 0.03500434051478878


DT_TL Cross-Validation Results accuracy:
 [1.         0.96       1.         1.         1.         0.98
 0.94       0.98       0.98       1.         0.98       1.
 0.98       1.         0.98       1.         1.         1.
 1.         0.95918367 1.         0.96       0.98       1.
 0.96       1.         1.         0.98       1.         1.
 0.98       1.         0.98       1.         1.         0.98
 0.96       1.         1.         1.         0.98       1.
 0.98       0.98       1.         1.         0.98       0.98
 0.98       1.         1.         1.         0.98       1.
 0.98       0.98       0.98       0.98       1.         0.97959184
 0.96       0.98       0.98       0.96       1.         1.
 1.         1.         1.         1.         1.         0.98
 1.         0.98       0.96       1.         1.         0.98
 0.96       1.         1.         1.         1.         0.96
 1.         1.         0.98       0.88       0.98       0.97959184
 0.98       0.98       1.         1.         0.96       0.96
 1.         0.98       1.         1.        ]
Mean accuracy: 0.9865836734693879
Dev: 0.01813813028114513


RF_RUS Cross-Validation Results accuracy:
 [1.         0.9375     1.         1.         0.96875    1.
 0.93548387 1.         0.96774194 0.93548387 0.96875    0.96875
 0.9375     1.         1.         1.         1.         0.96774194
 1.         1.         1.         1.         0.96875    1.
 1.         1.         1.         0.93548387 0.96774194 1.
 1.         0.96875    1.         1.         0.90625    0.96875
 1.         1.         0.96774194 1.         1.         1.
 0.90625    1.         1.         1.         0.96774194 1.
 0.96774194 1.         0.96875    0.96875    0.9375     1.
 1.         1.         1.         1.         1.         1.
 1.         0.9375     1.         0.96875    1.         0.9375
 1.         1.         1.         1.         0.96875    1.
 0.96875    0.96875    0.96875    1.         0.96774194 0.96774194
 1.         1.         1.         1.         1.         0.96875
 0.96875    1.         0.96774194 1.         1.         0.96774194
 0.96875    0.9375     1.         0.96875    0.96875    0.96875
 1.         0.96774194 0.96774194 0.96774194]
Mean accuracy: 0.9823084677419357
Dev: 0.023299323873098732


RF_NM Cross-Validation Results accuracy:
 [1.         1.         1.         0.96875    1.         1.
 0.96774194 1.         1.         1.         1.         0.96875
 1.         1.         1.         1.         0.96774194 1.
 1.         1.         1.         0.96875    1.         1.
 1.         1.         1.         0.96774194 1.         1.
 1.         1.         1.         1.         1.         0.96875
 1.         1.         0.96774194 0.96774194 1.         1.
 1.         1.         1.         1.         1.         0.96774194
 0.96774194 1.         1.         1.         0.96875    1.
 1.         1.         1.         1.         1.         0.96774194
 1.         0.96875    1.         1.         0.9375     1.
 1.         1.         1.         1.         1.         0.96875
 1.         0.96875    0.96875    1.         1.         1.
 1.         1.         1.         1.         1.         1.
 0.96875    1.         0.96774194 1.         1.         1.
 1.         1.         1.         1.         0.90625    1.
 1.         1.         1.         1.        ]
Mean accuracy: 0.9924092741935485
Dev: 0.016144432541922195


RF_CNN Cross-Validation Results accuracy:
 [1.         1.         0.95       1.         0.95       1.
 0.9        0.95       1.         1.         0.95238095 0.95
 0.9        1.         0.95       0.95       0.95       1.
 0.95       1.         1.         1.         0.95       0.95
 0.9        0.95       0.95       1.         1.         1.
 0.95238095 0.9        1.         0.95       1.         0.95
 0.95       0.95       0.95       1.         0.95238095 1.
 0.95       0.9        0.95       1.         1.         0.95
 0.95       0.9        1.         0.95       0.95       0.9
 1.         1.         0.95       1.         0.95       0.95
 0.95238095 0.95       0.95       1.         0.95       0.95
 0.9        1.         0.85       0.95       1.         1.
 1.         0.95       0.95       1.         0.9        1.
 0.95       0.95       0.95238095 0.85       0.95       1.
 0.9        1.         1.         1.         1.         1.
 0.95238095 1.         0.9        1.         1.         0.95
 0.95       1.         0.95       0.95      ]
Mean accuracy: 0.9631428571428573
Dev: 0.036436320370982454


RF_TL Cross-Validation Results accuracy:
 [1.         1.         1.         1.         1.         1.
 0.96       1.         0.98       1.         0.98       0.96
 1.         1.         0.98       1.         1.         0.98
 1.         0.95918367 1.         0.96       0.98       0.98
 0.96       1.         0.98       0.98       1.         1.
 0.98       1.         1.         0.98       1.         0.98
 0.98       1.         1.         0.97959184 0.98       1.
 1.         1.         0.96       1.         0.98       1.
 0.98       1.         1.         1.         0.98       1.
 0.94       0.98       1.         1.         1.         0.97959184
 0.98       0.98       0.98       1.         1.         1.
 0.98       1.         1.         1.         1.         1.
 1.         0.98       0.96       0.96       1.         0.98
 1.         0.97959184 1.         1.         1.         1.
 0.98       1.         0.98       0.98       0.98       0.95918367
 0.98       0.98       1.         1.         0.98       0.96
 1.         0.98       0.98       1.        ]
Mean accuracy: 0.9883714285714288
Dev: 0.014233431441349113


XGB_RUS Cross-Validation Results accuracy:
 [1.         0.96875    1.         1.         0.96875    1.
 0.93548387 1.         0.96774194 0.93548387 1.         0.9375
 0.9375     1.         1.         1.         0.96774194 0.93548387
 1.         0.96774194 1.         1.         0.96875    1.
 1.         1.         0.96774194 0.87096774 1.         1.
 1.         0.96875    1.         1.         0.9375     0.96875
 1.         1.         0.96774194 1.         1.         0.96875
 0.875      1.         1.         1.         0.96774194 1.
 0.93548387 1.         0.9375     0.96875    0.9375     1.
 1.         1.         0.96774194 1.         0.96774194 1.
 0.96875    0.9375     1.         0.96875    0.96875    0.96875
 1.         1.         1.         1.         0.96875    0.96875
 0.96875    1.         0.96875    1.         1.         0.96774194
 1.         0.96774194 1.         0.96875    1.         0.9375
 0.96875    1.         0.96774194 0.93548387 1.         0.96774194
 0.9375     1.         1.         1.         0.9375     0.9375
 1.         1.         0.96774194 0.96774194]
Mean accuracy: 0.9781552419354839
Dev: 0.02749524564840491


XGB_NM Cross-Validation Results accuracy:
 [0.96875    0.96875    1.         0.96875    1.         1.
 0.96774194 1.         1.         1.         0.96875    0.9375
 1.         0.96875    1.         1.         0.93548387 1.
 1.         0.96774194 1.         0.90625    1.         1.
 1.         1.         1.         0.93548387 0.96774194 1.
 1.         1.         0.96875    0.90625    1.         1.
 1.         1.         0.96774194 0.96774194 1.         1.
 0.96875    1.         1.         1.         0.96774194 0.93548387
 0.93548387 1.         0.96875    1.         0.96875    1.
 0.96875    0.96875    0.96774194 1.         1.         0.96774194
 1.         0.96875    1.         1.         0.90625    0.96875
 1.         1.         1.         1.         1.         1.
 1.         0.9375     0.96875    0.96875    1.         1.
 1.         0.96774194 1.         0.9375     1.         1.
 0.96875    1.         0.96774194 1.         0.96774194 1.
 1.         0.96875    1.         1.         0.9375     0.9375
 1.         1.         1.         1.        ]
Mean accuracy: 0.9826209677419355
Dev: 0.024574917576288505


XGB_CNN Cross-Validation Results accuracy:
 [0.9047619  0.9        0.95       0.95       0.95       0.9
 0.8        1.         1.         1.         0.9047619  0.95
 0.9        0.9        0.9        0.9        0.9        0.95
 0.9        0.95       0.95238095 1.         0.95       0.95
 0.9        0.95       0.9        0.9        1.         0.95
 0.95238095 0.9        0.95       0.9        0.95       0.95
 0.95       0.9        0.95       0.85       0.9047619  1.
 0.9        0.9        0.95       0.95       1.         0.9
 0.95       1.         1.         0.9        0.95       0.9
 1.         1.         0.95       1.         0.85       0.95
 1.         0.95       0.9        1.         1.         0.95
 0.9        0.95       0.8        0.95       0.9047619  0.9
 0.95       0.95       0.95       1.         0.9        0.9
 0.9        0.9        0.9047619  0.8        0.95       1.
 0.95       0.9        0.9        0.95       0.95       1.
 0.9047619  1.         0.9        0.95       0.95       0.95
 0.9        1.         1.         0.75      ]
Mean accuracy: 0.9343333333333333
Dev: 0.04926924040297983


XGB_TL Cross-Validation Results accuracy:
 [0.98       0.96       1.         0.98       1.         0.98
 0.94       1.         0.98       0.97959184 0.98       0.98
 0.98       1.         0.96       1.         0.98       0.98
 1.         0.97959184 1.         0.96       0.98       1.
 0.94       1.         0.98       0.96       0.98       1.
 0.96       1.         0.98       1.         1.         0.96
 0.96       1.         1.         0.97959184 0.94       1.
 1.         0.96       0.98       0.98       0.98       0.98
 1.         1.         1.         1.         0.98       1.
 0.94       0.96       0.98       0.98       0.98       0.95918367
 0.96       0.96       0.98       0.96       1.         1.
 1.         0.98       1.         0.97959184 1.         1.
 0.98       0.98       0.96       0.94       1.         0.98
 0.98       0.95918367 1.         1.         0.98       0.98
 0.98       0.98       0.98       0.98       0.98       0.93877551
 0.98       0.98       1.         1.         0.98       0.96
 1.         0.98       1.         1.        ]
Mean accuracy: 0.9815551020408164
Dev: 0.017414054557357235


XGB_RF_RUS Cross-Validation Results accuracy:
 [0.96875    0.96875    1.         0.96875    0.96875    1.
 0.93548387 0.96774194 0.96774194 0.87096774 0.96875    0.90625
 0.9375     0.9375     1.         0.96875    0.96774194 0.93548387
 1.         0.96774194 1.         0.96875    0.96875    1.
 0.96875    0.9375     0.90322581 0.90322581 0.96774194 1.
 1.         0.96875    0.9375     0.96875    0.9375     0.9375
 1.         0.96774194 0.96774194 1.         1.         1.
 0.875      0.96875    1.         1.         0.96774194 1.
 0.90322581 0.93548387 0.9375     0.9375     0.96875    1.
 0.96875    0.9375     0.96774194 1.         0.96774194 1.
 0.9375     0.90625    1.         0.96875    0.90625    0.9375
 1.         0.93548387 1.         1.         0.96875    0.96875
 0.96875    0.9375     0.96875    1.         1.         0.96774194
 0.96774194 0.96774194 0.96875    0.96875    1.         0.9375
 0.96875    1.         0.93548387 0.93548387 0.93548387 1.
 0.90625    0.9375     1.         0.96875    0.9375     0.875
 0.96774194 0.93548387 0.96774194 0.96774194]
Mean accuracy: 0.962671370967742
Dev: 0.032064202945487306


XGB_RF_NM Cross-Validation Results accuracy:
 [0.96875    0.9375     1.         0.96875    1.         1.
 0.96774194 1.         1.         0.96774194 0.9375     0.9375
 1.         1.         1.         1.         0.96774194 1.
 1.         0.96774194 1.         0.90625    1.         1.
 1.         0.96875    1.         0.93548387 1.         1.
 1.         1.         0.96875    0.9375     1.         0.96875
 1.         1.         0.96774194 0.96774194 1.         1.
 1.         0.96875    1.         1.         0.96774194 0.93548387
 0.93548387 1.         1.         0.96875    0.96875    1.
 0.96875    0.96875    0.96774194 1.         1.         0.96774194
 1.         0.96875    1.         1.         0.90625    0.96875
 1.         0.96774194 1.         1.         1.         1.
 1.         0.9375     0.96875    0.96875    1.         1.
 0.96774194 0.96774194 1.         0.9375     1.         1.
 0.96875    1.         0.93548387 1.         0.96774194 1.
 0.96875    0.96875    1.         1.         0.9375     0.9375
 1.         1.         1.         1.        ]
Mean accuracy: 0.9810383064516129
Dev: 0.024423759813178042


XGB_RF_CNN Cross-Validation Results accuracy:
 [0.95238095 0.95       0.9        0.95       0.95       0.9
 0.85       0.95       1.         0.9        1.         0.95
 0.95       0.9        1.         0.85       0.9        1.
 0.95       1.         0.9047619  1.         0.95       0.95
 0.9        0.9        0.95       0.95       1.         1.
 0.95238095 0.95       0.9        0.9        0.95       0.95
 0.9        0.9        0.9        0.95       0.95238095 0.95
 0.9        0.9        0.95       1.         1.         0.95
 0.95       0.95       1.         0.9        0.9        1.
 1.         0.95       0.9        0.95       0.85       0.95
 1.         0.95       1.         1.         0.9        0.95
 0.9        0.95       0.85       0.95       0.9047619  1.
 1.         0.9        1.         1.         0.9        0.9
 0.9        0.9        0.95238095 0.8        1.         0.95
 0.95       0.9        0.95       0.95       1.         0.95
 0.95238095 1.         0.9        0.95       0.95       1.
 0.9        0.95       0.95       0.85      ]
Mean accuracy: 0.9412142857142857
Dev: 0.04431731463454473


XGB_RF_TL Cross-Validation Results accuracy:
 [0.98       0.94       1.         0.98       1.         0.98
 0.94       0.98       1.         0.97959184 0.98       0.94
 0.96       1.         0.96       1.         0.98       0.96
 1.         0.95918367 1.         0.96       0.96       1.
 0.96       0.98       0.98       0.98       0.98       1.
 0.96       1.         0.98       0.98       1.         0.96
 0.98       1.         1.         0.97959184 0.94       0.96
 1.         1.         0.98       0.98       0.98       0.98
 1.         1.         1.         0.98       0.98       1.
 0.94       0.94       1.         1.         0.98       0.95918367
 0.98       0.96       0.96       0.98       1.         0.98
 0.98       0.98       1.         0.97959184 1.         1.
 0.96       0.98       0.94       0.98       1.         0.96
 0.98       0.97959184 1.         1.         0.98       0.98
 0.98       0.98       0.98       1.         0.98       0.93877551
 0.94       0.96       1.         1.         0.96       0.96
 1.         0.96       0.98       1.        ]
Mean accuracy: 0.9791551020408165
Dev: 0.018787064324224067


