LR_RUS Cross-Validation Results f1:
 [0.88235294 0.875      0.96969697 0.91891892 0.97142857 0.96969697
 0.84848485 1.         0.90909091 0.94117647 0.9375     0.9375
 1.         1.         0.89473684 0.88235294 0.94117647 0.96969697
 0.90909091 0.96969697 1.         0.94117647 1.         0.97142857
 0.96969697 0.97142857 0.88235294 0.86486486 0.93333333 0.94117647
 1.         0.90909091 0.94117647 0.97142857 0.88888889 0.96969697
 0.94117647 0.90909091 0.85714286 0.90909091 0.96774194 0.96969697
 0.94117647 0.96969697 0.94117647 0.94444444 0.90909091 0.9375
 0.90909091 0.94117647 0.9375     0.90909091 0.91428571 0.97142857
 0.94117647 0.97142857 0.94117647 0.94117647 0.86666667 1.
 0.91428571 1.         0.91428571 0.94117647 0.96969697 0.91891892
 0.88888889 0.96774194 0.96774194 0.9375     0.9375     0.89655172
 1.         0.97142857 0.85714286 0.94117647 1.         0.96969697
 0.94117647 0.94117647 0.96969697 0.96969697 0.94117647 0.96969697
 1.         0.91428571 0.91428571 0.9375     0.96774194 0.84848485
 0.82758621 0.96774194 1.         0.88888889 0.89473684 1.
 0.91428571 1.         0.96774194 0.91428571]
Mean f1: 0.9400847915553476
Dev: 0.04109079781104387


LR_NM Cross-Validation Results f1:
 [0.91428571 0.96969697 0.96774194 0.96969697 0.97142857 1.
 0.90909091 0.96774194 0.90909091 0.91428571 0.96969697 0.90322581
 0.93333333 1.         0.91891892 0.91428571 0.88235294 0.96969697
 0.96969697 0.96969697 1.         0.9375     0.96774194 0.96969697
 0.96969697 1.         0.91428571 0.86486486 1.         0.90909091
 1.         0.9375     1.         0.94117647 0.91891892 1.
 0.94117647 0.9375     0.88235294 0.875      0.96774194 0.96969697
 0.94117647 0.96969697 0.97142857 0.94444444 0.9375     0.96774194
 0.94117647 0.96969697 0.9375     0.91428571 0.90909091 0.97142857
 0.94117647 0.94117647 0.94117647 0.93333333 0.96969697 1.
 0.94117647 1.         0.84848485 0.97142857 1.         0.97142857
 0.86486486 1.         0.96774194 0.93333333 0.9375     0.90909091
 0.96774194 0.94117647 0.91891892 0.94117647 0.9375     0.96969697
 0.94117647 0.96969697 1.         0.96969697 0.90909091 0.96969697
 1.         0.94444444 0.91428571 0.94117647 0.93333333 0.90909091
 0.91428571 0.96774194 1.         0.94444444 0.89473684 1.
 0.96774194 0.93333333 0.96969697 0.875     ]
Mean f1: 0.9481956263792252
Dev: 0.03590198658545265


LR_CNN Cross-Validation Results f1:
 [0.72727273 0.8        1.         0.66666667 0.8        0.88888889
 0.90909091 0.88888889 0.54545455 0.6        0.75       0.75
 0.88888889 0.90909091 0.8        0.8        0.90909091 0.57142857
 0.75       0.66666667 0.66666667 0.8        0.85714286 0.83333333
 0.83333333 0.5        0.88888889 0.66666667 0.88888889 0.8
 0.66666667 0.75       0.8        0.83333333 0.8        0.88888889
 1.         0.72727273 0.8        0.8        1.         0.8
 0.6        0.8        0.6        1.         0.72727273 0.88888889
 0.88888889 0.8        0.85714286 1.         0.75       0.83333333
 0.72727273 0.83333333 0.75       0.8        0.76923077 0.8
 0.88888889 0.85714286 0.28571429 0.88888889 0.83333333 0.8
 0.8        0.8        0.90909091 0.90909091 1.         0.72727273
 0.85714286 0.57142857 0.66666667 0.83333333 0.66666667 0.75
 0.90909091 0.66666667 0.75       0.72727273 0.66666667 0.90909091
 0.90909091 0.28571429 0.88888889 0.90909091 0.88888889 0.83333333
 1.         0.57142857 0.85714286 0.88888889 0.8        1.
 0.66666667 0.83333333 0.66666667 0.66666667]
Mean f1: 0.78987123987124
Dev: 0.1331320446048388


LR_TL Cross-Validation Results f1:
 [0.94117647 0.97058824 0.98507463 0.92753623 0.97058824 0.96969697
 0.97142857 1.         0.97058824 0.95522388 0.91428571 0.96969697
 0.97058824 1.         0.95774648 0.98507463 0.97058824 0.98507463
 0.98507463 0.96969697 0.92307692 0.95522388 0.98507463 0.97142857
 0.95652174 0.95774648 1.         0.97058824 0.97058824 0.95522388
 0.9375     0.96969697 0.92753623 0.98550725 0.98507463 0.97142857
 0.97142857 0.97142857 0.96969697 0.97058824 0.95652174 0.95522388
 0.98507463 0.96969697 0.93150685 0.94285714 0.95522388 0.97142857
 0.98507463 0.98461538 0.95522388 0.92957746 0.95522388 0.98507463
 1.         0.96969697 0.98550725 0.95522388 0.97058824 0.98507463
 0.96969697 0.98507463 0.98507463 1.         0.95652174 0.97058824
 0.98550725 0.97142857 0.91666667 0.93548387 0.96969697 0.97058824
 0.98461538 0.95774648 0.97058824 0.98550725 0.94117647 0.97142857
 0.95522388 0.98461538 0.97058824 0.90909091 1.         0.95652174
 0.98550725 0.97058824 0.95774648 0.97142857 0.97058824 0.96969697
 1.         0.95522388 0.98507463 0.97058824 0.97142857 0.94285714
 0.94117647 0.92753623 0.97058824 0.98461538]
Mean f1: 0.966815758001625
Dev: 0.02010814536265579


DT_RUS Cross-Validation Results f1:
 [0.96774194 1.         1.         1.         0.90909091 1.
 0.90909091 0.96969697 0.96774194 0.96969697 0.96774194 1.
 0.9375     0.96969697 1.         1.         1.         1.
 0.91428571 1.         1.         0.9375     0.96969697 0.94117647
 1.         1.         0.96969697 1.         1.         1.
 0.96969697 1.         0.96774194 1.         0.91891892 0.97142857
 1.         0.96969697 0.93333333 1.         1.         0.96774194
 1.         0.94117647 1.         0.97142857 1.         0.96969697
 1.         0.9375     1.         1.         1.         1.
 1.         0.96969697 0.90909091 1.         0.9375     1.
 1.         0.96969697 0.9375     0.97142857 0.97142857 0.96969697
 1.         1.         0.96774194 1.         1.         0.90322581
 1.         0.97142857 1.         1.         0.9375     1.
 0.96969697 1.         0.88888889 1.         1.         0.96969697
 1.         0.96969697 1.         0.96969697 0.96774194 0.96969697
 1.         1.         1.         1.         0.97142857 0.96969697
 1.         0.96969697 1.         0.9375    ]
Mean f1: 0.9778808876183165
Dev: 0.02809260628094592


DT_NM Cross-Validation Results f1:
 [1.         1.         1.         1.         1.         1.
 0.96969697 1.         1.         1.         1.         1.
 1.         1.         1.         1.         1.         1.
 0.96969697 1.         1.         1.         1.         1.
 1.         1.         0.96969697 1.         1.         1.
 1.         1.         1.         1.         1.         1.
 1.         0.96969697 1.         1.         1.         1.
 1.         1.         1.         0.97142857 1.         1.
 1.         1.         1.         1.         1.         1.
 0.94117647 1.         0.96969697 1.         1.         1.
 1.         1.         0.96969697 1.         1.         1.
 1.         1.         1.         1.         1.         1.
 1.         1.         1.         1.         1.         1.
 0.96969697 1.         1.         1.         0.93333333 1.
 1.         1.         1.         1.         1.         0.96969697
 1.         1.         1.         1.         0.97142857 1.
 1.         1.         1.         1.        ]
Mean f1: 0.9957494270435447
Dev: 0.01227874473905282


DT_CNN Cross-Validation Results f1:
 [1.         1.         1.         0.75       1.         1.
 0.8        1.         0.88888889 0.66666667 0.85714286 0.85714286
 1.         1.         0.88888889 1.         1.         0.72727273
 0.88888889 0.57142857 0.85714286 1.         1.         0.90909091
 1.         0.75       1.         0.8        0.88888889 0.57142857
 0.85714286 0.66666667 0.88888889 1.         0.75       0.88888889
 0.88888889 1.         0.75       0.90909091 1.         0.88888889
 0.5        0.88888889 0.66666667 1.         1.         1.
 0.88888889 0.75       0.66666667 0.88888889 1.         0.88888889
 0.88888889 0.88888889 0.90909091 1.         1.         1.
 1.         1.         0.         1.         1.         1.
 0.88888889 0.88888889 0.75       0.83333333 1.         0.75
 1.         0.33333333 0.88888889 1.         0.57142857 1.
 0.90909091 1.         1.         0.88888889 0.66666667 1.
 1.         0.75       0.88888889 0.8        0.88888889 0.66666667
 0.88888889 0.85714286 0.85714286 0.75       1.         1.
 0.88888889 0.90909091 0.90909091 1.        ]
Mean f1: 0.8741118326118326
Dev: 0.15986391363372882


DT_TL Cross-Validation Results f1:
 [1.         1.         0.98461538 1.         1.         1.
 0.97142857 1.         1.         0.98507463 0.97058824 0.96969697
 0.98461538 1.         0.98507463 0.98550725 1.         0.98507463
 1.         1.         0.97058824 0.98461538 1.         0.98507463
 1.         1.         0.96969697 1.         1.         1.
 0.98507463 1.         0.98507463 0.98507463 0.93939394 1.
 1.         0.98550725 0.98461538 1.         1.         1.
 0.98461538 1.         0.98550725 0.98550725 0.98507463 1.
 0.98507463 0.98461538 0.98507463 1.         0.95652174 1.
 0.98507463 0.96969697 0.98550725 1.         1.         1.
 0.96969697 1.         1.         1.         0.98507463 1.
 1.         1.         0.98507463 0.9375     1.         0.96969697
 1.         0.98550725 0.97058824 1.         1.         0.98507463
 1.         1.         1.         0.98461538 1.         1.
 0.97058824 0.98550725 1.         1.         0.97058824 1.
 1.         1.         0.98507463 0.98507463 0.98550725 0.98550725
 1.         0.98507463 0.98461538 1.        ]
Mean f1: 0.9899902722593917
Dev: 0.012943754612598522


RF_RUS Cross-Validation Results f1:
 [0.96774194 0.96774194 1.         1.         0.94117647 1.
 0.96969697 1.         1.         0.96969697 1.         1.
 0.96969697 0.96969697 1.         1.         0.9375     1.
 0.94117647 1.         1.         0.9375     1.         1.
 1.         0.96969697 0.94117647 1.         0.96774194 1.
 0.94117647 1.         0.96774194 1.         0.97142857 1.
 1.         0.96969697 0.96774194 1.         1.         0.96774194
 1.         0.97142857 1.         0.97142857 0.93333333 1.
 1.         0.9375     1.         1.         1.         1.
 1.         1.         0.90909091 1.         0.94117647 1.
 1.         0.96969697 0.96969697 1.         0.97142857 0.96969697
 0.96969697 1.         1.         0.96774194 1.         0.89655172
 1.         0.97142857 1.         1.         0.96969697 1.
 0.96969697 1.         1.         1.         1.         0.96969697
 1.         0.96969697 1.         1.         0.96774194 0.96969697
 0.96969697 1.         1.         1.         0.97142857 0.96969697
 1.         1.         1.         0.94117647]
Mean f1: 0.9825389018738246
Dev: 0.02328835049962113


RF_NM Cross-Validation Results f1:
 [1.         1.         1.         1.         1.         1.
 0.96969697 0.96774194 0.96969697 0.96969697 1.         1.
 0.96969697 1.         1.         0.96969697 1.         1.
 0.94117647 1.         1.         0.96969697 0.96774194 1.
 1.         1.         0.96969697 1.         1.         1.
 0.91428571 0.96774194 1.         1.         1.         1.
 1.         0.96969697 1.         1.         1.         1.
 1.         1.         1.         0.97142857 1.         0.96774194
 1.         1.         1.         1.         1.         1.
 0.94117647 1.         0.96969697 1.         1.         1.
 1.         1.         0.96969697 1.         1.         1.
 1.         0.96969697 1.         0.96774194 0.96774194 1.
 0.96969697 0.97142857 1.         1.         1.         1.
 0.96969697 1.         0.96969697 1.         0.96774194 1.
 1.         0.97142857 1.         1.         1.         0.96969697
 1.         1.         0.96969697 1.         0.97142857 1.
 1.         1.         1.         0.96774194]
Mean f1: 0.9893943994019895
Dev: 0.017117775514878263


RF_CNN Cross-Validation Results f1:
 [1.         1.         0.85714286 0.88888889 0.83333333 0.75
 0.8        1.         0.83333333 0.8        0.66666667 1.
 1.         0.88888889 1.         1.         1.         0.8
 0.75       0.90909091 1.         1.         1.         0.90909091
 1.         0.75       0.8        0.8        0.88888889 0.57142857
 1.         0.85714286 0.88888889 0.90909091 0.88888889 0.88888889
 0.88888889 1.         0.75       0.8        1.         0.88888889
 0.57142857 0.75       0.90909091 1.         0.88888889 1.
 0.8        0.88888889 0.75       0.88888889 1.         0.75
 0.88888889 1.         0.8        0.88888889 0.90909091 0.88888889
 0.85714286 1.         1.         0.66666667 1.         1.
 1.         1.         0.88888889 0.8        0.88888889 0.57142857
 1.         1.         0.90909091 1.         0.33333333 1.
 0.8        1.         0.85714286 0.75       0.8        1.
 1.         0.88888889 0.88888889 0.8        0.8        0.88888889
 0.66666667 1.         0.85714286 0.88888889 0.75       1.
 1.         0.90909091 0.90909091 1.        ]
Mean f1: 0.8820050505050506
Dev: 0.1220509332171538


RF_TL Cross-Validation Results f1:
 [1.         1.         1.         0.98507463 0.98550725 1.
 0.98550725 1.         0.97058824 0.97058824 0.97058824 1.
 1.         0.98550725 0.98550725 0.98550725 1.         1.
 1.         1.         0.97058824 0.98461538 1.         1.
 0.98507463 1.         1.         1.         0.98507463 0.98507463
 0.98507463 1.         0.97058824 1.         0.97058824 1.
 1.         0.98550725 1.         1.         1.         1.
 1.         1.         0.98550725 0.97058824 1.         1.
 0.98507463 0.96969697 0.98507463 1.         0.95652174 1.
 1.         1.         0.98550725 0.98507463 1.         0.98507463
 0.98507463 1.         1.         1.         0.97058824 1.
 1.         1.         0.98507463 0.96969697 1.         0.97058824
 1.         0.98550725 0.98550725 1.         1.         1.
 1.         1.         1.         1.         1.         1.
 0.98550725 0.97058824 1.         1.         0.97058824 1.
 1.         1.         0.98507463 1.         0.98550725 0.98550725
 1.         1.         0.98507463 1.        ]
Mean f1: 0.9917456600352733
Dev: 0.0110870364295211


XGB_RUS Cross-Validation Results f1:
 [0.96774194 0.96774194 1.         1.         0.90909091 1.
 0.9375     1.         0.93333333 0.96969697 0.93333333 1.
 0.90322581 0.96969697 1.         0.96969697 0.96774194 1.
 0.88235294 1.         0.94117647 0.9375     0.96969697 0.96969697
 1.         0.96969697 0.94117647 1.         0.96774194 1.
 0.94117647 0.96774194 0.96774194 1.         0.97142857 0.96969697
 1.         0.96969697 0.90909091 1.         1.         0.96774194
 0.96969697 0.94117647 1.         0.97142857 0.96774194 1.
 0.96774194 0.9375     1.         1.         1.         1.
 0.96969697 0.96969697 0.84848485 1.         0.90909091 1.
 1.         0.96969697 0.9375     1.         0.94117647 0.90322581
 0.96969697 1.         0.96774194 0.93333333 1.         0.89655172
 1.         0.97142857 0.96969697 0.97142857 0.9375     1.
 0.96969697 1.         0.96969697 1.         0.96969697 0.96969697
 1.         0.9375     1.         0.9375     0.96774194 0.96969697
 0.84848485 0.96774194 1.         1.         0.97142857 0.96969697
 1.         1.         1.         0.90909091]
Mean f1: 0.9685105744138082
Dev: 0.03405851231633995


XGB_NM Cross-Validation Results f1:
 [1.         0.96774194 1.         1.         1.         0.97142857
 0.96969697 0.93333333 0.96969697 0.94117647 0.96969697 1.
 0.96969697 1.         1.         0.96969697 1.         1.
 0.96969697 0.96969697 0.96774194 1.         0.96774194 1.
 1.         0.97142857 0.96969697 0.96969697 0.9375     1.
 1.         0.96774194 1.         1.         1.         1.
 0.96969697 0.96969697 0.94117647 1.         1.         1.
 0.96774194 0.97142857 1.         0.97142857 1.         0.96774194
 1.         0.96774194 1.         1.         0.96969697 1.
 0.91428571 1.         0.96969697 0.96969697 0.96969697 1.
 0.96774194 0.96969697 0.96969697 0.97142857 0.97142857 1.
 0.94117647 1.         1.         0.96774194 0.96774194 1.
 1.         0.97142857 0.97142857 0.97142857 1.         1.
 0.94117647 1.         0.96969697 0.96969697 0.93333333 1.
 1.         1.         0.96969697 0.96969697 1.         0.96969697
 1.         1.         1.         1.         0.91428571 1.
 0.96969697 1.         1.         0.9375    ]
Mean f1: 0.9805825077831719
Dev: 0.021541879299871353


XGB_CNN Cross-Validation Results f1:
 [0.85714286 0.85714286 0.85714286 0.75       0.90909091 0.8
 0.72727273 0.88888889 0.88888889 0.8        0.75       1.
 0.88888889 0.57142857 0.88888889 1.         1.         0.44444444
 0.90909091 0.83333333 1.         0.85714286 1.         0.90909091
 0.88888889 0.66666667 0.8        0.72727273 0.88888889 0.6
 0.66666667 0.66666667 0.8        0.72727273 0.88888889 0.88888889
 0.90909091 0.90909091 0.75       0.90909091 0.85714286 0.88888889
 0.57142857 0.75       0.8        1.         0.66666667 0.88888889
 0.8        0.88888889 0.75       0.88888889 1.         0.88888889
 0.6        0.75       0.57142857 0.88888889 0.90909091 0.66666667
 0.8        0.88888889 0.33333333 0.66666667 0.8        0.8
 1.         0.90909091 0.88888889 0.72727273 0.8        0.57142857
 0.85714286 0.57142857 0.90909091 0.90909091 0.57142857 0.90909091
 0.8        0.90909091 0.85714286 0.66666667 0.8        1.
 0.90909091 0.88888889 0.88888889 0.66666667 0.72727273 0.66666667
 0.85714286 0.75       0.85714286 0.88888889 0.8        0.8
 0.88888889 0.8        0.83333333 1.        ]
Mean f1: 0.812696248196248
Dev: 0.12922225583346325


XGB_TL Cross-Validation Results f1:
 [1.         1.         1.         0.98507463 0.98550725 0.97058824
 0.97142857 1.         1.         0.95652174 0.97058824 1.
 0.98507463 1.         0.97058824 0.98550725 1.         0.98507463
 1.         0.98461538 0.97058824 1.         1.         0.97142857
 0.98507463 1.         1.         1.         0.98461538 0.98507463
 0.98507463 1.         0.96969697 0.98507463 0.93939394 1.
 1.         0.98550725 1.         0.98507463 1.         0.98507463
 0.98461538 1.         0.98550725 0.95774648 1.         1.
 0.98507463 0.96969697 0.98507463 0.97058824 0.97058824 1.
 0.96969697 0.98507463 0.98550725 1.         1.         0.96969697
 0.98507463 1.         1.         1.         0.97058824 0.98550725
 1.         1.         0.98507463 0.9375     0.97058824 0.95522388
 1.         0.95774648 0.97058824 1.         1.         1.
 0.98461538 1.         1.         0.98461538 1.         1.
 0.98550725 0.96969697 1.         1.         0.97058824 1.
 1.         1.         0.98507463 1.         0.98550725 0.98550725
 0.97058824 0.98550725 1.         0.98461538]
Mean f1: 0.9871082927089064
Dev: 0.014500801397415863


XGB_RF_RUS Cross-Validation Results f1:
 [0.9375     1.         1.         0.97142857 0.90909091 0.97142857
 0.90322581 1.         0.9375     0.88888889 0.82758621 1.
 0.9375     0.96969697 1.         1.         0.90909091 1.
 0.85714286 0.96969697 0.96969697 0.9375     0.96969697 0.96969697
 1.         0.9375     0.94117647 0.94117647 0.96969697 1.
 0.96969697 1.         0.9375     1.         0.91891892 0.96969697
 0.96969697 0.96969697 0.83870968 1.         1.         0.96774194
 0.94117647 0.94444444 1.         0.94444444 0.96774194 0.96969697
 1.         0.90909091 1.         1.         0.96969697 1.
 0.97142857 1.         0.875      0.96969697 0.89655172 1.
 1.         0.96969697 0.9375     0.94444444 0.94117647 0.96969697
 0.94117647 0.96969697 0.96774194 1.         1.         0.89655172
 1.         0.97142857 0.97142857 0.97142857 0.9375     1.
 0.94117647 0.96969697 0.94117647 0.94117647 0.96969697 0.96969697
 1.         0.96969697 0.96969697 0.875      0.96774194 0.96969697
 0.875      1.         0.96774194 1.         0.94444444 0.96969697
 0.96969697 1.         1.         0.88235294]
Mean f1: 0.9600939939364495
Dev: 0.03943532317575359


XGB_RF_NM Cross-Validation Results f1:
 [0.96969697 0.93333333 0.96774194 1.         1.         0.97142857
 0.96969697 0.93333333 1.         0.94117647 0.9375     1.
 1.         1.         1.         0.9375     0.9375     1.
 0.96969697 0.96969697 0.96774194 0.96774194 0.96774194 1.
 1.         0.96969697 0.90909091 0.96969697 0.96969697 1.
 0.96969697 0.96774194 0.96774194 0.96969697 1.         0.96969697
 0.96969697 0.96969697 0.90909091 1.         1.         1.
 0.96774194 0.94444444 1.         0.91428571 1.         0.96774194
 1.         0.9375     1.         1.         0.9375     1.
 0.94117647 0.96969697 0.96969697 0.96969697 0.96969697 1.
 0.96774194 0.96774194 0.90322581 0.97142857 0.97142857 1.
 0.94117647 1.         1.         0.96774194 0.96774194 1.
 1.         0.97142857 0.97142857 0.94117647 1.         1.
 0.94117647 0.93333333 0.96969697 0.96969697 0.93333333 0.96969697
 1.         1.         0.9375     0.96969697 1.         0.9375
 1.         1.         0.96774194 1.         0.91428571 0.96969697
 0.96969697 0.96774194 1.         0.9375    ]
Mean f1: 0.9717250247117419
Dev: 0.026250270773734773


XGB_RF_CNN Cross-Validation Results f1:
 [0.88888889 0.85714286 0.85714286 0.90909091 0.90909091 0.90909091
 0.6        1.         0.90909091 0.61538462 1.         0.85714286
 0.88888889 0.75       0.8        0.90909091 0.90909091 0.72727273
 0.90909091 0.83333333 1.         0.8        1.         0.90909091
 0.90909091 0.88888889 1.         0.54545455 0.88888889 0.6
 0.88888889 1.         0.66666667 0.88888889 0.88888889 0.88888889
 0.90909091 0.90909091 0.66666667 0.83333333 0.85714286 0.88888889
 0.66666667 0.8        0.72727273 0.90909091 0.66666667 0.88888889
 0.90909091 0.90909091 0.85714286 0.88888889 1.         0.90909091
 0.66666667 0.88888889 0.33333333 1.         0.76923077 0.90909091
 0.88888889 0.88888889 0.85714286 0.88888889 0.8        0.72727273
 0.90909091 0.88888889 1.         0.72727273 0.8        0.6
 0.75       1.         0.83333333 0.90909091 0.57142857 0.90909091
 0.8        1.         0.88888889 0.66666667 0.8        0.90909091
 1.         0.88888889 0.88888889 0.90909091 0.90909091 0.6
 0.88888889 0.88888889 1.         0.88888889 0.8        0.83333333
 1.         0.72727273 0.90909091 0.83333333]
Mean f1: 0.8454536574536574
Dev: 0.12223128327400595


XGB_RF_TL Cross-Validation Results f1:
 [0.98507463 0.98461538 1.         0.97058824 0.98550725 0.97058824
 0.97142857 0.98550725 0.98507463 0.95652174 0.95652174 0.98461538
 1.         1.         0.94117647 0.97142857 1.         1.
 0.98507463 0.96969697 0.97058824 1.         1.         0.97142857
 0.98507463 0.98550725 0.98550725 1.         0.96969697 0.97058824
 0.98507463 1.         0.95522388 0.98507463 0.95522388 1.
 0.98507463 0.97142857 1.         0.97058824 0.98507463 1.
 0.98461538 1.         0.98550725 0.94285714 1.         0.98550725
 0.98507463 0.96969697 0.98507463 0.97058824 0.94285714 1.
 0.98507463 1.         0.98550725 1.         1.         0.95384615
 0.97058824 1.         1.         1.         0.97058824 1.
 1.         0.98550725 0.97058824 0.95384615 0.98507463 0.94117647
 1.         0.94444444 0.98507463 1.         1.         1.
 0.98461538 1.         0.97058824 1.         1.         1.
 0.98550725 0.95522388 1.         0.98550725 0.97058824 0.98507463
 1.         1.         0.95522388 1.         0.98550725 0.98550725
 0.95652174 0.97058824 0.98507463 0.98461538]
Mean f1: 0.9827781201972522
Dev: 0.016815270151393925


