LR_RUS Cross-Validation Results f1:
 [0.94117647 0.90909091 0.96774194 0.96969697 0.93333333 0.96969697
 0.9375     0.96551724 0.96969697 0.96774194 0.96774194 0.88235294
 0.96774194 1.         0.9375     0.9375     0.96551724 0.85714286
 1.         0.94117647 0.96969697 0.96774194 0.96969697 0.93333333
 0.96969697 0.96774194 0.96551724 0.83870968 0.90909091 0.9375
 1.         0.91428571 0.875      0.96969697 0.90909091 0.96969697
 0.96774194 0.93333333 0.96969697 0.9375     0.96969697 0.96774194
 0.88235294 0.96774194 0.96774194 0.96969697 0.89655172 0.96774194
 0.94117647 0.94117647 0.9375     0.9375     0.94117647 0.96969697
 0.96969697 0.96969697 0.93333333 0.93333333 0.9375     0.9375
 0.96969697 0.90909091 0.9375     0.91428571 1.         0.86666667
 0.96774194 0.96774194 0.96774194 0.96969697 0.85714286 0.9375
 0.9375     0.94117647 0.90909091 1.         0.96551724 0.9375
 1.         0.96774194 0.96969697 0.96969697 1.         1.
 0.96774194 0.96969697 0.90322581 0.9375     1.         0.875
 0.85714286 0.94117647 0.96774194 1.         0.94117647 0.88888889
 0.96551724 0.88888889 1.         0.96969697]
Mean f1: 0.9473730901569514
Dev: 0.0366545683647451


LR_NM Cross-Validation Results f1:
 [0.94117647 0.94117647 0.96774194 0.96774194 1.         0.9375
 0.9375     1.         0.9375     1.         0.96774194 0.88235294
 1.         1.         0.94117647 0.96969697 0.88888889 0.9375
 1.         0.94117647 1.         0.90322581 1.         1.
 0.96969697 0.96969697 0.96551724 0.90909091 0.90909091 0.9375
 1.         1.         0.96969697 0.94117647 0.94117647 0.96774194
 0.93333333 0.93333333 0.96969697 0.93333333 1.         1.
 0.88235294 1.         1.         0.9375     0.96774194 0.93333333
 0.94117647 0.91428571 0.9375     1.         0.96969697 1.
 0.96969697 0.94117647 0.9375     0.93333333 0.9375     0.9375
 0.96969697 0.94117647 0.96969697 0.96969697 0.90322581 0.90909091
 1.         0.96551724 1.         1.         0.91428571 0.90909091
 1.         0.90322581 0.96969697 1.         1.         1.
 1.         0.96969697 0.90322581 0.94117647 1.         0.96774194
 0.96774194 0.96969697 0.96774194 0.9375     0.94117647 0.96969697
 0.94117647 0.94117647 1.         1.         0.86666667 0.91428571
 0.96774194 1.         0.96774194 0.96969697]
Mean f1: 0.9588075461030132
Dev: 0.03426582291628368


LR_CNN Cross-Validation Results f1:
 [0.72727273 0.8        0.66666667 0.57142857 0.66666667 0.57142857
 0.5        1.         1.         0.90909091 0.88888889 0.75
 0.8        0.72727273 1.         0.66666667 0.85714286 0.85714286
 0.75       0.75       0.8        0.88888889 0.6        0.85714286
 0.8        0.75       0.88888889 0.75       1.         0.66666667
 0.90909091 0.8        0.85714286 0.66666667 1.         0.85714286
 0.72727273 0.72727273 0.8        0.6        0.72727273 0.88888889
 0.88888889 0.6        0.75       0.66666667 0.85714286 0.
 0.8        0.88888889 1.         0.6        0.88888889 0.75
 0.75       0.75       0.72727273 0.57142857 0.57142857 0.75
 1.         0.5        0.6        0.66666667 0.57142857 0.85714286
 0.88888889 0.85714286 0.6        0.88888889 0.76923077 0.85714286
 0.85714286 0.85714286 0.88888889 0.75       0.75       0.88888889
 0.66666667 0.61538462 0.90909091 0.66666667 0.88888889 0.8
 0.85714286 0.88888889 0.5        0.75       0.8        1.
 0.8        0.66666667 0.57142857 0.85714286 0.88888889 1.
 0.66666667 1.         0.83333333 0.72727273]
Mean f1: 0.7723533688533689
Dev: 0.15089816284880755


LR_TL Cross-Validation Results f1:
 [0.95652174 0.95652174 1.         0.95522388 0.98507463 0.97142857
 0.91176471 0.97142857 0.97222222 0.97058824 0.95652174 0.93150685
 0.98550725 0.98507463 0.96969697 0.97142857 0.95384615 0.95774648
 0.97142857 0.95652174 0.98507463 0.94444444 0.95652174 0.97058824
 0.95522388 0.98550725 0.95774648 0.97058824 0.98591549 0.98550725
 0.97142857 0.98507463 0.91176471 1.         0.98550725 0.95652174
 0.95652174 0.97142857 0.95890411 0.97058824 0.94444444 0.96969697
 0.95652174 0.98550725 0.94117647 0.98507463 0.97142857 0.98507463
 0.97222222 0.98550725 0.98507463 1.         0.92957746 0.98550725
 0.94444444 0.98550725 0.95384615 0.95652174 0.98591549 0.97142857
 0.95652174 0.97142857 0.95652174 0.93939394 0.98550725 0.98550725
 0.97058824 0.98507463 0.97142857 0.95774648 0.97058824 0.95652174
 0.97058824 0.98550725 0.97058824 0.94285714 0.97058824 0.97142857
 0.98591549 0.97058824 0.97142857 0.95652174 0.98550725 0.98550725
 0.94117647 0.97058824 0.98550725 0.93939394 0.94444444 0.95774648
 0.97142857 0.95652174 0.95522388 0.97058824 0.95652174 0.98550725
 0.98507463 0.95652174 0.94285714 0.98550725]
Mean f1: 0.9672785110860971
Dev: 0.017600935321888177


DT_RUS Cross-Validation Results f1:
 [0.96774194 1.         1.         0.96969697 0.96774194 1.
 0.96774194 1.         0.96774194 0.93333333 1.         0.96969697
 0.93333333 1.         0.96969697 0.96774194 0.96551724 0.96774194
 1.         1.         0.96969697 1.         0.96774194 1.
 1.         1.         0.96551724 0.93333333 0.96969697 1.
 1.         0.96774194 1.         0.96969697 0.86486486 0.96969697
 1.         1.         0.96969697 1.         1.         1.
 0.86486486 0.96774194 1.         0.96969697 0.96551724 1.
 0.9375     0.96969697 0.96774194 0.96774194 0.9375     1.
 1.         0.96774194 1.         1.         0.96774194 1.
 0.96774194 0.9375     1.         0.96774194 0.96774194 0.9375
 1.         0.96774194 1.         1.         1.         0.93333333
 0.96774194 1.         0.94117647 1.         0.96551724 0.96551724
 1.         1.         1.         1.         1.         0.93333333
 0.96774194 1.         0.9375     0.93333333 1.         0.93333333
 0.96774194 1.         1.         1.         0.91428571 0.96774194
 0.96551724 0.92857143 0.96774194 1.        ]
Mean f1: 0.9751499240239917
Dev: 0.028378134275751237


DT_NM Cross-Validation Results f1:
 [1.         1.         1.         0.96774194 1.         1.
 0.96774194 1.         1.         1.         1.         0.96969697
 1.         1.         1.         1.         0.96551724 1.
 1.         1.         1.         0.93333333 1.         1.
 1.         1.         1.         0.96774194 1.         1.
 1.         1.         1.         1.         1.         1.
 1.         1.         0.96969697 0.96774194 1.         1.
 1.         1.         1.         1.         1.         0.92857143
 0.96969697 1.         1.         1.         0.96969697 1.
 1.         1.         1.         1.         1.         0.96774194
 1.         0.96969697 1.         1.         0.93333333 1.
 1.         1.         1.         1.         1.         1.
 1.         0.96774194 0.96969697 1.         1.         1.
 1.         1.         1.         1.         1.         1.
 0.96774194 1.         0.96774194 1.         1.         1.
 1.         1.         1.         1.         0.96969697 1.
 1.         1.         1.         1.        ]
Mean f1: 0.9929056960836716
Dev: 0.015779623845650903


DT_CNN Cross-Validation Results f1:
 [0.88888889 1.         0.66666667 1.         0.85714286 0.85714286
 0.88888889 1.         1.         0.88888889 1.         0.85714286
 0.85714286 0.85714286 1.         0.88888889 1.         0.85714286
 0.88888889 0.88888889 1.         0.85714286 1.         0.85714286
 0.66666667 0.85714286 0.88888889 0.85714286 1.         1.
 0.88888889 0.88888889 1.         1.         0.85714286 1.
 0.85714286 1.         0.88888889 0.88888889 0.90909091 1.
 0.66666667 0.66666667 0.85714286 1.         1.         1.
 1.         0.88888889 1.         0.66666667 0.88888889 0.85714286
 1.         1.         0.85714286 1.         1.         0.88888889
 1.         0.88888889 0.85714286 0.85714286 0.85714286 1.
 1.         0.85714286 0.75       1.         0.88888889 1.
 1.         0.66666667 0.85714286 1.         0.75       1.
 0.88888889 1.         0.88888889 0.75       0.66666667 0.85714286
 1.         1.         1.         1.         0.88888889 1.
 0.75       1.         0.57142857 1.         0.85714286 0.85714286
 0.85714286 1.         1.         1.        ]
Mean f1: 0.9060750360750361
Dev: 0.10304802980876382


DT_TL Cross-Validation Results f1:
 [1.         0.97142857 1.         1.         1.         0.98507463
 0.95652174 0.98550725 0.98550725 1.         0.98550725 1.
 0.98507463 1.         0.98507463 1.         1.         1.
 1.         0.96969697 1.         0.97142857 0.98550725 1.
 0.96969697 1.         1.         0.98507463 1.         1.
 0.98550725 1.         0.98507463 1.         1.         0.98550725
 0.96969697 1.         1.         1.         0.98550725 1.
 0.98507463 0.98507463 1.         1.         0.98550725 0.98507463
 0.98591549 1.         1.         1.         0.98550725 1.
 0.98507463 0.98507463 0.98507463 0.98507463 1.         0.98550725
 0.97058824 0.98550725 0.98550725 0.96969697 1.         1.
 1.         1.         1.         1.         1.         0.98550725
 1.         0.98550725 0.96969697 1.         1.         0.98550725
 0.97058824 1.         1.         1.         1.         0.97058824
 1.         1.         0.98507463 0.90322581 0.98591549 0.98550725
 0.98507463 0.98550725 1.         1.         0.96969697 0.96969697
 1.         0.98550725 1.         1.        ]
Mean f1: 0.9900425437901782
Dev: 0.013889720758905958


RF_RUS Cross-Validation Results f1:
 [1.         0.94117647 1.         1.         0.96774194 1.
 0.9375     1.         0.96774194 0.93333333 0.96774194 0.96969697
 0.93333333 1.         1.         1.         1.         0.96774194
 1.         1.         1.         1.         0.96774194 1.
 1.         1.         1.         0.93333333 0.96969697 1.
 1.         0.96774194 1.         1.         0.91428571 0.96774194
 1.         1.         0.96969697 1.         1.         1.
 0.91428571 1.         1.         1.         0.96551724 1.
 0.96969697 1.         0.96774194 0.96774194 0.9375     1.
 1.         1.         1.         1.         1.         1.
 1.         0.94117647 1.         0.96774194 1.         0.93333333
 1.         1.         1.         1.         0.96969697 1.
 0.96774194 0.96774194 0.96969697 1.         0.96551724 0.96551724
 1.         1.         1.         1.         1.         0.96774194
 0.96774194 1.         0.96774194 1.         1.         0.96774194
 0.96774194 0.94117647 1.         0.96969697 0.96969697 0.96774194
 1.         0.96551724 0.96774194 0.96969697]
Mean f1: 0.98236872640653
Dev: 0.022884574387976954


RF_NM Cross-Validation Results f1:
 [1.         1.         1.         0.96774194 1.         1.
 0.96774194 1.         1.         1.         1.         0.96969697
 1.         1.         1.         1.         0.96551724 1.
 1.         1.         1.         0.96774194 1.         1.
 1.         1.         1.         0.96774194 1.         1.
 1.         1.         1.         1.         1.         0.96774194
 1.         1.         0.96969697 0.96774194 1.         1.
 1.         1.         1.         1.         1.         0.96551724
 0.96969697 1.         1.         1.         0.96969697 1.
 1.         1.         1.         1.         1.         0.96774194
 1.         0.96969697 1.         1.         0.93333333 1.
 1.         1.         1.         1.         1.         0.96774194
 1.         0.96774194 0.96969697 1.         1.         1.
 1.         1.         1.         1.         1.         1.
 0.96774194 1.         0.96774194 1.         1.         1.
 1.         1.         1.         1.         0.90322581 1.
 1.         1.         1.         1.        ]
Mean f1: 0.9923093673104796
Dev: 0.016501296619336043


RF_CNN Cross-Validation Results f1:
 [1.         1.         0.85714286 1.         0.85714286 1.
 0.75       0.85714286 1.         1.         0.90909091 0.85714286
 0.66666667 1.         0.88888889 0.88888889 0.85714286 1.
 0.88888889 1.         1.         1.         0.85714286 0.85714286
 0.66666667 0.88888889 0.88888889 1.         1.         1.
 0.88888889 0.75       1.         0.85714286 1.         0.85714286
 0.85714286 0.85714286 0.88888889 1.         0.90909091 1.
 0.85714286 0.8        0.85714286 1.         1.         0.85714286
 0.88888889 0.75       1.         0.85714286 0.88888889 0.66666667
 1.         1.         0.85714286 1.         0.88888889 0.88888889
 0.88888889 0.88888889 0.85714286 1.         0.85714286 0.85714286
 0.8        1.         0.57142857 0.88888889 1.         1.
 1.         0.85714286 0.85714286 1.         0.75       1.
 0.88888889 0.88888889 0.88888889 0.66666667 0.85714286 1.
 0.66666667 1.         1.         1.         1.         1.
 0.88888889 1.         0.75       1.         1.         0.85714286
 0.85714286 1.         0.88888889 0.88888889]
Mean f1: 0.9042215007215006
Dev: 0.09836744160408246


RF_TL Cross-Validation Results f1:
 [1.         1.         1.         1.         1.         1.
 0.97142857 1.         0.98550725 1.         0.98550725 0.97142857
 1.         1.         0.98507463 1.         1.         0.98550725
 1.         0.97142857 1.         0.97142857 0.98550725 0.98550725
 0.96969697 1.         0.98550725 0.98507463 1.         1.
 0.98550725 1.         1.         0.98550725 1.         0.98550725
 0.98507463 1.         1.         0.98550725 0.98550725 1.
 1.         1.         0.97142857 1.         0.98550725 1.
 0.98591549 1.         1.         1.         0.98550725 1.
 0.95774648 0.98507463 1.         1.         1.         0.98550725
 0.98550725 0.98550725 0.98550725 1.         1.         1.
 0.98550725 1.         1.         1.         1.         1.
 1.         0.98550725 0.97058824 0.97142857 1.         0.98550725
 1.         0.98550725 1.         1.         1.         1.
 0.98550725 1.         0.98507463 0.98507463 0.98591549 0.97142857
 0.98550725 0.98550725 1.         1.         0.98550725 0.96969697
 1.         0.98550725 0.98591549 1.        ]
Mean f1: 0.9915911129942565
Dev: 0.010258199199066707


XGB_RUS Cross-Validation Results f1:
 [1.         0.96969697 1.         1.         0.96774194 1.
 0.9375     1.         0.96774194 0.93333333 1.         0.94117647
 0.93333333 1.         1.         1.         0.96551724 0.9375
 1.         0.96969697 1.         1.         0.96774194 1.
 1.         1.         0.96551724 0.875      1.         1.
 1.         0.96774194 1.         1.         0.94117647 0.96774194
 1.         1.         0.96969697 1.         1.         0.96774194
 0.88235294 1.         1.         1.         0.96551724 1.
 0.9375     1.         0.93333333 0.96774194 0.9375     1.
 1.         1.         0.96774194 1.         0.96969697 1.
 0.96774194 0.94117647 1.         0.96774194 0.96774194 0.96774194
 1.         1.         1.         1.         0.96969697 0.96774194
 0.96774194 1.         0.96969697 1.         1.         0.96551724
 1.         0.96774194 1.         0.96969697 1.         0.93333333
 0.96774194 1.         0.96774194 0.93333333 1.         0.96774194
 0.93333333 1.         1.         1.         0.9375     0.9375
 1.         1.         0.96774194 0.96969697]
Mean f1: 0.9781262385022772
Dev: 0.027198893227645883


XGB_NM Cross-Validation Results f1:
 [0.96969697 0.96774194 1.         0.96774194 1.         1.
 0.96774194 1.         1.         1.         0.96774194 0.94117647
 1.         0.96969697 1.         1.         0.92857143 1.
 1.         0.96969697 1.         0.90322581 1.         1.
 1.         1.         1.         0.9375     0.96969697 1.
 1.         1.         0.96969697 0.90322581 1.         1.
 1.         1.         0.96969697 0.96774194 1.         1.
 0.96969697 1.         1.         1.         0.96774194 0.92857143
 0.94117647 1.         0.96774194 1.         0.96969697 1.
 0.96774194 0.96969697 0.96774194 1.         1.         0.96774194
 1.         0.96969697 1.         1.         0.90322581 0.96969697
 1.         1.         1.         1.         1.         1.
 1.         0.9375     0.96969697 0.96774194 1.         1.
 1.         0.96969697 1.         0.9375     1.         1.
 0.96774194 1.         0.96774194 1.         0.96969697 1.
 1.         0.96774194 1.         1.         0.9375     0.94117647
 1.         1.         1.         1.        ]
Mean f1: 0.9826449436079417
Dev: 0.02482128704356739


XGB_CNN Cross-Validation Results f1:
 [0.8        0.8        0.85714286 0.85714286 0.85714286 0.66666667
 0.5        1.         1.         1.         0.8        0.85714286
 0.66666667 0.8        0.75       0.75       0.75       0.85714286
 0.75       0.88888889 0.88888889 1.         0.88888889 0.85714286
 0.66666667 0.88888889 0.8        0.75       1.         0.88888889
 0.88888889 0.75       0.85714286 0.66666667 0.88888889 0.85714286
 0.85714286 0.8        0.88888889 0.66666667 0.83333333 1.
 0.66666667 0.8        0.85714286 0.88888889 1.         0.66666667
 0.88888889 1.         1.         0.75       0.88888889 0.75
 1.         1.         0.85714286 1.         0.66666667 0.88888889
 1.         0.88888889 0.66666667 1.         1.         0.88888889
 0.8        0.88888889 0.33333333 0.88888889 0.8        0.75
 0.88888889 0.85714286 0.85714286 1.         0.75       0.75
 0.75       0.8        0.8        0.6        0.85714286 1.
 0.85714286 0.75       0.66666667 0.85714286 0.88888889 1.
 0.75       1.         0.75       0.85714286 0.88888889 0.85714286
 0.75       1.         1.         0.54545455]
Mean f1: 0.835962481962482
Dev: 0.12454031520758407


XGB_TL Cross-Validation Results f1:
 [0.98550725 0.97142857 1.         0.98550725 1.         0.98507463
 0.95652174 1.         0.98550725 0.98550725 0.98550725 0.98550725
 0.98507463 1.         0.96969697 1.         0.98550725 0.98550725
 1.         0.98550725 1.         0.97142857 0.98550725 1.
 0.95384615 1.         0.98550725 0.97058824 0.98591549 1.
 0.97142857 1.         0.98507463 1.         1.         0.97058824
 0.96969697 1.         1.         0.98550725 0.95652174 1.
 1.         0.96969697 0.98550725 0.98550725 0.98550725 0.98507463
 1.         1.         1.         1.         0.98550725 1.
 0.95652174 0.97058824 0.98507463 0.98507463 0.98591549 0.97058824
 0.97058824 0.97142857 0.98550725 0.96969697 1.         1.
 1.         0.98507463 1.         0.98550725 1.         1.
 0.98550725 0.98550725 0.97058824 0.95652174 1.         0.98550725
 0.98550725 0.97058824 1.         1.         0.98550725 0.98507463
 0.98507463 0.98507463 0.98507463 0.98507463 0.98591549 0.95774648
 0.98550725 0.98550725 1.         1.         0.98507463 0.96969697
 1.         0.98550725 1.         1.        ]
Mean f1: 0.9865290140442314
Dev: 0.01272571851798516


XGB_RF_RUS Cross-Validation Results f1:
 [0.96969697 0.96969697 1.         0.96969697 0.96774194 1.
 0.9375     0.96774194 0.96774194 0.875      0.96969697 0.91428571
 0.93333333 0.94117647 1.         0.96774194 0.96551724 0.9375
 1.         0.96969697 1.         0.96969697 0.96774194 1.
 0.96774194 0.94117647 0.88888889 0.90909091 0.96969697 1.
 1.         0.96774194 0.9375     0.96969697 0.94117647 0.9375
 1.         0.96774194 0.96969697 1.         1.         1.
 0.88235294 0.96969697 1.         1.         0.96774194 1.
 0.90909091 0.9375     0.93333333 0.9375     0.96969697 1.
 0.96774194 0.94117647 0.96774194 1.         0.96969697 1.
 0.9375     0.90909091 1.         0.96774194 0.90322581 0.9375
 1.         0.9375     1.         1.         0.96969697 0.96774194
 0.96774194 0.9375     0.96969697 1.         1.         0.96551724
 0.96969697 0.96969697 0.96969697 0.96969697 1.         0.93333333
 0.96774194 1.         0.9375     0.93333333 0.9375     1.
 0.90909091 0.94117647 1.         0.96969697 0.9375     0.875
 0.96551724 0.92857143 0.96774194 0.96969697]
Mean f1: 0.9630476618783151
Dev: 0.0316548732209091


XGB_RF_NM Cross-Validation Results f1:
 [0.96969697 0.9375     1.         0.96774194 1.         1.
 0.96774194 1.         1.         0.96969697 0.9375     0.94117647
 1.         1.         1.         1.         0.96551724 1.
 1.         0.96969697 1.         0.90322581 1.         1.
 1.         0.96969697 1.         0.9375     1.         1.
 1.         1.         0.96969697 0.9375     1.         0.96969697
 1.         1.         0.96969697 0.96774194 1.         1.
 1.         0.96969697 1.         1.         0.96774194 0.92857143
 0.94117647 1.         1.         0.96969697 0.96969697 1.
 0.96774194 0.96969697 0.96774194 1.         1.         0.96774194
 1.         0.96969697 1.         1.         0.90322581 0.96969697
 1.         0.96774194 1.         1.         1.         1.
 1.         0.9375     0.96969697 0.96774194 1.         1.
 0.96969697 0.96969697 1.         0.9375     1.         1.
 0.96774194 1.         0.9375     1.         0.96969697 1.
 0.96969697 0.96774194 1.         1.         0.9375     0.94117647
 1.         1.         1.         1.        ]
Mean f1: 0.9812377643948671
Dev: 0.02437732563035739


XGB_RF_CNN Cross-Validation Results f1:
 [0.90909091 0.88888889 0.66666667 0.88888889 0.85714286 0.66666667
 0.57142857 0.88888889 1.         0.8        1.         0.85714286
 0.85714286 0.8        1.         0.66666667 0.75       1.
 0.88888889 1.         0.8        1.         0.85714286 0.85714286
 0.66666667 0.8        0.88888889 0.85714286 1.         1.
 0.88888889 0.88888889 0.75       0.66666667 0.88888889 0.85714286
 0.75       0.8        0.75       0.88888889 0.90909091 0.88888889
 0.66666667 0.8        0.85714286 1.         1.         0.85714286
 0.88888889 0.88888889 1.         0.75       0.8        1.
 1.         0.85714286 0.66666667 0.88888889 0.66666667 0.88888889
 1.         0.88888889 1.         1.         0.75       0.85714286
 0.8        0.85714286 0.57142857 0.88888889 0.8        1.
 1.         0.66666667 1.         1.         0.75       0.75
 0.8        0.8        0.88888889 0.6        1.         0.88888889
 0.85714286 0.75       0.85714286 0.85714286 1.         0.88888889
 0.88888889 1.         0.75       0.85714286 0.88888889 1.
 0.75       0.88888889 0.90909091 0.66666667]
Mean f1: 0.854566378066378
Dev: 0.11286244503641187


XGB_RF_TL Cross-Validation Results f1:
 [0.98550725 0.95774648 1.         0.98550725 1.         0.98507463
 0.95652174 0.98550725 1.         0.98550725 0.98550725 0.95774648
 0.96969697 1.         0.96969697 1.         0.98550725 0.97142857
 1.         0.97142857 1.         0.97142857 0.97142857 1.
 0.96969697 0.98550725 0.98550725 0.98550725 0.98591549 1.
 0.97142857 1.         0.98550725 0.98550725 1.         0.97142857
 0.98507463 1.         1.         0.98550725 0.95652174 0.97142857
 1.         1.         0.98550725 0.98550725 0.98550725 0.98507463
 1.         1.         1.         0.98550725 0.98550725 1.
 0.95774648 0.95774648 1.         1.         0.98591549 0.97058824
 0.98550725 0.97142857 0.97142857 0.98507463 1.         0.98550725
 0.98507463 0.98507463 1.         0.98550725 1.         1.
 0.97058824 0.98550725 0.95652174 0.98507463 1.         0.97142857
 0.98550725 0.98550725 1.         1.         0.98550725 0.98507463
 0.98550725 0.98550725 0.98507463 1.         0.98591549 0.95774648
 0.95774648 0.97142857 1.         1.         0.97058824 0.96969697
 1.         0.97142857 0.98591549 1.        ]
Mean f1: 0.9849626155186296
Dev: 0.013451596583911363


