LR_RUS Cross-Validation Results precision:
 [0.88888889 0.88235294 1.         0.94117647 1.         0.94117647
 0.88235294 1.         0.94117647 1.         1.         0.83333333
 1.         1.         0.9375     0.9375     1.         0.75
 1.         0.88888889 0.94117647 1.         0.94117647 1.
 0.94117647 1.         1.         0.8125     0.88235294 0.9375
 1.         0.84210526 0.875      0.94117647 0.88235294 0.94117647
 0.9375     0.93333333 0.94117647 0.9375     0.94117647 1.
 0.83333333 1.         1.         0.94117647 0.92857143 0.9375
 0.88888889 0.88888889 0.9375     0.9375     0.88888889 0.94117647
 0.94117647 0.94117647 0.93333333 0.93333333 0.9375     0.9375
 0.94117647 0.88235294 0.9375     0.84210526 1.         0.92857143
 0.9375     0.9375     1.         0.94117647 0.78947368 0.9375
 0.9375     0.88888889 0.88235294 1.         1.         0.88235294
 1.         1.         0.94117647 0.94117647 1.         1.
 1.         0.94117647 0.875      0.88235294 1.         0.875
 0.78947368 0.88888889 1.         1.         0.88888889 0.8
 1.         1.         1.         0.94117647]
Mean precision: 0.9363043147083395
Dev: 0.05776714646884388


LR_NM Cross-Validation Results precision:
 [0.88888889 0.88888889 1.         1.         1.         0.9375
 0.88235294 1.         0.9375     1.         1.         0.83333333
 1.         1.         0.88888889 0.94117647 1.         0.88235294
 1.         0.88888889 1.         0.93333333 1.         1.
 0.94117647 0.94117647 1.         0.83333333 0.88235294 0.9375
 1.         1.         0.94117647 0.88888889 0.88888889 1.
 0.93333333 0.93333333 0.94117647 1.         1.         1.
 0.83333333 1.         1.         0.9375     0.9375     0.93333333
 0.88888889 0.84210526 0.9375     1.         0.94117647 1.
 0.94117647 0.88888889 0.88235294 0.93333333 0.9375     0.9375
 0.94117647 0.88888889 0.94117647 0.94117647 0.93333333 0.88235294
 1.         1.         1.         1.         0.84210526 0.88235294
 1.         0.93333333 0.94117647 1.         1.         1.
 1.         0.94117647 0.93333333 0.88888889 1.         1.
 1.         0.94117647 0.9375     0.88235294 0.88888889 0.94117647
 0.88888889 0.88888889 1.         1.         0.92857143 0.84210526
 0.9375     1.         1.         0.94117647]
Mean precision: 0.9464622708732615
Dev: 0.05103915986415344


LR_CNN Cross-Validation Results precision:
 [0.66666667 0.66666667 1.         0.66666667 1.         0.66666667
 0.5        1.         1.         0.83333333 1.         0.75
 0.66666667 0.57142857 1.         0.5        1.         1.
 1.         1.         0.8        0.8        0.5        1.
 0.66666667 0.75       0.8        0.75       1.         0.75
 0.83333333 0.66666667 1.         1.         1.         1.
 0.57142857 0.57142857 0.8        0.6        0.66666667 0.8
 0.8        0.5        0.75       0.6        1.         0.
 0.8        1.         1.         0.5        0.8        0.75
 0.75       0.75       0.57142857 0.66666667 1.         1.
 1.         0.5        0.5        0.6        0.66666667 1.
 0.8        1.         0.6        1.         0.625      1.
 1.         1.         0.8        0.75       0.75       0.8
 0.75       0.5        0.83333333 0.6        0.8        0.66666667
 1.         0.8        0.5        0.75       0.8        1.
 0.8        1.         0.66666667 1.         0.8        1.
 0.6        1.         0.71428571 0.66666667]
Mean precision: 0.7869166666666666
Dev: 0.18826254576908225


LR_TL Cross-Validation Results precision:
 [0.94285714 0.94285714 1.         0.96969697 1.         0.94444444
 0.91176471 0.94444444 0.94594595 0.97058824 0.94285714 0.87179487
 0.97142857 1.         1.         0.94444444 1.         0.91891892
 0.97142857 0.94285714 1.         0.89473684 0.94285714 0.97058824
 0.96969697 0.97142857 0.91891892 0.97058824 0.97222222 0.97142857
 0.94444444 1.         0.91176471 1.         0.97142857 0.94285714
 0.94285714 0.94444444 0.92105263 0.97058824 0.89473684 1.
 0.94285714 0.97142857 0.94117647 1.         0.94444444 1.
 0.94594595 0.97142857 1.         1.         0.89189189 0.97142857
 0.89473684 0.97142857 1.         0.94285714 0.97222222 0.94444444
 0.94285714 0.94444444 0.94285714 0.96875    0.97142857 0.97142857
 0.97058824 1.         0.97142857 0.91891892 0.97058824 0.94285714
 0.97058824 0.97142857 0.97058824 0.91666667 0.97058824 0.94444444
 0.97222222 0.97058824 0.94444444 0.94285714 0.97142857 0.97142857
 0.94117647 0.97058824 0.97142857 0.96875    0.91891892 0.91891892
 0.94444444 0.94285714 0.96969697 0.97058824 0.94285714 0.97142857
 1.         0.94285714 0.94285714 0.97142857]
Mean precision: 0.9579147643013742
Dev: 0.028317690983381393


DT_RUS Cross-Validation Results precision:
 [1.         1.         1.         0.94117647 1.         1.
 0.9375     1.         1.         1.         1.         0.94117647
 1.         1.         0.94117647 1.         1.         0.9375
 1.         1.         0.94117647 1.         1.         1.
 1.         1.         1.         0.93333333 0.94117647 1.
 1.         1.         1.         0.94117647 0.76190476 0.94117647
 1.         1.         0.94117647 1.         1.         1.
 0.76190476 1.         1.         0.94117647 1.         1.
 0.9375     0.94117647 1.         1.         0.9375     1.
 1.         1.         1.         1.         1.         1.
 1.         0.9375     1.         1.         1.         0.9375
 1.         0.9375     1.         1.         1.         1.
 1.         1.         0.88888889 1.         1.         1.
 1.         1.         1.         1.         1.         1.
 1.         1.         0.88235294 0.93333333 1.         1.
 1.         1.         1.         1.         0.84210526 1.
 1.         1.         1.         1.        ]
Mean precision: 0.9797808798958181
Dev: 0.044096414301685496


DT_NM Cross-Validation Results precision:
 [1.         1.         1.         1.         1.         1.
 0.9375     1.         1.         1.         1.         0.94117647
 1.         1.         1.         1.         1.         1.
 1.         1.         1.         1.         1.         1.
 1.         1.         1.         0.9375     1.         1.
 1.         1.         1.         1.         1.         1.
 1.         1.         0.94117647 1.         1.         1.
 1.         1.         1.         1.         1.         1.
 0.94117647 1.         1.         1.         0.94117647 1.
 1.         1.         1.         1.         1.         1.
 1.         0.94117647 1.         1.         1.         1.
 1.         1.         1.         1.         1.         1.
 1.         1.         0.94117647 1.         1.         1.
 1.         1.         1.         1.         1.         1.
 1.         1.         0.9375     1.         1.         1.
 1.         1.         1.         1.         0.94117647 1.
 1.         1.         1.         1.        ]
Mean precision: 0.9940073529411765
Dev: 0.0179858337060128


DT_CNN Cross-Validation Results precision:
 [1.         1.         1.         1.         1.         1.
 0.8        1.         1.         1.         1.         1.
 1.         1.         1.         0.8        1.         1.
 1.         1.         1.         1.         1.         1.
 1.         1.         0.8        1.         1.         1.
 1.         0.8        1.         1.         1.         1.
 1.         1.         1.         1.         0.83333333 1.
 1.         1.         1.         1.         1.         1.
 1.         1.         1.         1.         0.8        1.
 1.         1.         1.         1.         1.         1.
 1.         0.8        1.         1.         1.         1.
 1.         1.         1.         1.         1.         1.
 1.         1.         1.         1.         0.75       1.
 1.         1.         1.         0.75       1.         1.
 1.         1.         1.         1.         1.         1.
 1.         1.         0.66666667 1.         1.         1.
 1.         1.         1.         1.        ]
Mean precision: 0.978
Dev: 0.06748991694237656


DT_TL Cross-Validation Results precision:
 [1.         0.94444444 1.         1.         1.         1.
 0.94285714 0.97142857 1.         1.         0.97142857 1.
 1.         1.         1.         1.         1.         1.
 1.         1.         1.         0.94444444 0.97142857 1.
 1.         1.         1.         1.         1.         1.
 0.97142857 1.         1.         1.         1.         0.97142857
 1.         1.         1.         1.         0.97142857 1.
 1.         1.         1.         1.         0.97142857 1.
 0.97222222 1.         1.         1.         0.97142857 1.
 1.         1.         1.         1.         1.         0.97142857
 0.97058824 0.97142857 0.97142857 1.         1.         1.
 1.         1.         1.         1.         1.         0.97142857
 1.         0.97142857 1.         1.         1.         0.97142857
 1.         1.         1.         1.         1.         0.97058824
 1.         1.         1.         1.         0.97222222 0.97142857
 1.         0.97142857 1.         1.         1.         1.
 1.         0.97142857 1.         1.        ]
Mean precision: 0.9923165266106443
Dev: 0.014382431643956386


RF_RUS Cross-Validation Results precision:
 [1.         0.88888889 1.         1.         1.         1.
 0.88235294 1.         1.         1.         1.         0.94117647
 1.         1.         1.         1.         1.         0.9375
 1.         1.         1.         1.         1.         1.
 1.         1.         1.         0.93333333 0.94117647 1.
 1.         1.         1.         1.         0.84210526 1.
 1.         1.         0.94117647 1.         1.         1.
 0.84210526 1.         1.         1.         1.         1.
 0.94117647 1.         1.         1.         0.9375     1.
 1.         1.         1.         1.         1.         1.
 1.         0.88888889 1.         1.         1.         1.
 1.         1.         1.         1.         0.94117647 1.
 1.         1.         0.94117647 1.         1.         1.
 1.         1.         1.         1.         1.         1.
 1.         1.         0.9375     1.         1.         1.
 1.         0.88888889 1.         0.94117647 0.94117647 1.
 1.         1.         1.         0.94117647]
Mean precision: 0.9844965170278638
Dev: 0.03521485877602845


RF_NM Cross-Validation Results precision:
 [1.         1.         1.         1.         1.         1.
 0.9375     1.         1.         1.         1.         0.94117647
 1.         1.         1.         1.         1.         1.
 1.         1.         1.         1.         1.         1.
 1.         1.         1.         0.9375     1.         1.
 1.         1.         1.         1.         1.         1.
 1.         1.         0.94117647 1.         1.         1.
 1.         1.         1.         1.         1.         1.
 0.94117647 1.         1.         1.         0.94117647 1.
 1.         1.         1.         1.         1.         1.
 1.         0.94117647 1.         1.         1.         1.
 1.         1.         1.         1.         1.         1.
 1.         1.         0.94117647 1.         1.         1.
 1.         1.         1.         1.         1.         1.
 1.         1.         0.9375     1.         1.         1.
 1.         1.         1.         1.         0.93333333 1.
 1.         1.         1.         1.        ]
Mean precision: 0.9939289215686276
Dev: 0.01823146751833139


RF_CNN Cross-Validation Results precision:
 [1.         1.         1.         1.         1.         1.
 0.75       1.         1.         1.         0.83333333 1.
 1.         1.         0.8        0.8        1.         1.
 1.         1.         1.         1.         1.         1.
 1.         0.8        0.8        1.         1.         1.
 1.         0.75       1.         1.         1.         1.
 1.         1.         1.         1.         0.83333333 1.
 1.         0.66666667 1.         1.         1.         1.
 1.         1.         1.         1.         0.8        1.
 1.         1.         1.         1.         1.         1.
 1.         0.8        1.         1.         1.         1.
 0.66666667 1.         1.         1.         1.         1.
 1.         1.         1.         1.         0.75       1.
 1.         1.         1.         0.6        1.         1.
 1.         1.         1.         1.         1.         1.
 1.         1.         0.75       1.         1.         1.
 1.         1.         1.         1.        ]
Mean precision: 0.9640000000000001
Dev: 0.08934079570821929


RF_TL Cross-Validation Results precision:
 [1.         1.         1.         1.         1.         1.
 0.94444444 1.         1.         1.         0.97142857 0.94444444
 1.         1.         1.         1.         1.         0.97142857
 1.         0.94444444 1.         0.94444444 0.97142857 0.97142857
 1.         1.         0.97142857 1.         1.         1.
 0.97142857 1.         1.         0.97142857 1.         0.97142857
 1.         1.         1.         0.97142857 0.97142857 1.
 1.         1.         0.94444444 1.         0.97142857 1.
 0.97222222 1.         1.         1.         0.97142857 1.
 0.91891892 1.         1.         1.         1.         0.97142857
 0.97142857 0.97142857 0.97142857 1.         1.         1.
 0.97142857 1.         1.         1.         1.         1.
 1.         0.97142857 0.97058824 0.94444444 1.         0.97142857
 1.         0.97142857 1.         1.         1.         1.
 0.97142857 1.         1.         1.         0.97222222 0.94444444
 0.97142857 0.97142857 1.         1.         0.97142857 1.
 1.         0.97142857 0.97222222 1.        ]
Mean precision: 0.9870299921770511
Dev: 0.01869358169837474


XGB_RUS Cross-Validation Results precision:
 [1.         0.94117647 1.         1.         1.         1.
 0.88235294 1.         1.         1.         1.         0.88888889
 1.         1.         1.         1.         1.         0.88235294
 1.         0.94117647 1.         1.         1.         1.
 1.         1.         1.         0.82352941 1.         1.
 1.         1.         1.         1.         0.88888889 1.
 1.         1.         0.94117647 1.         1.         1.
 0.83333333 1.         1.         1.         1.         1.
 0.9375     1.         1.         1.         0.9375     1.
 1.         1.         0.9375     1.         0.94117647 1.
 1.         0.88888889 1.         1.         1.         1.
 1.         1.         1.         1.         0.94117647 1.
 1.         1.         0.94117647 1.         1.         1.
 1.         1.         1.         0.94117647 1.         1.
 1.         1.         0.9375     0.93333333 1.         1.
 1.         1.         1.         1.         0.9375     0.9375
 1.         1.         1.         0.94117647]
Mean precision: 0.9817598039215686
Dev: 0.03820097829542009


XGB_NM Cross-Validation Results precision:
 [0.94117647 1.         1.         1.         1.         1.
 0.9375     1.         1.         1.         1.         0.88888889
 1.         0.94117647 1.         1.         1.         1.
 1.         0.94117647 1.         0.93333333 1.         1.
 1.         1.         1.         0.88235294 0.94117647 1.
 1.         1.         0.94117647 0.93333333 1.         1.
 1.         1.         0.94117647 1.         1.         1.
 0.94117647 1.         1.         1.         0.9375     1.
 0.88888889 1.         1.         1.         0.94117647 1.
 1.         0.94117647 0.9375     1.         1.         1.
 1.         0.94117647 1.         1.         0.93333333 0.94117647
 1.         1.         1.         1.         1.         1.
 1.         0.9375     0.94117647 1.         1.         1.
 1.         0.94117647 1.         0.9375     1.         1.
 1.         1.         0.9375     1.         0.94117647 1.
 1.         1.         1.         1.         0.9375     0.88888889
 1.         1.         1.         1.        ]
Mean precision: 0.9808799019607843
Dev: 0.03216209609022241


XGB_CNN Cross-Validation Results precision:
 [0.8        0.66666667 1.         1.         1.         1.
 0.5        1.         1.         1.         0.8        1.
 1.         0.66666667 0.75       0.75       0.75       1.
 1.         1.         1.         1.         0.8        1.
 1.         0.8        0.66666667 0.75       1.         1.
 1.         0.75       1.         1.         0.8        1.
 1.         0.66666667 1.         0.75       0.71428571 1.
 1.         0.66666667 1.         0.8        1.         1.
 1.         1.         1.         0.75       0.8        0.75
 1.         1.         1.         1.         0.75       1.
 1.         0.8        1.         1.         1.         0.8
 0.66666667 0.8        1.         1.         0.8        0.75
 0.8        1.         1.         1.         0.75       0.75
 1.         0.8        0.8        0.5        1.         1.
 1.         0.75       1.         1.         1.         1.
 1.         1.         0.75       1.         0.8        1.
 0.75       1.         1.         0.5       ]
Mean precision: 0.8946428571428572
Dev: 0.13877271218167678


XGB_TL Cross-Validation Results precision:
 [0.97142857 0.94444444 1.         0.97142857 1.         1.
 0.94285714 1.         1.         0.97142857 0.97142857 0.97142857
 1.         1.         1.         1.         0.97142857 0.97142857
 1.         0.97142857 1.         0.94444444 0.97142857 1.
 1.         1.         0.97142857 0.97058824 0.97222222 1.
 0.94444444 1.         1.         1.         1.         0.97058824
 1.         1.         1.         0.97142857 0.94285714 1.
 1.         1.         0.97142857 0.97142857 0.97142857 1.
 1.         1.         1.         1.         0.97142857 1.
 0.94285714 0.97058824 1.         1.         0.97222222 0.97058824
 0.97058824 0.94444444 0.97142857 1.         1.         1.
 1.         1.         1.         0.97142857 1.         1.
 0.97142857 0.97142857 0.97058824 0.94285714 1.         0.97142857
 1.         0.97058824 1.         1.         0.97142857 1.
 1.         1.         1.         1.         0.97222222 0.91891892
 0.97142857 0.97142857 1.         1.         1.         1.
 1.         0.97142857 1.         1.        ]
Mean precision: 0.9849319529613648
Dev: 0.019297268181500182


XGB_RF_RUS Cross-Validation Results precision:
 [0.94117647 0.94117647 1.         0.94117647 1.         1.
 0.88235294 0.9375     1.         0.875      0.94117647 0.84210526
 1.         0.88888889 1.         1.         1.         0.88235294
 1.         0.94117647 1.         0.94117647 1.         1.
 1.         0.88888889 1.         0.83333333 0.94117647 1.
 1.         1.         0.9375     0.94117647 0.88888889 0.9375
 1.         0.9375     0.94117647 1.         1.         1.
 0.83333333 0.94117647 1.         1.         0.9375     1.
 0.88235294 0.9375     1.         0.9375     0.94117647 1.
 1.         0.88888889 0.9375     1.         0.94117647 1.
 0.9375     0.88235294 1.         1.         0.93333333 0.9375
 1.         0.88235294 1.         1.         0.94117647 1.
 1.         0.9375     0.94117647 1.         1.         1.
 0.94117647 0.94117647 0.94117647 0.94117647 1.         1.
 1.         1.         0.88235294 0.93333333 0.9375     1.
 0.88235294 0.88888889 1.         0.94117647 0.9375     0.875
 1.         1.         1.         0.94117647]
Mean precision: 0.9575738304093568
Dev: 0.046821663384926


XGB_RF_NM Cross-Validation Results precision:
 [0.94117647 0.9375     1.         1.         1.         1.
 0.9375     1.         1.         0.94117647 0.9375     0.88888889
 1.         1.         1.         1.         1.         1.
 1.         0.94117647 1.         0.93333333 1.         1.
 1.         0.94117647 1.         0.88235294 1.         1.
 1.         1.         0.94117647 0.9375     1.         0.94117647
 1.         1.         0.94117647 1.         1.         1.
 1.         0.94117647 1.         1.         0.9375     1.
 0.88888889 1.         1.         0.94117647 0.94117647 1.
 1.         0.94117647 0.9375     1.         1.         1.
 1.         0.94117647 1.         1.         0.93333333 0.94117647
 1.         0.9375     1.         1.         1.         1.
 1.         0.9375     0.94117647 1.         1.         1.
 0.94117647 0.94117647 1.         0.9375     1.         1.
 1.         1.         0.88235294 1.         0.94117647 1.
 0.94117647 1.         1.         1.         0.9375     0.88888889
 1.         1.         1.         1.        ]
Mean precision: 0.9761421568627452
Dev: 0.03435609930327006


XGB_RF_CNN Cross-Validation Results precision:
 [0.83333333 0.8        1.         0.8        1.         1.
 0.66666667 0.8        1.         0.8        1.         1.
 1.         0.66666667 1.         0.6        0.75       1.
 1.         1.         0.8        1.         1.         1.
 1.         0.66666667 0.8        1.         1.         1.
 1.         0.8        0.75       1.         0.8        1.
 0.75       0.66666667 1.         1.         0.83333333 0.8
 1.         0.66666667 1.         1.         1.         1.
 1.         1.         1.         0.75       0.66666667 1.
 1.         1.         1.         0.8        0.75       1.
 1.         0.8        1.         1.         0.75       1.
 0.66666667 1.         1.         1.         0.8        1.
 1.         1.         1.         1.         0.75       0.75
 0.8        0.8        1.         0.5        1.         0.8
 1.         0.75       1.         1.         1.         1.
 1.         1.         0.75       1.         0.8        1.
 0.75       0.8        0.83333333 0.75      ]
Mean precision: 0.8986666666666666
Dev: 0.12939345681550776


XGB_RF_TL Cross-Validation Results precision:
 [0.97142857 0.91891892 1.         0.97142857 1.         1.
 0.94285714 0.97142857 1.         0.97142857 0.97142857 0.91891892
 1.         1.         1.         1.         0.97142857 0.94444444
 1.         0.94444444 1.         0.94444444 0.94444444 1.
 1.         0.97142857 0.97142857 0.97142857 0.97222222 1.
 0.94444444 1.         0.97142857 0.97142857 1.         0.94444444
 1.         1.         1.         0.97142857 0.94285714 0.94444444
 1.         1.         0.97142857 0.97142857 0.97142857 1.
 1.         1.         1.         0.97142857 0.97142857 1.
 0.91891892 0.91891892 1.         1.         0.97222222 0.97058824
 0.97142857 0.94444444 0.94444444 1.         1.         0.97142857
 1.         1.         1.         0.97142857 1.         1.
 0.97058824 0.97142857 0.94285714 1.         1.         0.94444444
 1.         0.97142857 1.         1.         0.97142857 1.
 0.97142857 0.97142857 1.         1.         0.97222222 0.91891892
 0.91891892 0.94444444 1.         1.         0.97058824 1.
 1.         0.94444444 0.97222222 1.        ]
Mean precision: 0.9776178615590381
Dev: 0.024954264619247223


