LR_RUS Cross-Validation Results precision:
 [0.83333333 0.875      0.94117647 0.85       0.94444444 1.
 0.82352941 1.         0.88235294 0.88888889 0.9375     0.9375
 1.         1.         0.80952381 0.88235294 0.88888889 0.94117647
 0.88235294 0.94117647 1.         0.88888889 1.         0.94444444
 1.         0.94444444 0.83333333 0.76190476 1.         0.88888889
 1.         0.88235294 0.88888889 0.94444444 0.84210526 1.
 0.88888889 0.88235294 0.78947368 0.88235294 1.         0.94117647
 0.88888889 1.         0.94117647 0.89473684 0.88235294 0.9375
 0.88235294 0.88888889 0.9375     0.88235294 0.84210526 0.94444444
 0.94117647 0.94444444 0.88888889 0.88888889 0.92857143 1.
 0.84210526 1.         0.84210526 0.94117647 1.         0.85
 0.8        1.         1.         0.9375     0.9375     1.
 1.         0.94444444 0.83333333 0.94117647 1.         0.94117647
 0.88888889 0.88888889 0.94117647 0.94117647 0.88888889 1.
 1.         0.88888889 0.84210526 0.9375     1.         0.82352941
 0.92307692 1.         1.         0.84210526 0.80952381 1.
 0.84210526 1.         1.         0.84210526]
Mean precision: 0.9208788539032347
Dev: 0.0632268134030313


LR_NM Cross-Validation Results precision:
 [0.84210526 0.94117647 1.         1.         0.94444444 1.
 0.88235294 1.         0.88235294 0.84210526 0.94117647 0.93333333
 1.         1.         0.85       0.88888889 0.83333333 0.94117647
 0.94117647 0.94117647 1.         0.9375     1.         1.
 1.         1.         0.84210526 0.76190476 1.         0.88235294
 1.         0.9375     1.         0.94117647 0.85       1.
 0.88888889 0.9375     0.83333333 0.875      1.         0.94117647
 0.88888889 1.         0.94444444 0.89473684 0.9375     1.
 0.88888889 0.94117647 0.9375     0.84210526 0.88235294 0.94444444
 0.94117647 0.94117647 0.88888889 1.         0.94117647 1.
 0.88888889 1.         0.82352941 0.94444444 1.         0.94444444
 0.76190476 1.         1.         1.         0.9375     0.88235294
 1.         0.94117647 0.85       0.94117647 0.9375     0.94117647
 0.88888889 0.94117647 1.         0.94117647 0.88235294 1.
 1.         0.89473684 0.84210526 0.88888889 1.         0.88235294
 0.84210526 1.         1.         0.89473684 0.80952381 1.
 1.         1.         0.94117647 0.875     ]
Mean precision: 0.9336600877192983
Dev: 0.061605961116263964


LR_CNN Cross-Validation Results precision:
 [0.57142857 0.66666667 1.         0.57142857 0.8        1.
 0.83333333 1.         0.5        0.6        0.75       0.75
 0.8        0.83333333 0.8        0.8        0.83333333 1.
 1.         0.57142857 0.6        0.66666667 1.         0.71428571
 0.71428571 0.66666667 1.         0.75       1.         0.8
 1.         0.75       0.66666667 0.71428571 0.8        1.
 1.         0.66666667 0.8        0.8        1.         0.66666667
 0.5        0.8        0.6        1.         0.66666667 1.
 1.         0.8        1.         1.         0.75       0.71428571
 0.66666667 0.71428571 1.         0.8        0.625      0.8
 0.8        1.         0.33333333 1.         0.71428571 0.8
 0.8        0.8        0.83333333 0.83333333 1.         0.57142857
 1.         1.         0.75       0.71428571 0.75       1.
 0.83333333 0.75       0.75       0.57142857 0.6        0.83333333
 0.83333333 0.5        1.         0.83333333 1.         0.71428571
 1.         0.66666667 1.         1.         0.8        1.
 0.75       0.71428571 0.57142857 0.57142857]
Mean precision: 0.7988690476190474
Dev: 0.15827544367787627


LR_TL Cross-Validation Results precision:
 [0.91428571 0.94285714 0.97058824 0.91428571 0.97058824 1.
 0.94444444 1.         0.94285714 0.94117647 0.86486486 0.96969697
 0.94285714 1.         0.91891892 1.         0.97058824 1.
 0.97058824 0.96969697 0.9375     0.94117647 0.97058824 0.94444444
 0.94285714 0.91891892 1.         0.97058824 0.94285714 0.94117647
 0.96774194 0.96969697 0.88888889 0.97142857 1.         0.94444444
 0.94444444 0.94444444 0.96969697 0.94285714 0.91666667 0.94117647
 0.97058824 1.         0.87179487 0.91666667 0.96969697 0.94444444
 0.97058824 1.         0.94117647 0.86842105 0.94117647 1.
 1.         1.         0.97142857 0.96969697 0.94285714 0.97058824
 0.96969697 0.97058824 0.97058824 1.         0.94285714 0.97058824
 0.97142857 0.94444444 0.84615385 1.         0.96969697 0.94285714
 1.         0.91891892 0.97058824 0.97142857 0.94117647 0.94444444
 0.94117647 1.         0.94285714 0.90909091 1.         0.94285714
 0.97142857 0.97058824 0.91891892 0.94444444 0.94285714 0.96969697
 1.         0.94117647 0.97058824 0.97058824 0.94444444 0.91666667
 0.94117647 0.91428571 0.94285714 1.        ]
Mean precision: 0.9555016854403275
Dev: 0.03263427468634802


DT_RUS Cross-Validation Results precision:
 [1.         1.         1.         1.         0.9375     1.
 0.88235294 0.94117647 1.         0.94117647 1.         1.
 0.9375     1.         1.         1.         1.         1.
 0.84210526 1.         1.         0.9375     0.94117647 0.94117647
 1.         1.         0.94117647 1.         1.         1.
 0.94117647 1.         1.         1.         0.85       0.94444444
 1.         0.94117647 1.         1.         1.         1.
 1.         0.94117647 1.         0.94444444 1.         0.94117647
 1.         0.9375     1.         1.         1.         1.
 1.         1.         0.88235294 1.         0.9375     1.
 1.         0.94117647 0.9375     0.94444444 0.94444444 1.
 1.         1.         1.         1.         1.         0.93333333
 1.         0.94444444 1.         1.         0.9375     1.
 0.94117647 1.         0.8        1.         1.         1.
 1.         1.         1.         0.94117647 1.         0.94117647
 1.         1.         1.         1.         0.94444444 1.
 1.         0.94117647 1.         0.9375    ]
Mean precision: 0.9753328173374614
Dev: 0.039613291747687934


DT_NM Cross-Validation Results precision:
 [1.         1.         1.         1.         1.         1.
 0.94117647 1.         1.         1.         1.         1.
 1.         1.         1.         1.         1.         1.
 0.94117647 1.         1.         1.         1.         1.
 1.         1.         0.94117647 1.         1.         1.
 1.         1.         1.         1.         1.         1.
 1.         0.94117647 1.         1.         1.         1.
 1.         1.         1.         0.94444444 1.         1.
 1.         1.         1.         1.         1.         1.
 0.94117647 1.         0.94117647 1.         1.         1.
 1.         1.         0.94117647 1.         1.         1.
 1.         1.         1.         1.         1.         1.
 1.         1.         1.         1.         1.         1.
 0.94117647 1.         1.         1.         1.         1.
 1.         1.         1.         1.         1.         0.94117647
 1.         1.         1.         1.         0.94444444 1.
 1.         1.         1.         1.        ]
Mean precision: 0.99359477124183
Dev: 0.018224163210922708


DT_CNN Cross-Validation Results precision:
 [1.         1.         1.         1.         1.         1.
 0.8        1.         1.         0.75       1.         1.
 1.         1.         1.         1.         1.         0.66666667
 1.         1.         1.         1.         1.         0.83333333
 1.         1.         1.         0.8        1.         1.
 1.         1.         0.8        1.         1.         1.
 1.         1.         1.         0.83333333 1.         0.8
 0.5        1.         0.75       1.         1.         1.
 1.         1.         1.         0.8        1.         1.
 1.         1.         0.83333333 1.         1.         1.
 1.         1.         0.         1.         1.         1.
 1.         1.         1.         0.71428571 1.         0.75
 1.         1.         1.         1.         1.         1.
 0.83333333 1.         1.         0.8        1.         1.
 1.         1.         1.         0.8        1.         0.75
 0.8        1.         1.         1.         1.         1.
 1.         0.83333333 0.83333333 1.        ]
Mean precision: 0.9428095238095238
Dev: 0.13610052807207104


DT_TL Cross-Validation Results precision:
 [1.         1.         1.         1.         1.         1.
 0.94444444 1.         1.         0.97058824 0.94285714 0.96969697
 1.         1.         1.         0.97142857 1.         1.
 1.         1.         0.94285714 1.         1.         1.
 1.         1.         1.         1.         1.         1.
 0.97058824 1.         0.97058824 1.         0.96875    1.
 1.         0.97142857 1.         1.         1.         1.
 1.         1.         0.97142857 0.97142857 1.         1.
 0.97058824 1.         0.97058824 1.         0.91666667 1.
 1.         1.         0.97142857 1.         1.         1.
 0.96969697 1.         1.         1.         1.         1.
 1.         1.         0.97058824 0.96774194 1.         0.96969697
 1.         0.97142857 0.97058824 1.         1.         1.
 1.         1.         1.         1.         1.         1.
 0.97058824 0.97142857 1.         1.         0.94285714 1.
 1.         1.         0.97058824 1.         0.97142857 0.97142857
 1.         1.         1.         1.        ]
Mean precision: 0.9901341664476152
Dev: 0.017319840490906787


RF_RUS Cross-Validation Results precision:
 [1.         1.         1.         1.         0.94117647 1.
 0.94117647 1.         1.         0.94117647 1.         1.
 0.94117647 1.         1.         1.         0.9375     1.
 0.88888889 1.         1.         0.9375     1.         1.
 1.         1.         0.88888889 1.         1.         1.
 0.88888889 1.         1.         1.         0.94444444 1.
 1.         0.94117647 1.         1.         1.         1.
 1.         0.94444444 1.         0.94444444 1.         1.
 1.         0.9375     1.         1.         1.         1.
 1.         1.         0.88235294 1.         0.88888889 1.
 1.         0.94117647 0.94117647 1.         0.94444444 1.
 0.94117647 1.         1.         1.         1.         1.
 1.         0.94444444 1.         1.         0.94117647 1.
 0.94117647 1.         1.         1.         1.         1.
 1.         1.         1.         1.         1.         0.94117647
 0.94117647 1.         1.         1.         0.94444444 1.
 1.         1.         1.         0.88888889]
Mean precision: 0.9810008169934642
Dev: 0.033351475212945306


RF_NM Cross-Validation Results precision:
 [1.         1.         1.         1.         1.         1.
 0.94117647 1.         0.94117647 0.94117647 1.         1.
 0.94117647 1.         1.         1.         1.         1.
 0.88888889 1.         1.         0.94117647 1.         1.
 1.         1.         0.94117647 1.         1.         1.
 0.84210526 1.         1.         1.         1.         1.
 1.         0.94117647 1.         1.         1.         1.
 1.         1.         1.         0.94444444 1.         1.
 1.         1.         1.         1.         1.         1.
 0.94117647 1.         0.94117647 1.         1.         1.
 1.         1.         0.94117647 1.         1.         1.
 1.         0.94117647 1.         1.         1.         1.
 0.94117647 0.94444444 1.         1.         1.         1.
 0.94117647 1.         0.94117647 1.         1.         1.
 1.         0.94444444 1.         1.         1.         0.94117647
 1.         1.         0.94117647 1.         0.94444444 1.
 1.         1.         1.         1.        ]
Mean precision: 0.9856759545923633
Dev: 0.029063310214501228


RF_CNN Cross-Validation Results precision:
 [1.         1.         1.         1.         0.71428571 1.
 0.8        1.         0.71428571 0.8        0.6        1.
 1.         1.         1.         1.         1.         0.8
 1.         0.83333333 1.         1.         1.         0.83333333
 1.         1.         0.8        0.8        1.         1.
 1.         1.         0.8        0.83333333 1.         1.
 1.         1.         1.         0.8        1.         0.8
 0.66666667 1.         0.83333333 1.         1.         1.
 0.8        1.         0.75       0.8        1.         1.
 1.         1.         0.8        1.         0.83333333 1.
 1.         1.         1.         0.75       1.         1.
 1.         1.         1.         0.8        0.8        0.66666667
 1.         1.         0.83333333 1.         1.         1.
 0.8        1.         1.         0.75       0.66666667 1.
 1.         1.         1.         0.8        0.8        1.
 1.         1.         1.         1.         1.         1.
 1.         0.83333333 0.83333333 1.        ]
Mean precision: 0.9274523809523809
Dev: 0.10862804236154487


RF_TL Cross-Validation Results precision:
 [1.         1.         1.         1.         0.97142857 1.
 0.97142857 1.         0.94285714 0.94285714 0.94285714 1.
 1.         0.97142857 0.97142857 0.97142857 1.         1.
 1.         1.         0.94285714 1.         1.         1.
 1.         1.         1.         1.         0.97058824 0.97058824
 0.97058824 1.         0.94285714 1.         0.97058824 1.
 1.         0.97142857 1.         1.         1.         1.
 1.         1.         0.97142857 0.97058824 1.         1.
 0.97058824 0.96969697 0.97058824 1.         0.91666667 1.
 1.         1.         0.97142857 1.         1.         0.97058824
 0.97058824 1.         1.         1.         0.97058824 1.
 1.         1.         0.97058824 0.96969697 1.         0.94285714
 1.         0.97142857 0.97142857 1.         1.         1.
 1.         1.         1.         1.         1.         1.
 0.97142857 0.97058824 1.         1.         0.94285714 1.
 1.         1.         0.97058824 1.         0.97142857 0.97142857
 1.         1.         0.97058824 1.        ]
Mean precision: 0.9867286732874967
Dev: 0.01916984477329898


XGB_RUS Cross-Validation Results precision:
 [1.         1.         1.         1.         0.9375     1.
 0.9375     1.         1.         0.94117647 1.         1.
 0.93333333 1.         1.         1.         1.         1.
 0.83333333 1.         0.88888889 0.9375     0.94117647 1.
 1.         1.         0.88888889 1.         1.         1.
 0.88888889 1.         1.         1.         0.94444444 1.
 1.         0.94117647 0.88235294 1.         1.         1.
 0.94117647 0.94117647 1.         0.94444444 1.         1.
 1.         0.9375     1.         1.         1.         1.
 1.         1.         0.82352941 1.         0.88235294 1.
 1.         0.94117647 0.9375     1.         0.94117647 1.
 0.94117647 1.         1.         1.         1.         1.
 1.         0.94444444 1.         0.94444444 0.9375     1.
 0.94117647 1.         0.94117647 1.         0.94117647 1.
 1.         1.         1.         0.9375     1.         0.94117647
 0.82352941 1.         1.         1.         0.94444444 1.
 1.         1.         1.         0.88235294]
Mean precision: 0.973062908496732
Dev: 0.04298873548760554


XGB_NM Cross-Validation Results precision:
 [1.         1.         1.         1.         1.         0.94444444
 0.94117647 1.         0.94117647 0.88888889 0.94117647 1.
 0.94117647 1.         1.         1.         1.         1.
 0.94117647 0.94117647 1.         1.         1.         1.
 1.         0.94444444 0.94117647 0.94117647 0.9375     1.
 1.         1.         1.         1.         1.         1.
 0.94117647 0.94117647 0.88888889 1.         1.         1.
 1.         0.94444444 1.         0.94444444 1.         1.
 1.         1.         1.         1.         0.94117647 1.
 0.88888889 1.         0.94117647 0.94117647 0.94117647 1.
 1.         0.94117647 0.94117647 0.94444444 0.94444444 1.
 0.88888889 1.         1.         1.         1.         1.
 1.         0.94444444 0.94444444 0.94444444 1.         1.
 0.88888889 1.         0.94117647 0.94117647 1.         1.
 1.         1.         0.94117647 0.94117647 1.         0.94117647
 1.         1.         1.         1.         0.88888889 1.
 0.94117647 1.         1.         0.9375    ]
Mean precision: 0.9741421568627451
Dev: 0.034485665740248125


XGB_CNN Cross-Validation Results precision:
 [1.         1.         1.         1.         0.83333333 0.8
 0.66666667 1.         1.         0.8        0.75       1.
 0.8        1.         1.         1.         1.         0.5
 0.83333333 0.71428571 1.         1.         1.         0.83333333
 1.         0.75       0.8        0.66666667 1.         0.6
 1.         1.         0.66666667 0.66666667 1.         1.
 0.83333333 0.83333333 1.         0.83333333 1.         0.8
 0.66666667 1.         0.8        1.         0.75       1.
 0.8        1.         0.75       0.8        1.         1.
 0.6        1.         1.         1.         0.83333333 0.75
 0.66666667 0.8        0.5        0.75       0.8        0.8
 1.         0.83333333 1.         0.66666667 0.66666667 0.66666667
 1.         1.         0.83333333 0.83333333 1.         0.83333333
 0.8        0.83333333 1.         0.6        0.66666667 1.
 0.83333333 1.         1.         0.75       0.66666667 0.75
 1.         0.75       1.         1.         0.8        0.8
 1.         0.8        0.71428571 1.        ]
Mean precision: 0.8614523809523809
Dev: 0.1403408124915687


XGB_TL Cross-Validation Results precision:
 [1.         1.         1.         1.         0.97142857 0.97058824
 0.94444444 1.         1.         0.91666667 0.94285714 1.
 0.97058824 1.         0.97058824 0.97142857 1.         1.
 1.         1.         0.94285714 1.         1.         0.94444444
 1.         1.         1.         1.         1.         0.97058824
 0.97058824 1.         0.96969697 1.         0.96875    1.
 1.         0.97142857 1.         0.97058824 1.         0.97058824
 1.         1.         0.97142857 0.91891892 1.         1.
 0.97058824 0.96969697 0.97058824 0.94285714 0.94285714 1.
 1.         1.         0.97142857 1.         1.         0.96969697
 0.97058824 1.         1.         1.         0.97058824 0.97142857
 1.         1.         0.97058824 0.96774194 0.94285714 0.94117647
 1.         0.91891892 0.97058824 1.         1.         1.
 1.         1.         1.         1.         1.         1.
 0.97142857 1.         1.         1.         0.94285714 1.
 1.         1.         0.97058824 1.         0.97142857 0.97142857
 0.97058824 0.97142857 1.         1.        ]
Mean precision: 0.9836040480939674
Dev: 0.021987700616851565


XGB_RF_RUS Cross-Validation Results precision:
 [0.9375     1.         1.         0.94444444 0.9375     0.94444444
 0.93333333 1.         0.9375     0.8        0.92307692 1.
 0.9375     1.         1.         1.         0.88235294 1.
 0.78947368 0.94117647 0.94117647 0.9375     0.94117647 1.
 1.         1.         0.88888889 0.88888889 0.94117647 1.
 0.94117647 1.         0.9375     1.         0.85       1.
 0.94117647 0.94117647 0.86666667 1.         1.         1.
 0.88888889 0.89473684 1.         0.89473684 1.         0.94117647
 1.         0.88235294 1.         1.         0.94117647 1.
 0.94444444 1.         0.875      0.94117647 1.         1.
 1.         0.94117647 0.9375     0.89473684 0.94117647 1.
 0.88888889 0.94117647 1.         1.         1.         1.
 1.         0.94444444 0.94444444 0.94444444 0.9375     1.
 0.88888889 0.94117647 0.88888889 0.88888889 0.94117647 1.
 1.         1.         0.94117647 0.875      1.         0.94117647
 0.875      1.         1.         1.         0.89473684 1.
 0.94117647 1.         1.         0.83333333]
Mean precision: 0.952946025508719
Dev: 0.05086067606995541


XGB_RF_NM Cross-Validation Results precision:
 [0.94117647 1.         1.         1.         1.         0.94444444
 0.94117647 1.         1.         0.88888889 0.9375     1.
 1.         1.         1.         1.         0.9375     1.
 0.94117647 0.94117647 1.         1.         1.         1.
 1.         1.         0.88235294 0.94117647 0.94117647 1.
 0.94117647 1.         1.         1.         1.         1.
 0.94117647 0.94117647 0.88235294 1.         1.         1.
 1.         0.89473684 1.         0.88888889 1.         1.
 1.         0.9375     1.         1.         0.9375     1.
 0.94117647 1.         0.94117647 0.94117647 0.94117647 1.
 1.         1.         0.93333333 0.94444444 0.94444444 1.
 0.88888889 1.         1.         1.         1.         1.
 1.         0.94444444 0.94444444 0.94117647 1.         1.
 0.88888889 1.         0.94117647 0.94117647 1.         1.
 1.         1.         0.9375     0.94117647 1.         0.9375
 1.         1.         1.         1.         0.88888889 1.
 0.94117647 1.         1.         0.9375    ]
Mean precision: 0.9726311919504644
Dev: 0.036754489957040656


XGB_RF_CNN Cross-Validation Results precision:
 [0.8        1.         1.         0.83333333 0.83333333 0.83333333
 0.6        1.         0.83333333 0.5        1.         1.
 0.8        1.         0.8        0.83333333 0.83333333 0.66666667
 0.83333333 0.71428571 1.         0.66666667 1.         0.83333333
 0.83333333 1.         1.         0.5        1.         0.6
 0.8        1.         0.5        1.         1.         1.
 0.83333333 0.83333333 0.75       0.71428571 1.         0.8
 0.6        0.8        0.66666667 0.83333333 0.75       1.
 0.83333333 0.83333333 1.         0.8        1.         0.83333333
 0.57142857 1.         1.         1.         0.625      0.83333333
 0.8        0.8        1.         1.         0.8        0.66666667
 0.83333333 1.         1.         0.66666667 0.66666667 0.5
 0.75       1.         0.71428571 0.83333333 1.         0.83333333
 0.8        1.         0.8        0.6        0.66666667 0.83333333
 1.         1.         1.         0.83333333 0.83333333 0.6
 0.8        0.8        1.         1.         0.8        0.71428571
 1.         0.66666667 0.83333333 0.71428571]
Mean precision: 0.8351785714285714
Dev: 0.14598387516568403


XGB_RF_TL Cross-Validation Results precision:
 [0.97058824 1.         1.         0.97058824 0.97142857 0.97058824
 0.94444444 0.97142857 0.97058824 0.91666667 0.91666667 1.
 1.         1.         0.94117647 0.94444444 1.         1.
 0.97058824 0.96969697 0.94285714 1.         1.         0.94444444
 1.         0.97142857 0.97142857 1.         0.96969697 0.94285714
 0.97058824 1.         0.94117647 1.         0.96969697 1.
 1.         0.94444444 1.         0.94285714 0.97058824 1.
 1.         1.         0.97142857 0.91666667 1.         0.97142857
 0.97058824 0.96969697 0.97058824 0.94285714 0.89189189 1.
 1.         1.         0.97142857 1.         1.         0.96875
 0.94285714 1.         1.         1.         0.97058824 1.
 1.         0.97142857 0.94285714 0.96875    0.97058824 0.91428571
 1.         0.89473684 1.         1.         1.         1.
 1.         1.         0.94285714 1.         1.         1.
 0.97142857 0.96969697 1.         0.97142857 0.94285714 0.97058824
 1.         1.         0.94117647 1.         0.97142857 0.97142857
 0.94285714 0.97058824 0.97058824 1.        ]
Mean precision: 0.9756929892328499
Dev: 0.026912838108332126


