LR_RUS Cross-Validation Results recall:
 [0.9375     0.875      1.         1.         1.         0.94117647
 0.875      1.         0.9375     1.         0.9375     0.9375
 1.         1.         1.         0.88235294 1.         1.
 0.9375     1.         1.         1.         1.         1.
 0.94117647 1.         0.9375     1.         0.875      1.
 1.         0.9375     1.         1.         0.94117647 0.94117647
 1.         0.9375     0.9375     0.9375     0.9375     1.
 1.         0.94117647 0.94117647 1.         0.9375     0.9375
 0.9375     1.         0.9375     0.9375     1.         1.
 0.94117647 1.         1.         1.         0.8125     1.
 1.         1.         1.         0.94117647 0.94117647 1.
 1.         0.9375     0.9375     0.9375     0.9375     0.8125
 1.         1.         0.88235294 0.94117647 1.         1.
 1.         1.         1.         1.         1.         0.94117647
 1.         0.94117647 1.         0.9375     0.9375     0.875
 0.75       0.9375     1.         0.94117647 1.         1.
 1.         1.         0.9375     1.        ]
Mean recall: 0.96375
Dev: 0.04799172948140041


LR_NM Cross-Validation Results recall:
 [1.         1.         0.9375     0.94117647 1.         1.
 0.9375     0.9375     0.9375     1.         1.         0.875
 0.875      1.         1.         0.94117647 0.9375     1.
 1.         1.         1.         0.9375     0.9375     0.94117647
 0.94117647 1.         1.         1.         1.         0.9375
 1.         0.9375     1.         0.94117647 1.         1.
 1.         0.9375     0.9375     0.875      0.9375     1.
 1.         0.94117647 1.         1.         0.9375     0.9375
 1.         1.         0.9375     1.         0.9375     1.
 0.94117647 0.94117647 1.         0.875      1.         1.
 1.         1.         0.875      1.         1.         1.
 1.         1.         0.9375     0.875      0.9375     0.9375
 0.9375     0.94117647 1.         0.94117647 0.9375     1.
 1.         1.         1.         1.         0.9375     0.94117647
 1.         1.         1.         1.         0.875      0.9375
 1.         0.9375     1.         1.         1.         1.
 0.9375     0.875      1.         0.875     ]
Mean recall: 0.9666544117647059
Dev: 0.04063873869367081


LR_CNN Cross-Validation Results recall:
 [1.   1.   1.   0.8  0.8  0.8  1.   0.8  0.6  0.6  0.75 0.75 1.   1.
 0.8  0.8  1.   0.4  0.6  0.8  0.75 1.   0.75 1.   1.   0.4  0.8  0.6
 0.8  0.8  0.5  0.75 1.   1.   0.8  0.8  1.   0.8  0.8  0.8  1.   1.
 0.75 0.8  0.6  1.   0.8  0.8  0.8  0.8  0.75 1.   0.75 1.   0.8  1.
 0.6  0.8  1.   0.8  1.   0.75 0.25 0.8  1.   0.8  0.8  0.8  1.   1.
 1.   1.   0.75 0.4  0.6  1.   0.6  0.6  1.   0.6  0.75 1.   0.75 1.
 1.   0.2  0.8  1.   0.8  1.   1.   0.5  0.75 0.8  0.8  1.   0.6  1.
 0.8  0.8 ]
Mean recall: 0.8139999999999997
Dev: 0.17931536465122


LR_TL Cross-Validation Results recall:
 [0.96969697 1.         1.         0.94117647 0.97058824 0.94117647
 1.         1.         1.         0.96969697 0.96969697 0.96969697
 1.         1.         1.         0.97058824 0.97058824 0.97058824
 1.         0.96969697 0.90909091 0.96969697 1.         1.
 0.97058824 1.         1.         0.97058824 1.         0.96969697
 0.90909091 0.96969697 0.96969697 1.         0.97058824 1.
 1.         1.         0.96969697 1.         1.         0.96969697
 1.         0.94117647 1.         0.97058824 0.94117647 1.
 1.         0.96969697 0.96969697 1.         0.96969697 0.97058824
 1.         0.94117647 1.         0.94117647 1.         1.
 0.96969697 1.         1.         1.         0.97058824 0.97058824
 1.         1.         1.         0.87878788 0.96969697 1.
 0.96969697 1.         0.97058824 1.         0.94117647 1.
 0.96969697 0.96969697 1.         0.90909091 1.         0.97058824
 1.         0.97058824 1.         1.         1.         0.96969697
 1.         0.96969697 1.         0.97058824 1.         0.97058824
 0.94117647 0.94117647 1.         0.96969697]
Mean recall: 0.9793939393939394
Dev: 0.024941834846776548


DT_RUS Cross-Validation Results recall:
 [0.9375     1.         1.         1.         0.88235294 1.
 0.9375     1.         0.9375     1.         0.9375     1.
 0.9375     0.94117647 1.         1.         1.         1.
 1.         1.         1.         0.9375     1.         0.94117647
 1.         1.         1.         1.         1.         1.
 1.         1.         0.9375     1.         1.         1.
 1.         1.         0.875      1.         1.         0.9375
 1.         0.94117647 1.         1.         1.         1.
 1.         0.9375     1.         1.         1.         1.
 1.         0.94117647 0.9375     1.         0.9375     1.
 1.         1.         0.9375     1.         1.         0.94117647
 1.         1.         0.9375     1.         1.         0.875
 1.         1.         1.         1.         0.9375     1.
 1.         1.         1.         1.         1.         0.94117647
 1.         0.94117647 1.         1.         0.9375     1.
 1.         1.         1.         1.         1.         0.94117647
 1.         1.         1.         0.9375    ]
Mean recall: 0.9816176470588236
Dev: 0.03185614562122716


DT_NM Cross-Validation Results recall:
 [1.         1.         1.         1.         1.         1.
 1.         1.         1.         1.         1.         1.
 1.         1.         1.         1.         1.         1.
 1.         1.         1.         1.         1.         1.
 1.         1.         1.         1.         1.         1.
 1.         1.         1.         1.         1.         1.
 1.         1.         1.         1.         1.         1.
 1.         1.         1.         1.         1.         1.
 1.         1.         1.         1.         1.         1.
 0.94117647 1.         1.         1.         1.         1.
 1.         1.         1.         1.         1.         1.
 1.         1.         1.         1.         1.         1.
 1.         1.         1.         1.         1.         1.
 1.         1.         1.         1.         0.875      1.
 1.         1.         1.         1.         1.         1.
 1.         1.         1.         1.         1.         1.
 1.         1.         1.         1.        ]
Mean recall: 0.9981617647058824
Dev: 0.013692076801129464


DT_CNN Cross-Validation Results recall:
 [1.   1.   1.   0.6  1.   1.   0.8  1.   0.8  0.6  0.75 0.75 1.   1.
 0.8  1.   1.   0.8  0.8  0.4  0.75 1.   1.   1.   1.   0.6  1.   0.8
 0.8  0.4  0.75 0.5  1.   1.   0.6  0.8  0.8  1.   0.6  1.   1.   1.
 0.5  0.8  0.6  1.   1.   1.   0.8  0.6  0.5  1.   1.   0.8  0.8  0.8
 1.   1.   1.   1.   1.   1.   0.   1.   1.   1.   0.8  0.8  0.6  1.
 1.   0.75 1.   0.2  0.8  1.   0.4  1.   1.   1.   1.   1.   0.5  1.
 1.   0.6  0.8  0.8  0.8  0.6  1.   0.75 0.75 0.6  1.   1.   0.8  1.
 1.   1.  ]
Mean recall: 0.8405
Dev: 0.20526750838844418


DT_TL Cross-Validation Results recall:
 [1.         1.         0.96969697 1.         1.         1.
 1.         1.         1.         1.         1.         0.96969697
 0.96969697 1.         0.97058824 1.         1.         0.97058824
 1.         1.         1.         0.96969697 1.         0.97058824
 1.         1.         0.94117647 1.         1.         1.
 1.         1.         1.         0.97058824 0.91176471 1.
 1.         1.         0.96969697 1.         1.         1.
 0.96969697 1.         1.         1.         0.97058824 1.
 1.         0.96969697 1.         1.         1.         1.
 0.97058824 0.94117647 1.         1.         1.         1.
 0.96969697 1.         1.         1.         0.97058824 1.
 1.         1.         1.         0.90909091 1.         0.96969697
 1.         1.         0.97058824 1.         1.         0.97058824
 1.         1.         1.         0.96969697 1.         1.
 0.97058824 1.         1.         1.         1.         1.
 1.         1.         1.         0.97058824 1.         1.
 1.         0.97058824 0.96969697 1.        ]
Mean recall: 0.9901693404634583
Dev: 0.01838145571191212


RF_RUS Cross-Validation Results recall:
 [0.9375     0.9375     1.         1.         0.94117647 1.
 1.         1.         1.         1.         1.         1.
 1.         0.94117647 1.         1.         0.9375     1.
 1.         1.         1.         0.9375     1.         1.
 1.         0.94117647 1.         1.         0.9375     1.
 1.         1.         0.9375     1.         1.         1.
 1.         1.         0.9375     1.         1.         0.9375
 1.         1.         1.         1.         0.875      1.
 1.         0.9375     1.         1.         1.         1.
 1.         1.         0.9375     1.         1.         1.
 1.         1.         1.         1.         1.         0.94117647
 1.         1.         1.         0.9375     1.         0.8125
 1.         1.         1.         1.         1.         1.
 1.         1.         1.         1.         1.         0.94117647
 1.         0.94117647 1.         1.         0.9375     1.
 1.         1.         1.         1.         1.         0.94117647
 1.         1.         1.         1.        ]
Mean recall: 0.9852573529411766
Dev: 0.03164540078069694


RF_NM Cross-Validation Results recall:
 [1.         1.         1.         1.         1.         1.
 1.         0.9375     1.         1.         1.         1.
 1.         1.         1.         0.94117647 1.         1.
 1.         1.         1.         1.         0.9375     1.
 1.         1.         1.         1.         1.         1.
 1.         0.9375     1.         1.         1.         1.
 1.         1.         1.         1.         1.         1.
 1.         1.         1.         1.         1.         0.9375
 1.         1.         1.         1.         1.         1.
 0.94117647 1.         1.         1.         1.         1.
 1.         1.         1.         1.         1.         1.
 1.         1.         1.         0.9375     0.9375     1.
 1.         1.         1.         1.         1.         1.
 1.         1.         1.         1.         0.9375     1.
 1.         1.         1.         1.         1.         1.
 1.         1.         1.         1.         1.         1.
 1.         1.         1.         0.9375    ]
Mean recall: 0.9938235294117647
Dev: 0.01853524651365067


RF_CNN Cross-Validation Results recall:
 [1.   1.   0.75 0.8  1.   0.6  0.8  1.   1.   0.8  0.75 1.   1.   0.8
 1.   1.   1.   0.8  0.6  1.   1.   1.   1.   1.   1.   0.6  0.8  0.8
 0.8  0.4  1.   0.75 1.   1.   0.8  0.8  0.8  1.   0.6  0.8  1.   1.
 0.5  0.6  1.   1.   0.8  1.   0.8  0.8  0.75 1.   1.   0.6  0.8  1.
 0.8  0.8  1.   0.8  0.75 1.   1.   0.6  1.   1.   1.   1.   0.8  0.8
 1.   0.5  1.   1.   1.   1.   0.2  1.   0.8  1.   0.75 0.75 1.   1.
 1.   0.8  0.8  0.8  0.8  0.8  0.5  1.   0.75 0.8  0.6  1.   1.   1.
 1.   1.  ]
Mean recall: 0.863
Dev: 0.16652627420320193


RF_TL Cross-Validation Results recall:
 [1.         1.         1.         0.97058824 1.         1.
 1.         1.         1.         1.         1.         1.
 1.         1.         1.         1.         1.         1.
 1.         1.         1.         0.96969697 1.         1.
 0.97058824 1.         1.         1.         1.         1.
 1.         1.         1.         1.         0.97058824 1.
 1.         1.         1.         1.         1.         1.
 1.         1.         1.         0.97058824 1.         1.
 1.         0.96969697 1.         1.         1.         1.
 1.         1.         1.         0.97058824 1.         1.
 1.         1.         1.         1.         0.97058824 1.
 1.         1.         1.         0.96969697 1.         1.
 1.         1.         1.         1.         1.         1.
 1.         1.         1.         1.         1.         1.
 1.         0.97058824 1.         1.         1.         1.
 1.         1.         1.         1.         1.         1.
 1.         1.         1.         1.        ]
Mean recall: 0.9970320855614975
Dev: 0.008904680031877148


XGB_RUS Cross-Validation Results recall:
 [0.9375     0.9375     1.         1.         0.88235294 1.
 0.9375     1.         0.875      1.         0.875      1.
 0.875      0.94117647 1.         0.94117647 0.9375     1.
 0.9375     1.         1.         0.9375     1.         0.94117647
 1.         0.94117647 1.         1.         0.9375     1.
 1.         0.9375     0.9375     1.         1.         0.94117647
 1.         1.         0.9375     1.         1.         0.9375
 1.         0.94117647 1.         1.         0.9375     1.
 0.9375     0.9375     1.         1.         1.         1.
 0.94117647 0.94117647 0.875      1.         0.9375     1.
 1.         1.         0.9375     1.         0.94117647 0.82352941
 1.         1.         0.9375     0.875      1.         0.8125
 1.         1.         0.94117647 1.         0.9375     1.
 1.         1.         1.         1.         1.         0.94117647
 1.         0.88235294 1.         0.9375     0.9375     1.
 0.875      0.9375     1.         1.         1.         0.94117647
 1.         1.         1.         0.9375    ]
Mean recall: 0.9656985294117646
Dev: 0.044444423982057474


XGB_NM Cross-Validation Results recall:
 [1.         0.9375     1.         1.         1.         1.
 1.         0.875      1.         1.         1.         1.
 1.         1.         1.         0.94117647 1.         1.
 1.         1.         0.9375     1.         0.9375     1.
 1.         1.         1.         1.         0.9375     1.
 1.         0.9375     1.         1.         1.         1.
 1.         1.         1.         1.         1.         1.
 0.9375     1.         1.         1.         1.         0.9375
 1.         0.9375     1.         1.         1.         1.
 0.94117647 1.         1.         1.         1.         1.
 0.9375     1.         1.         1.         1.         1.
 1.         1.         1.         0.9375     0.9375     1.
 1.         1.         1.         1.         1.         1.
 1.         1.         1.         1.         0.875      1.
 1.         1.         1.         1.         1.         1.
 1.         1.         1.         1.         0.94117647 1.
 1.         1.         1.         0.9375    ]
Mean recall: 0.9882352941176471
Dev: 0.027324859082444187


XGB_CNN Cross-Validation Results recall:
 [0.75 0.75 0.75 0.6  1.   0.8  0.8  0.8  0.8  0.8  0.75 1.   1.   0.4
 0.8  1.   1.   0.4  1.   1.   1.   0.75 1.   1.   0.8  0.6  0.8  0.8
 0.8  0.6  0.5  0.5  1.   0.8  0.8  0.8  1.   1.   0.6  1.   0.75 1.
 0.5  0.6  0.8  1.   0.6  0.8  0.8  0.8  0.75 1.   1.   0.8  0.6  0.6
 0.4  0.8  1.   0.6  1.   1.   0.25 0.6  0.8  0.8  1.   1.   0.8  0.8
 1.   0.5  0.75 0.4  1.   1.   0.4  1.   0.8  1.   0.75 0.75 1.   1.
 1.   0.8  0.8  0.6  0.8  0.6  0.75 0.75 0.75 0.8  0.8  0.8  0.8  0.8
 1.   1.  ]
Mean recall: 0.7979999999999999
Dev: 0.1815103302845323


XGB_TL Cross-Validation Results recall:
 [1.         1.         1.         0.97058824 1.         0.97058824
 1.         1.         1.         1.         1.         1.
 1.         1.         0.97058824 1.         1.         0.97058824
 1.         0.96969697 1.         1.         1.         1.
 0.97058824 1.         1.         1.         0.96969697 1.
 1.         1.         0.96969697 0.97058824 0.91176471 1.
 1.         1.         1.         1.         1.         1.
 0.96969697 1.         1.         1.         1.         1.
 1.         0.96969697 1.         1.         1.         1.
 0.94117647 0.97058824 1.         1.         1.         0.96969697
 1.         1.         1.         1.         0.97058824 1.
 1.         1.         1.         0.90909091 1.         0.96969697
 1.         1.         0.97058824 1.         1.         1.
 0.96969697 1.         1.         0.96969697 1.         1.
 1.         0.94117647 1.         1.         1.         1.
 1.         1.         1.         1.         1.         1.
 0.97058824 1.         1.         0.96969697]
Mean recall: 0.991060606060606
Dev: 0.018114172420813715


XGB_RF_RUS Cross-Validation Results recall:
 [0.9375     1.         1.         1.         0.88235294 1.
 0.875      1.         0.9375     1.         0.75       1.
 0.9375     0.94117647 1.         1.         0.9375     1.
 0.9375     1.         1.         0.9375     1.         0.94117647
 1.         0.88235294 1.         1.         1.         1.
 1.         1.         0.9375     1.         1.         0.94117647
 1.         1.         0.8125     1.         1.         0.9375
 1.         1.         1.         1.         0.9375     1.
 1.         0.9375     1.         1.         1.         1.
 1.         1.         0.875      1.         0.8125     1.
 1.         1.         0.9375     1.         0.94117647 0.94117647
 1.         1.         0.9375     1.         1.         0.8125
 1.         1.         1.         1.         0.9375     1.
 1.         1.         1.         1.         1.         0.94117647
 1.         0.94117647 1.         0.875      0.9375     1.
 0.875      1.         0.9375     1.         1.         0.94117647
 1.         1.         1.         0.9375    ]
Mean recall: 0.9698161764705883
Dev: 0.05071742812030602


XGB_RF_NM Cross-Validation Results recall:
 [1.         0.875      0.9375     1.         1.         1.
 1.         0.875      1.         1.         0.9375     1.
 1.         1.         1.         0.88235294 0.9375     1.
 1.         1.         0.9375     0.9375     0.9375     1.
 1.         0.94117647 0.9375     1.         1.         1.
 1.         0.9375     0.9375     0.94117647 1.         0.94117647
 1.         1.         0.9375     1.         1.         1.
 0.9375     1.         1.         0.94117647 1.         0.9375
 1.         0.9375     1.         1.         0.9375     1.
 0.94117647 0.94117647 1.         1.         1.         1.
 0.9375     0.9375     0.875      1.         1.         1.
 1.         1.         1.         0.9375     0.9375     1.
 1.         1.         1.         0.94117647 1.         1.
 1.         0.875      1.         1.         0.875      0.94117647
 1.         1.         0.9375     1.         1.         0.9375
 1.         1.         0.9375     1.         0.94117647 0.94117647
 1.         0.9375     1.         0.9375    ]
Mean recall: 0.9723161764705882
Dev: 0.037386126845881384


XGB_RF_CNN Cross-Validation Results recall:
 [1.   0.75 0.75 1.   1.   1.   0.6  1.   1.   0.8  1.   0.75 1.   0.6
 0.8  1.   1.   0.8  1.   1.   1.   1.   1.   1.   1.   0.8  1.   0.6
 0.8  0.6  1.   1.   1.   0.8  0.8  0.8  1.   1.   0.6  1.   0.75 1.
 0.75 0.8  0.8  1.   0.6  0.8  1.   1.   0.75 1.   1.   1.   0.8  0.8
 0.2  1.   1.   1.   1.   1.   0.75 0.8  0.8  0.8  1.   0.8  1.   0.8
 1.   0.75 0.75 1.   1.   1.   0.4  1.   0.8  1.   1.   0.75 1.   1.
 1.   0.8  0.8  1.   1.   0.6  1.   1.   1.   0.8  0.8  1.   1.   0.8
 1.   1.  ]
Mean recall: 0.885
Dev: 0.1543534904043313


XGB_RF_TL Cross-Validation Results recall:
 [1.         0.96969697 1.         0.97058824 1.         0.97058824
 1.         1.         1.         1.         1.         0.96969697
 1.         1.         0.94117647 1.         1.         1.
 1.         0.96969697 1.         1.         1.         1.
 0.97058824 1.         1.         1.         0.96969697 1.
 1.         1.         0.96969697 0.97058824 0.94117647 1.
 0.97058824 1.         1.         1.         1.         1.
 0.96969697 1.         1.         0.97058824 1.         1.
 1.         0.96969697 1.         1.         1.         1.
 0.97058824 1.         1.         1.         1.         0.93939394
 1.         1.         1.         1.         0.97058824 1.
 1.         1.         1.         0.93939394 1.         0.96969697
 1.         1.         0.97058824 1.         1.         1.
 0.96969697 1.         1.         1.         1.         1.
 1.         0.94117647 1.         1.         1.         1.
 1.         1.         0.96969697 1.         1.         1.
 0.97058824 0.97058824 1.         0.96969697]
Mean recall: 0.9904545454545454
Dev: 0.01680232804972974


