LR_RUS Cross-Validation Results recall:
 [1.         0.9375     0.9375     1.         0.875      1.
 1.         0.93333333 1.         0.9375     0.9375     0.9375
 0.9375     1.         0.9375     0.9375     0.93333333 1.
 1.         1.         1.         0.9375     1.         0.875
 1.         0.9375     0.93333333 0.86666667 0.9375     0.9375
 1.         1.         0.875      1.         0.9375     1.
 1.         0.93333333 1.         0.9375     1.         0.9375
 0.9375     0.9375     0.9375     1.         0.86666667 1.
 1.         1.         0.9375     0.9375     1.         1.
 1.         1.         0.93333333 0.93333333 0.9375     0.9375
 1.         0.9375     0.9375     1.         1.         0.8125
 1.         1.         0.9375     1.         0.9375     0.9375
 0.9375     1.         0.9375     1.         0.93333333 1.
 1.         0.9375     1.         1.         1.         1.
 0.9375     1.         0.93333333 1.         1.         0.875
 0.9375     1.         0.9375     1.         1.         1.
 0.93333333 0.8        1.         1.        ]
Mean recall: 0.9618333333333333
Dev: 0.04432252374483103


LR_NM Cross-Validation Results recall:
 [1.         1.         0.9375     0.9375     1.         0.9375
 1.         1.         0.9375     1.         0.9375     0.9375
 1.         1.         1.         1.         0.8        1.
 1.         1.         1.         0.875      1.         1.
 1.         1.         0.93333333 1.         0.9375     0.9375
 1.         1.         1.         1.         1.         0.9375
 0.93333333 0.93333333 1.         0.875      1.         1.
 0.9375     1.         1.         0.9375     1.         0.93333333
 1.         1.         0.9375     1.         1.         1.
 1.         1.         1.         0.93333333 0.9375     0.9375
 1.         1.         1.         1.         0.875      0.9375
 1.         0.93333333 1.         1.         1.         0.9375
 1.         0.875      1.         1.         1.         1.
 1.         1.         0.875      1.         1.         0.9375
 0.9375     1.         1.         1.         1.         1.
 1.         1.         1.         1.         0.8125     1.
 1.         1.         0.9375     1.        ]
Mean recall: 0.9740000000000001
Dev: 0.04319336368780123


LR_CNN Cross-Validation Results recall:
 [0.8  1.   0.5  0.5  0.5  0.5  0.5  1.   1.   1.   0.8  0.75 1.   1.
 1.   1.   0.75 0.75 0.6  0.6  0.8  1.   0.75 0.75 1.   0.75 1.   0.75
 1.   0.6  1.   1.   0.75 0.5  1.   0.75 1.   1.   0.8  0.6  0.8  1.
 1.   0.75 0.75 0.75 0.75 0.   0.8  0.8  1.   0.75 1.   0.75 0.75 0.75
 1.   0.5  0.4  0.6  1.   0.5  0.75 0.75 0.5  0.75 1.   0.75 0.6  0.8
 1.   0.75 0.75 0.75 1.   0.75 0.75 1.   0.6  0.8  1.   0.75 1.   1.
 0.75 1.   0.5  0.75 0.8  1.   0.8  0.5  0.5  0.75 1.   1.   0.75 1.
 1.   0.8 ]
Mean recall: 0.7944999999999999
Dev: 0.19168920157379757


LR_TL Cross-Validation Results recall:
 [0.97058824 0.97058824 1.         0.94117647 0.97058824 1.
 0.91176471 1.         1.         0.97058824 0.97058824 1.
 1.         0.97058824 0.94117647 1.         0.91176471 1.
 0.97142857 0.97058824 0.97058824 1.         0.97058824 0.97058824
 0.94117647 1.         1.         0.97058824 1.         1.
 1.         0.97058824 0.91176471 1.         1.         0.97058824
 0.97058824 1.         1.         0.97058824 1.         0.94117647
 0.97058824 1.         0.94117647 0.97058824 1.         0.97058824
 1.         1.         0.97058824 1.         0.97058824 1.
 1.         1.         0.91176471 0.97058824 1.         1.
 0.97058824 1.         0.97058824 0.91176471 1.         1.
 0.97058824 0.97058824 0.97142857 1.         0.97058824 0.97058824
 0.97058824 1.         0.97058824 0.97058824 0.97058824 1.
 1.         0.97058824 1.         0.97058824 1.         1.
 0.94117647 0.97058824 1.         0.91176471 0.97142857 1.
 1.         0.97058824 0.94117647 0.97058824 0.97058824 1.
 0.97058824 0.97058824 0.94285714 1.        ]
Mean recall: 0.977689075630252
Dev: 0.024618657836657398


DT_RUS Cross-Validation Results recall:
 [0.9375     1.         1.         1.         0.9375     1.
 1.         1.         0.9375     0.875      1.         1.
 0.875      1.         1.         0.9375     0.93333333 1.
 1.         1.         1.         1.         0.9375     1.
 1.         1.         0.93333333 0.93333333 1.         1.
 1.         0.9375     1.         1.         1.         1.
 1.         1.         1.         1.         1.         1.
 1.         0.9375     1.         1.         0.93333333 1.
 0.9375     1.         0.9375     0.9375     0.9375     1.
 1.         0.9375     1.         1.         0.9375     1.
 0.9375     0.9375     1.         0.9375     0.9375     0.9375
 1.         1.         1.         1.         1.         0.875
 0.9375     1.         1.         1.         0.93333333 0.93333333
 1.         1.         1.         1.         1.         0.875
 0.9375     1.         1.         0.93333333 1.         0.875
 0.9375     1.         1.         1.         1.         0.9375
 0.93333333 0.86666667 0.9375     1.        ]
Mean recall: 0.9727083333333333
Dev: 0.038316912243667144


DT_NM Cross-Validation Results recall:
 [1.         1.         1.         0.9375     1.         1.
 1.         1.         1.         1.         1.         1.
 1.         1.         1.         1.         0.93333333 1.
 1.         1.         1.         0.875      1.         1.
 1.         1.         1.         1.         1.         1.
 1.         1.         1.         1.         1.         1.
 1.         1.         1.         0.9375     1.         1.
 1.         1.         1.         1.         1.         0.86666667
 1.         1.         1.         1.         1.         1.
 1.         1.         1.         1.         1.         0.9375
 1.         1.         1.         1.         0.875      1.
 1.         1.         1.         1.         1.         1.
 1.         0.9375     1.         1.         1.         1.
 1.         1.         1.         1.         1.         1.
 0.9375     1.         1.         1.         1.         1.
 1.         1.         1.         1.         1.         1.
 1.         1.         1.         1.        ]
Mean recall: 0.9923750000000001
Dev: 0.0259209200689756


DT_CNN Cross-Validation Results recall:
 [0.8  1.   0.5  1.   0.75 0.75 1.   1.   1.   0.8  1.   0.75 0.75 0.75
 1.   1.   1.   0.75 0.8  0.8  1.   0.75 1.   0.75 0.5  0.75 1.   0.75
 1.   1.   0.8  1.   1.   1.   0.75 1.   0.75 1.   0.8  0.8  1.   1.
 0.5  0.5  0.75 1.   1.   1.   1.   0.8  1.   0.5  1.   0.75 1.   1.
 0.75 1.   1.   0.8  1.   1.   0.75 0.75 0.75 1.   1.   0.75 0.6  1.
 0.8  1.   1.   0.5  0.75 1.   0.75 1.   0.8  1.   0.8  0.75 0.5  0.75
 1.   1.   1.   1.   0.8  1.   0.6  1.   0.5  1.   0.75 0.75 0.75 1.
 1.   1.  ]
Mean recall: 0.861
Dev: 0.15915087181665075


DT_TL Cross-Validation Results recall:
 [1.         1.         1.         1.         1.         0.97058824
 0.97058824 1.         0.97142857 1.         1.         1.
 0.97058824 1.         0.97058824 1.         1.         1.
 1.         0.94117647 1.         1.         1.         1.
 0.94117647 1.         1.         0.97058824 1.         1.
 1.         1.         0.97058824 1.         1.         1.
 0.94117647 1.         1.         1.         1.         1.
 0.97058824 0.97058824 1.         1.         1.         0.97058824
 1.         1.         1.         1.         1.         1.
 0.97058824 0.97058824 0.97058824 0.97058824 1.         1.
 0.97058824 1.         1.         0.94117647 1.         1.
 1.         1.         1.         1.         1.         1.
 1.         1.         0.94117647 1.         1.         1.
 0.94285714 1.         1.         1.         1.         0.97058824
 1.         1.         0.97058824 0.82352941 1.         1.
 0.97058824 1.         1.         1.         0.94117647 0.94117647
 1.         1.         1.         1.        ]
Mean recall: 0.9882605042016805
Dev: 0.02457015682600229


RF_RUS Cross-Validation Results recall:
 [1.         1.         1.         1.         0.9375     1.
 1.         1.         0.9375     0.875      0.9375     1.
 0.875      1.         1.         1.         1.         1.
 1.         1.         1.         1.         0.9375     1.
 1.         1.         1.         0.93333333 1.         1.
 1.         0.9375     1.         1.         1.         0.9375
 1.         1.         1.         1.         1.         1.
 1.         1.         1.         1.         0.93333333 1.
 1.         1.         0.9375     0.9375     0.9375     1.
 1.         1.         1.         1.         1.         1.
 1.         1.         1.         0.9375     1.         0.875
 1.         1.         1.         1.         1.         1.
 0.9375     0.9375     1.         1.         0.93333333 0.93333333
 1.         1.         1.         1.         1.         0.9375
 0.9375     1.         1.         1.         1.         0.9375
 0.9375     1.         1.         1.         1.         0.9375
 1.         0.93333333 0.9375     1.        ]
Mean recall: 0.9816666666666667
Dev: 0.03252669843545623


RF_NM Cross-Validation Results recall:
 [1.         1.         1.         0.9375     1.         1.
 1.         1.         1.         1.         1.         1.
 1.         1.         1.         1.         0.93333333 1.
 1.         1.         1.         0.9375     1.         1.
 1.         1.         1.         1.         1.         1.
 1.         1.         1.         1.         1.         0.9375
 1.         1.         1.         0.9375     1.         1.
 1.         1.         1.         1.         1.         0.93333333
 1.         1.         1.         1.         1.         1.
 1.         1.         1.         1.         1.         0.9375
 1.         1.         1.         1.         0.875      1.
 1.         1.         1.         1.         1.         0.9375
 1.         0.9375     1.         1.         1.         1.
 1.         1.         1.         1.         1.         1.
 0.9375     1.         1.         1.         1.         1.
 1.         1.         1.         1.         0.875      1.
 1.         1.         1.         1.        ]
Mean recall: 0.9911666666666668
Dev: 0.02521628662414653


RF_CNN Cross-Validation Results recall:
 [1.   1.   0.75 1.   0.75 1.   0.75 0.75 1.   1.   1.   0.75 0.5  1.
 1.   1.   0.75 1.   0.8  1.   1.   1.   0.75 0.75 0.5  1.   1.   1.
 1.   1.   0.8  0.75 1.   0.75 1.   0.75 0.75 0.75 0.8  1.   1.   1.
 0.75 1.   0.75 1.   1.   0.75 0.8  0.6  1.   0.75 1.   0.5  1.   1.
 0.75 1.   0.8  0.8  0.8  1.   0.75 1.   0.75 0.75 1.   1.   0.4  0.8
 1.   1.   1.   0.75 0.75 1.   0.75 1.   0.8  0.8  0.8  0.75 0.75 1.
 0.5  1.   1.   1.   1.   1.   0.8  1.   0.75 1.   1.   0.75 0.75 1.
 0.8  0.8 ]
Mean recall: 0.8695
Dev: 0.14796874670010554


RF_TL Cross-Validation Results recall:
 [1.         1.         1.         1.         1.         1.
 1.         1.         0.97142857 1.         1.         1.
 1.         1.         0.97058824 1.         1.         1.
 1.         1.         1.         1.         1.         1.
 0.94117647 1.         1.         0.97058824 1.         1.
 1.         1.         1.         1.         1.         1.
 0.97058824 1.         1.         1.         1.         1.
 1.         1.         1.         1.         1.         1.
 1.         1.         1.         1.         1.         1.
 1.         0.97058824 1.         1.         1.         1.
 1.         1.         1.         1.         1.         1.
 1.         1.         1.         1.         1.         1.
 1.         1.         0.97058824 1.         1.         1.
 1.         1.         1.         1.         1.         1.
 1.         1.         0.97058824 0.97058824 1.         1.
 1.         1.         1.         1.         1.         0.94117647
 1.         1.         1.         1.        ]
Mean recall: 0.9964789915966387
Dev: 0.011203729316469109


XGB_RUS Cross-Validation Results recall:
 [1.         1.         1.         1.         0.9375     1.
 1.         1.         0.9375     0.875      1.         1.
 0.875      1.         1.         1.         0.93333333 1.
 1.         1.         1.         1.         0.9375     1.
 1.         1.         0.93333333 0.93333333 1.         1.
 1.         0.9375     1.         1.         1.         0.9375
 1.         1.         1.         1.         1.         0.9375
 0.9375     1.         1.         1.         0.93333333 1.
 0.9375     1.         0.875      0.9375     0.9375     1.
 1.         1.         1.         1.         1.         1.
 0.9375     1.         1.         0.9375     0.9375     0.9375
 1.         1.         1.         1.         1.         0.9375
 0.9375     1.         1.         1.         1.         0.93333333
 1.         0.9375     1.         1.         1.         0.875
 0.9375     1.         1.         0.93333333 1.         0.9375
 0.875      1.         1.         1.         0.9375     0.9375
 1.         1.         0.9375     1.        ]
Mean recall: 0.976
Dev: 0.036486869784439796


XGB_NM Cross-Validation Results recall:
 [1.         0.9375     1.         0.9375     1.         1.
 1.         1.         1.         1.         0.9375     1.
 1.         1.         1.         1.         0.86666667 1.
 1.         1.         1.         0.875      1.         1.
 1.         1.         1.         1.         1.         1.
 1.         1.         1.         0.875      1.         1.
 1.         1.         1.         0.9375     1.         1.
 1.         1.         1.         1.         1.         0.86666667
 1.         1.         0.9375     1.         1.         1.
 0.9375     1.         1.         1.         1.         0.9375
 1.         1.         1.         1.         0.875      1.
 1.         1.         1.         1.         1.         1.
 1.         0.9375     1.         0.9375     1.         1.
 1.         1.         1.         0.9375     1.         1.
 0.9375     1.         1.         1.         1.         1.
 1.         0.9375     1.         1.         0.9375     1.
 1.         1.         1.         1.        ]
Mean recall: 0.9854583333333333
Dev: 0.03347623016576255


XGB_CNN Cross-Validation Results recall:
 [0.8  1.   0.75 0.75 0.75 0.5  0.5  1.   1.   1.   0.8  0.75 0.5  1.
 0.75 0.75 0.75 0.75 0.6  0.8  0.8  1.   1.   0.75 0.5  1.   1.   0.75
 1.   0.8  0.8  0.75 0.75 0.5  1.   0.75 0.75 1.   0.8  0.6  1.   1.
 0.5  1.   0.75 1.   1.   0.5  0.8  1.   1.   0.75 1.   0.75 1.   1.
 0.75 1.   0.6  0.8  1.   1.   0.5  1.   1.   1.   1.   1.   0.2  0.8
 0.8  0.75 1.   0.75 0.75 1.   0.75 0.75 0.6  0.8  0.8  0.75 0.75 1.
 0.75 0.75 0.5  0.75 0.8  1.   0.6  1.   0.75 0.75 1.   0.75 0.75 1.
 1.   0.6 ]
Mean recall: 0.815
Dev: 0.17284386017443606


XGB_TL Cross-Validation Results recall:
 [1.         1.         1.         1.         1.         0.97058824
 0.97058824 1.         0.97142857 1.         1.         1.
 0.97058824 1.         0.94117647 1.         1.         1.
 1.         1.         1.         1.         1.         1.
 0.91176471 1.         1.         0.97058824 1.         1.
 1.         1.         0.97058824 1.         1.         0.97058824
 0.94117647 1.         1.         1.         0.97058824 1.
 1.         0.94117647 1.         1.         1.         0.97058824
 1.         1.         1.         1.         1.         1.
 0.97058824 0.97058824 0.97058824 0.97058824 1.         0.97058824
 0.97058824 1.         1.         0.94117647 1.         1.
 1.         0.97058824 1.         1.         1.         1.
 1.         1.         0.97058824 0.97058824 1.         1.
 0.97142857 0.97058824 1.         1.         1.         0.97058824
 0.97058824 0.97058824 0.97058824 0.97058824 1.         1.
 1.         1.         1.         1.         0.97058824 0.94117647
 1.         1.         1.         1.        ]
Mean recall: 0.988546218487395
Dev: 0.018536853247632698


XGB_RF_RUS Cross-Validation Results recall:
 [1.         1.         1.         1.         0.9375     1.
 1.         1.         0.9375     0.875      1.         1.
 0.875      1.         1.         0.9375     0.93333333 1.
 1.         1.         1.         1.         0.9375     1.
 0.9375     1.         0.8        1.         1.         1.
 1.         0.9375     0.9375     1.         1.         0.9375
 1.         1.         1.         1.         1.         1.
 0.9375     1.         1.         1.         1.         1.
 0.9375     0.9375     0.875      0.9375     1.         1.
 0.9375     1.         1.         1.         1.         1.
 0.9375     0.9375     1.         0.9375     0.875      0.9375
 1.         1.         1.         1.         1.         0.9375
 0.9375     0.9375     1.         1.         1.         0.93333333
 1.         1.         1.         1.         1.         0.875
 0.9375     1.         1.         0.93333333 0.9375     1.
 0.9375     1.         1.         1.         0.9375     0.875
 0.93333333 0.86666667 0.9375     1.        ]
Mean recall: 0.9708749999999999
Dev: 0.042677305802446754


XGB_RF_NM Cross-Validation Results recall:
 [1.         0.9375     1.         0.9375     1.         1.
 1.         1.         1.         1.         0.9375     1.
 1.         1.         1.         1.         0.93333333 1.
 1.         1.         1.         0.875      1.         1.
 1.         1.         1.         1.         1.         1.
 1.         1.         1.         0.9375     1.         1.
 1.         1.         1.         0.9375     1.         1.
 1.         1.         1.         1.         1.         0.86666667
 1.         1.         1.         1.         1.         1.
 0.9375     1.         1.         1.         1.         0.9375
 1.         1.         1.         1.         0.875      1.
 1.         1.         1.         1.         1.         1.
 1.         0.9375     1.         0.9375     1.         1.
 1.         1.         1.         0.9375     1.         1.
 0.9375     1.         1.         1.         1.         1.
 1.         0.9375     1.         1.         0.9375     1.
 1.         1.         1.         1.        ]
Mean recall: 0.9873750000000001
Dev: 0.02971774044610764


XGB_RF_CNN Cross-Validation Results recall:
 [1.   1.   0.5  1.   0.75 0.5  0.5  1.   1.   0.8  1.   0.75 0.75 1.
 1.   0.75 0.75 1.   0.8  1.   0.8  1.   0.75 0.75 0.5  1.   1.   0.75
 1.   1.   0.8  1.   0.75 0.5  1.   0.75 0.75 1.   0.6  0.8  1.   1.
 0.5  1.   0.75 1.   1.   0.75 0.8  0.8  1.   0.75 1.   1.   1.   0.75
 0.5  1.   0.6  0.8  1.   1.   1.   1.   0.75 0.75 1.   0.75 0.4  0.8
 0.8  1.   1.   0.5  1.   1.   0.75 0.75 0.8  0.8  0.8  0.75 1.   1.
 0.75 0.75 0.75 0.75 1.   0.8  0.8  1.   0.75 0.75 1.   1.   0.75 1.
 1.   0.6 ]
Mean recall: 0.8419999999999999
Dev: 0.16412190591142917


XGB_RF_TL Cross-Validation Results recall:
 [1.         1.         1.         1.         1.         0.97058824
 0.97058824 1.         1.         1.         1.         1.
 0.94117647 1.         0.94117647 1.         1.         1.
 1.         1.         1.         1.         1.         1.
 0.94117647 1.         1.         1.         1.         1.
 1.         1.         1.         1.         1.         1.
 0.97058824 1.         1.         1.         0.97058824 1.
 1.         1.         1.         1.         1.         0.97058824
 1.         1.         1.         1.         1.         1.
 1.         1.         1.         1.         1.         0.97058824
 1.         1.         1.         0.97058824 1.         1.
 0.97058824 0.97058824 1.         1.         1.         1.
 0.97058824 1.         0.97058824 0.97058824 1.         1.
 0.97142857 1.         1.         1.         1.         0.97058824
 1.         1.         0.97058824 1.         1.         1.
 1.         1.         1.         1.         0.97058824 0.94117647
 1.         1.         1.         1.        ]
Mean recall: 0.9929495798319329
Dev: 0.015053934061408378


