LR Cross-Validation Results accuracy:
 [0.99846154 0.99538462 0.99845917 1.         1.         0.99691834
 1.         1.         0.99845917 0.99691834 1.         0.99846154
 0.99845917 0.99845917 0.99691834 0.99845917 0.99845917 1.
 0.99845917 1.         1.         0.99846154 0.99383667 0.9953775
 1.         1.         0.99845917 1.         1.         0.99691834
 1.         0.99846154 0.99845917 0.99845917 1.         0.99845917
 0.99691834 0.99845917 0.99845917 0.99691834 0.99846154 0.99692308
 1.         0.99845917 0.99845917 0.99845917 0.99845917 1.
 0.99845917 0.99691834 1.         0.99846154 0.99845917 0.99845917
 0.99845917 0.99845917 0.99691834 0.99845917 0.99691834 1.
 1.         1.         0.99845917 0.99845917 0.99845917 0.99845917
 0.99845917 0.99845917 0.99691834 0.99845917 0.99846154 1.
 0.99845917 0.99845917 0.99691834 1.         0.99845917 1.
 1.         0.9953775  0.99846154 0.99692308 0.99845917 0.99691834
 1.         1.         1.         0.99691834 0.99845917 0.99691834
 0.99846154 1.         1.         0.99845917 0.9953775  1.
 0.99691834 1.         0.9953775  0.99845917]
Mean accuracy: 0.9984749555529217
Dev: 0.0013517128104867842


LR_SMOTE Cross-Validation Results accuracy:
 [0.99255583 0.99421009 0.99586435 0.99090157 0.99503722 0.98842018
 0.99421009 0.99503722 0.99503722 0.9917287  0.99421009 0.99421009
 0.9917287  0.9917287  0.9917287  0.99255583 0.99503722 0.99255583
 0.99421009 0.99586435 0.99503722 0.99338296 0.99586435 0.99338296
 0.99090157 0.9917287  0.98593879 0.99586435 0.99503722 0.99669148
 0.9917287  0.99255583 0.99255583 0.98924731 0.99338296 0.99421009
 0.99669148 0.99503722 0.99586435 0.99090157 0.99007444 0.99338296
 0.99338296 0.98924731 0.99669148 0.99338296 0.99007444 0.99751861
 0.99669148 0.9917287  0.9917287  0.99090157 0.99255583 0.99255583
 0.99255583 0.99586435 0.99338296 0.99669148 0.9917287  0.99503722
 0.99090157 0.99421009 0.99338296 0.99503722 0.99338296 0.99751861
 0.99669148 0.99503722 0.98842018 0.98924731 0.99338296 0.99338296
 0.99421009 0.99669148 0.99421009 0.99503722 0.99090157 0.9917287
 0.99007444 0.99503722 0.98924731 0.99007444 0.99586435 0.99586435
 0.99090157 0.99421009 0.99255583 0.9917287  0.99586435 0.99586435
 0.99255583 0.99007444 0.99255583 0.99421009 0.98924731 0.99751861
 0.99421009 0.99338296 0.99255583 0.99503722]
Mean accuracy: 0.9933002481389576
Dev: 0.0023642028003236252


LR_BrdSMOTE Cross-Validation Results accuracy:
 [0.96526055 0.95947064 0.95698925 0.97187758 0.96856907 0.98511166
 0.97187758 0.96856907 0.96774194 0.95698925 0.97187758 0.96856907
 0.97105045 0.97105045 0.96360629 0.96691481 0.96195203 0.95864351
 0.97022333 0.95616212 0.96443342 0.96608768 0.96195203 0.96277916
 0.96691481 0.9751861  0.96443342 0.96526055 0.95450786 0.97022333
 0.9611249  0.94292804 0.96360629 0.9751861  0.95698925 0.97187758
 0.97435897 0.97435897 0.97353184 0.95947064 0.9751861  0.97105045
 0.96526055 0.96443342 0.96608768 0.97849462 0.9611249  0.97022333
 0.96774194 0.96360629 0.97187758 0.97022333 0.96856907 0.96360629
 0.95947064 0.9528536  0.96277916 0.96360629 0.97187758 0.96856907
 0.96443342 0.96277916 0.95781638 0.9693962  0.96526055 0.97105045
 0.96443342 0.96360629 0.96195203 0.96360629 0.96195203 0.96526055
 0.9693962  0.97187758 0.96443342 0.95947064 0.96029777 0.96774194
 0.97270471 0.97353184 0.97022333 0.96029777 0.96691481 0.96526055
 0.9611249  0.95616212 0.96360629 0.96443342 0.9611249  0.97766749
 0.95450786 0.96856907 0.96029777 0.96691481 0.97270471 0.96856907
 0.95947064 0.96608768 0.96360629 0.96774194]
Mean accuracy: 0.9658064516129032
Dev: 0.006220786429660057


LR_GAN Cross-Validation Results accuracy:
 [0.98180314 0.98180314 0.98593879 0.98842018 0.98842018 0.98180314
 0.98842018 0.98014888 0.98428453 0.98759305 0.98759305 0.98428453
 0.98263027 0.97435897 0.99255583 0.98842018 0.9834574  0.98511166
 0.98428453 0.98676592 0.98842018 0.98593879 0.98842018 0.98428453
 0.98511166 0.99007444 0.98097601 0.98842018 0.97684036 0.98511166
 0.98593879 0.97766749 0.98593879 0.97849462 0.98676592 0.98428453
 0.98676592 0.99255583 0.98428453 0.9834574  0.98097601 0.98511166
 0.98428453 0.98759305 0.98263027 0.9834574  0.98511166 0.98593879
 0.98676592 0.98097601 0.98676592 0.98511166 0.98511166 0.98263027
 0.98097601 0.9834574  0.98676592 0.98180314 0.99255583 0.97849462
 0.98263027 0.98676592 0.98428453 0.98759305 0.97849462 0.99007444
 0.98180314 0.98676592 0.98263027 0.98511166 0.98593879 0.99090157
 0.98097601 0.98180314 0.98180314 0.98263027 0.98180314 0.98428453
 0.98593879 0.98924731 0.98924731 0.97932175 0.98428453 0.98180314
 0.98180314 0.98759305 0.97932175 0.98842018 0.98924731 0.98676592
 0.97684036 0.98842018 0.9834574  0.98842018 0.98263027 0.98511166
 0.98180314 0.98676592 0.98676592 0.98842018]
Mean accuracy: 0.9847229114971049
Dev: 0.003566176887417031


DT Cross-Validation Results accuracy:
 [1.         1.         1.         1.         0.99845917 1.
 1.         1.         0.99845917 1.         1.         1.
 0.99845917 1.         1.         0.99845917 1.         1.
 1.         1.         1.         1.         0.99845917 1.
 1.         1.         1.         1.         1.         1.
 1.         1.         0.99845917 0.99845917 1.         1.
 1.         1.         1.         1.         1.         1.
 1.         1.         1.         0.99845917 1.         1.
 0.99691834 1.         1.         0.99846154 1.         1.
 0.99691834 1.         1.         0.99845917 1.         1.
 1.         1.         1.         0.99845917 1.         1.
 0.99845917 1.         1.         1.         1.         0.99846154
 1.         1.         0.99845917 0.99845917 1.         1.
 1.         1.         0.99846154 0.99692308 1.         1.
 1.         1.         1.         1.         1.         1.
 1.         1.         1.         0.9953775  1.         1.
 1.         1.         0.99691834 1.        ]
Mean accuracy: 0.9995840938722295
Dev: 0.0008943814195708994


DT_SMOTE Cross-Validation Results accuracy:
 [0.99917287 1.         0.99917287 0.99917287 1.         1.
 0.99917287 1.         0.99917287 0.99834574 0.99834574 1.
 1.         0.99751861 1.         1.         0.99917287 0.99917287
 0.99834574 1.         0.99917287 1.         1.         1.
 0.99917287 0.99669148 0.99834574 0.99917287 1.         1.
 0.99917287 0.99834574 1.         1.         1.         0.99834574
 0.99917287 0.99917287 1.         0.99834574 1.         0.99834574
 0.99917287 1.         1.         0.99917287 1.         0.99834574
 1.         1.         0.99917287 1.         0.99917287 0.99917287
 1.         1.         0.99751861 1.         0.99917287 0.99917287
 1.         0.99917287 1.         1.         0.99669148 0.99917287
 0.99917287 1.         1.         1.         0.99917287 0.99917287
 1.         0.99751861 0.99834574 0.99917287 0.99917287 0.99917287
 1.         1.         1.         0.99834574 1.         0.99834574
 1.         1.         1.         1.         1.         0.99834574
 1.         0.99917287 1.         0.99834574 0.99834574 0.99917287
 0.99917287 1.         0.99917287 0.99917287]
Mean accuracy: 0.9993382961124895
Dev: 0.0007759165855787384


DT_BrdSMOTE Cross-Validation Results accuracy:
 [0.99917287 0.99917287 0.99917287 0.99834574 1.         1.
 1.         0.99917287 0.99834574 0.99917287 0.99917287 0.99834574
 1.         0.99917287 1.         1.         1.         0.99917287
 0.99751861 0.99834574 0.99917287 1.         0.99917287 0.99834574
 1.         1.         0.99917287 1.         0.99751861 0.99917287
 0.99834574 1.         0.99834574 0.99834574 0.99917287 1.
 0.99834574 1.         1.         0.99751861 0.99917287 1.
 0.99917287 0.99917287 0.99917287 0.99834574 1.         0.99917287
 1.         0.99834574 1.         0.99917287 0.99917287 1.
 1.         0.99917287 1.         0.99917287 0.99917287 0.99917287
 0.99834574 0.99917287 0.99917287 0.99917287 0.99917287 1.
 1.         0.99917287 0.99917287 1.         0.99834574 0.99917287
 0.99917287 0.99834574 0.99917287 0.99751861 0.99917287 1.
 1.         1.         0.99917287 0.99917287 1.         0.99917287
 1.         0.99917287 0.99917287 1.         0.99917287 0.99751861
 0.99917287 1.         1.         0.99917287 0.99917287 0.99834574
 1.         0.99917287 0.99917287 0.99751861]
Mean accuracy: 0.9992307692307691
Dev: 0.0007043242665785954


DT_GAN Cross-Validation Results accuracy:
 [0.99834574 0.99917287 0.99917287 0.99669148 1.         0.99751861
 0.99917287 0.99917287 0.99917287 0.99834574 1.         0.99917287
 1.         0.99834574 1.         0.99917287 1.         0.99834574
 1.         0.99751861 0.99917287 0.99917287 0.99834574 0.99834574
 1.         0.99751861 0.99834574 0.99917287 0.99834574 0.99917287
 1.         1.         0.99917287 0.99917287 0.99834574 0.99751861
 1.         1.         0.99834574 0.99669148 0.99917287 0.99917287
 0.99917287 1.         0.99834574 1.         1.         0.99834574
 1.         0.99917287 0.99917287 0.99917287 1.         0.99917287
 0.99917287 0.99917287 1.         0.99834574 0.99917287 0.99834574
 0.99917287 1.         0.99834574 0.99917287 0.99917287 1.
 0.99917287 0.99751861 0.99917287 0.99834574 0.99834574 1.
 0.99917287 0.99834574 0.99834574 0.99751861 0.99917287 0.99917287
 0.99834574 0.99669148 0.99834574 0.99834574 0.99917287 0.99917287
 0.99917287 1.         1.         1.         0.99834574 1.
 0.99917287 1.         0.99834574 0.99834574 0.99834574 1.
 0.99834574 1.         0.99751861 0.99917287]
Mean accuracy: 0.9989826302729528
Dev: 0.0008423333897159125


RF Cross-Validation Results accuracy:
 [1.         1.         1.         1.         0.99845917 0.99845917
 1.         1.         0.99845917 1.         1.         1.
 0.99845917 1.         0.99845917 0.99845917 1.         1.
 1.         1.         1.         0.99846154 0.99845917 0.99845917
 1.         1.         1.         1.         1.         0.99845917
 1.         1.         0.99845917 0.99845917 1.         1.
 0.99845917 1.         1.         1.         1.         1.
 1.         0.99845917 0.99845917 0.99845917 1.         1.
 1.         1.         1.         0.99846154 1.         1.
 0.99845917 1.         1.         1.         0.99845917 1.
 1.         1.         1.         0.99845917 0.99845917 1.
 0.99845917 1.         1.         1.         1.         1.
 1.         0.99845917 0.99845917 0.99845917 1.         1.
 1.         1.         1.         1.         0.99845917 0.99691834
 1.         1.         1.         1.         1.         1.
 1.         1.         1.         0.99845917 1.         1.
 1.         1.         0.99691834 1.        ]
Mean accuracy: 0.9995223894749319
Dev: 0.0007763371611786313


RF_SMOTE Cross-Validation Results accuracy:
 [0.99834574 1.         1.         1.         1.         1.
 1.         1.         0.99917287 1.         0.99917287 1.
 1.         0.99917287 1.         1.         1.         1.
 0.99917287 1.         1.         1.         1.         1.
 0.99917287 0.99917287 0.99917287 1.         1.         1.
 0.99917287 0.99917287 1.         0.99917287 1.         1.
 1.         1.         1.         1.         1.         1.
 1.         1.         1.         0.99917287 1.         1.
 1.         1.         1.         1.         1.         0.99834574
 1.         1.         1.         1.         1.         1.
 1.         1.         1.         1.         0.99751861 1.
 1.         1.         1.         1.         1.         0.99917287
 1.         0.99917287 0.99917287 1.         1.         1.
 1.         1.         1.         1.         1.         1.
 1.         1.         1.         1.         1.         0.99834574
 1.         1.         1.         1.         1.         0.99917287
 0.99917287 1.         0.99917287 1.        ]
Mean accuracy: 0.999784946236559
Dev: 0.0004623056612897354


RF_BrdSMOTE Cross-Validation Results accuracy:
 [0.99834574 1.         1.         0.99917287 1.         1.
 1.         1.         1.         1.         1.         1.
 1.         0.99917287 1.         0.99917287 1.         1.
 0.99917287 1.         1.         1.         1.         1.
 1.         1.         1.         1.         1.         1.
 1.         1.         0.99917287 1.         1.         1.
 1.         1.         1.         0.99917287 1.         0.99917287
 1.         1.         1.         1.         1.         1.
 1.         1.         1.         1.         1.         1.
 1.         1.         1.         1.         1.         0.99917287
 1.         1.         1.         1.         0.99917287 1.
 1.         1.         1.         1.         1.         1.
 1.         0.99917287 1.         1.         0.99917287 1.
 1.         1.         1.         1.         1.         0.99917287
 1.         1.         1.         1.         1.         1.
 1.         1.         1.         1.         1.         1.
 1.         1.         1.         1.        ]
Mean accuracy: 0.9998842018196856
Dev: 0.0003099254589775909


RF_GAN Cross-Validation Results accuracy:
 [0.99917287 1.         1.         0.99834574 1.         1.
 1.         1.         1.         0.99751861 0.99917287 1.
 1.         0.99917287 1.         0.99917287 1.         1.
 0.99834574 1.         0.99917287 1.         1.         1.
 1.         0.99917287 0.99917287 0.99917287 0.99917287 1.
 1.         1.         1.         0.99917287 1.         0.99917287
 1.         1.         1.         0.99751861 0.99917287 0.99917287
 1.         1.         1.         0.99917287 1.         0.99917287
 0.99917287 1.         1.         1.         1.         0.99917287
 0.99917287 1.         0.99917287 1.         1.         0.99917287
 0.99917287 1.         1.         1.         0.99917287 1.
 1.         0.99917287 0.99917287 0.99917287 1.         1.
 1.         0.99917287 0.99917287 1.         0.99917287 0.99917287
 1.         1.         1.         0.99917287 0.99917287 0.99834574
 0.99917287 1.         1.         1.         0.99917287 1.
 1.         1.         1.         0.99917287 0.99917287 1.
 0.99834574 1.         1.         0.99917287]
Mean accuracy: 0.9995864350703059
Dev: 0.0005548555775433774


XGB Cross-Validation Results accuracy:
 [1.         1.         0.99845917 1.         0.99845917 1.
 1.         1.         0.99845917 0.99691834 1.         1.
 0.99845917 1.         0.99845917 0.99691834 0.99691834 1.
 1.         1.         1.         1.         0.99845917 0.99845917
 1.         1.         0.99845917 1.         1.         0.99691834
 1.         1.         0.99845917 0.99691834 1.         1.
 1.         1.         1.         0.99845917 1.         0.99846154
 0.99845917 0.99845917 0.99845917 0.99845917 1.         1.
 0.99845917 1.         1.         0.99846154 0.99845917 1.
 0.99845917 1.         1.         0.99845917 0.99691834 1.
 1.         0.99846154 1.         0.99845917 0.99845917 1.
 0.99845917 0.99845917 0.99845917 1.         1.         1.
 0.99845917 0.99845917 0.99845917 0.99845917 1.         1.
 1.         0.99691834 1.         0.99538462 0.99845917 0.99691834
 1.         1.         1.         1.         0.99691834 1.
 0.99846154 1.         1.         0.99845917 1.         0.99845917
 0.99845917 1.         0.99691834 1.        ]
Mean accuracy: 0.9991064833471612
Dev: 0.0010931497224777916


XGB_SMOTE Cross-Validation Results accuracy:
 [0.99834574 0.99917287 1.         0.99917287 1.         1.
 1.         0.99917287 1.         0.99917287 0.99917287 1.
 1.         0.99917287 0.99917287 1.         1.         1.
 1.         0.99917287 0.99917287 1.         1.         0.99917287
 1.         0.99917287 0.99751861 1.         1.         1.
 0.99917287 1.         0.99834574 1.         0.99834574 1.
 1.         1.         1.         0.99917287 0.99917287 0.99917287
 1.         1.         0.99917287 1.         0.99917287 1.
 1.         0.99917287 1.         1.         1.         0.99834574
 0.99917287 1.         0.99917287 1.         1.         1.
 1.         0.99917287 0.99917287 0.99917287 0.99834574 1.
 1.         1.         1.         0.99917287 1.         0.99917287
 1.         0.99751861 1.         1.         0.99917287 1.
 1.         1.         0.99917287 0.99834574 1.         1.
 1.         1.         1.         1.         1.         0.99917287
 0.99751861 1.         1.         0.99917287 1.         1.
 0.99917287 1.         1.         0.99917287]
Mean accuracy: 0.9995698924731182
Dev: 0.0006131928202762882


XGB_BrdSMOTE Cross-Validation Results accuracy:
 [1.         0.99917287 1.         0.99917287 1.         1.
 1.         0.99917287 0.99917287 1.         1.         1.
 1.         0.99917287 1.         1.         1.         1.
 1.         0.99917287 1.         1.         0.99917287 0.99917287
 1.         1.         0.99917287 0.99917287 0.99834574 1.
 1.         1.         0.99834574 1.         0.99917287 1.
 1.         1.         1.         0.99917287 1.         1.
 0.99834574 1.         0.99917287 1.         1.         1.
 1.         1.         1.         1.         0.99917287 1.
 1.         1.         0.99917287 0.99917287 1.         0.99834574
 1.         1.         0.99917287 0.99917287 0.99751861 1.
 1.         0.99917287 1.         1.         0.99834574 1.
 1.         1.         0.99917287 0.99834574 0.99917287 1.
 1.         1.         1.         1.         1.         1.
 1.         0.99917287 0.99917287 1.         0.99751861 0.99917287
 1.         1.         1.         1.         0.99834574 0.99917287
 1.         1.         1.         0.99834574]
Mean accuracy: 0.9996112489660877
Dev: 0.0006016481420651283


XGB_GAN Cross-Validation Results accuracy:
 [0.99751861 1.         1.         0.99834574 1.         1.
 1.         1.         1.         0.99917287 0.99917287 1.
 1.         0.99834574 1.         0.99917287 1.         0.99917287
 0.99917287 1.         0.99917287 1.         1.         0.99834574
 1.         0.99917287 0.99834574 0.99917287 1.         1.
 1.         1.         1.         1.         1.         0.99917287
 1.         1.         1.         0.99586435 0.99834574 0.99834574
 1.         1.         1.         1.         1.         0.99917287
 0.99917287 1.         0.99917287 0.99917287 1.         0.99917287
 0.99834574 1.         0.99917287 1.         1.         1.
 0.99917287 1.         1.         0.99917287 0.99917287 1.
 1.         0.99917287 0.99917287 1.         1.         1.
 0.99917287 0.99917287 0.99917287 0.99834574 0.99917287 0.99917287
 1.         1.         1.         0.99917287 0.99917287 0.99834574
 0.99917287 1.         1.         1.         0.99917287 1.
 1.         1.         1.         1.         0.99834574 1.
 0.99834574 1.         0.99917287 0.99917287]
Mean accuracy: 0.9994954507857733
Dev: 0.0007008186906044819


XGB_RF Cross-Validation Results accuracy:
 [0.99230769 0.99230769 1.         1.         1.         0.9953775
 1.         1.         0.99845917 1.         1.         0.99692308
 0.99845917 1.         0.9953775  1.         0.99845917 1.
 0.99845917 1.         0.99846154 0.99692308 0.99845917 0.99691834
 1.         1.         0.99845917 1.         1.         0.99845917
 1.         0.98923077 1.         0.99691834 1.         1.
 0.99845917 1.         1.         0.99691834 1.         0.99692308
 1.         0.99845917 0.99845917 1.         1.         1.
 0.99229584 1.         1.         0.99846154 1.         0.99691834
 0.99691834 0.99845917 0.99691834 1.         0.99691834 0.99845917
 1.         1.         0.99691834 0.99845917 0.99845917 1.
 1.         0.99845917 0.9953775  0.99845917 0.99846154 0.99846154
 1.         0.99845917 0.99845917 0.99845917 0.99845917 0.99845917
 0.99845917 0.9953775  1.         0.99692308 0.99845917 0.9953775
 0.9953775  1.         1.         0.99845917 1.         1.
 1.         1.         1.         0.99845917 0.99691834 0.99845917
 1.         0.99845917 0.9953775  0.99845917]
Mean accuracy: 0.9984444470783457
Dev: 0.002001387401181523


XGB_RF_SMOTE Cross-Validation Results accuracy:
 [0.99255583 0.99503722 1.         0.99669148 0.99669148 0.99586435
 0.99834574 0.99669148 0.99090157 0.99917287 0.99503722 1.
 0.99751861 0.9917287  0.99669148 0.99669148 0.99503722 0.99586435
 0.99834574 0.99834574 0.99751861 0.99834574 0.99669148 0.99669148
 0.99917287 0.99917287 0.99503722 0.99917287 0.99586435 0.99338296
 0.99586435 0.99503722 0.99834574 1.         0.99255583 0.99090157
 0.99834574 0.99751861 0.99917287 0.99751861 0.99586435 1.
 0.99503722 0.99751861 0.99669148 0.99834574 0.99917287 0.99917287
 0.99751861 0.98924731 0.99751861 1.         0.99917287 0.99586435
 0.99834574 0.99669148 0.99503722 0.99751861 0.99421009 0.99421009
 0.99421009 0.99586435 1.         0.99669148 0.99917287 0.99917287
 0.99586435 0.99503722 0.99751861 0.99751861 0.99503722 0.99917287
 0.99338296 0.99751861 0.99917287 0.99917287 0.99090157 0.99751861
 0.99834574 0.99917287 0.99751861 0.99834574 0.99834574 0.99834574
 0.9917287  0.99917287 0.99503722 0.99751861 0.99421009 0.99421009
 0.99586435 0.98924731 0.99834574 0.99007444 0.99834574 1.
 0.99751861 1.         1.         0.99751861]
Mean accuracy: 0.9967245657568238
Dev: 0.002578523443295112


XGB_RF_BrdSMOTE Cross-Validation Results accuracy:
 [0.99917287 0.99751861 0.99917287 0.99669148 1.         0.99834574
 1.         1.         0.99586435 0.99834574 0.99917287 0.99751861
 0.99917287 0.99834574 0.99834574 1.         0.99834574 0.99917287
 0.99669148 0.99834574 0.99669148 0.99917287 0.99917287 0.99917287
 0.99834574 0.99834574 0.99751861 0.99834574 0.99834574 1.
 0.99751861 0.99917287 0.99834574 0.99834574 0.99917287 0.99917287
 1.         0.99669148 0.99834574 0.99751861 0.99834574 1.
 0.99751861 0.99917287 0.99834574 0.99834574 0.99834574 0.99834574
 0.99917287 0.99834574 0.99917287 0.99751861 0.99834574 0.99751861
 1.         0.99834574 0.99834574 0.99917287 0.99834574 0.99669148
 0.99669148 0.99917287 0.99834574 0.99834574 0.99669148 1.
 0.99834574 0.99917287 0.99834574 1.         0.99834574 0.99751861
 0.99917287 0.99917287 0.99834574 0.99751861 0.99834574 0.99751861
 1.         0.99917287 0.99834574 0.99751861 1.         0.99751861
 0.99751861 0.99917287 0.99917287 1.         0.99751861 0.99751861
 0.99917287 1.         0.99751861 0.99834574 0.99834574 0.99917287
 0.99917287 0.99917287 0.99917287 0.99586435]
Mean accuracy: 0.9984946236559139
Dev: 0.0009882730872618024


XGB_RF_GAN Cross-Validation Results accuracy:
 [0.99751861 1.         1.         0.99834574 1.         0.99751861
 0.99917287 0.99917287 0.99917287 0.99669148 0.99917287 1.
 1.         0.99669148 1.         0.99834574 1.         0.99834574
 0.99669148 1.         0.99917287 0.99917287 1.         0.99834574
 1.         0.99669148 0.99751861 0.99751861 1.         1.
 1.         1.         1.         0.99834574 0.99834574 0.99834574
 0.99917287 1.         0.99917287 0.99503722 0.99751861 0.99834574
 0.99834574 1.         1.         0.99834574 1.         0.99917287
 0.99834574 0.99917287 0.99917287 0.99834574 0.99917287 0.99669148
 0.99834574 1.         0.99834574 0.99834574 0.99917287 1.
 0.99834574 1.         0.99751861 0.99917287 0.99917287 1.
 1.         0.99834574 0.99586435 0.99834574 1.         1.
 1.         0.99834574 0.99751861 0.99751861 0.99917287 0.99917287
 1.         0.99917287 1.         0.99834574 0.99834574 0.99751861
 1.         0.99834574 0.99834574 1.         0.99917287 0.99917287
 0.99917287 1.         0.99917287 0.99917287 0.99669148 0.99917287
 0.99751861 1.         0.99834574 0.99917287]
Mean accuracy: 0.9988585607940447
Dev: 0.0011021641161366473


