LR Cross-Validation Results f1:
 [0.99917287 0.99752679 0.99917424 1.         1.         0.99834437
 1.         1.         0.99917287 0.99834437 1.         0.99917424
 0.99917424 0.99917424 0.99834983 0.99917287 0.99917287 1.
 0.9991715  1.         1.         0.99917287 0.99669421 0.99752679
 1.         1.         0.9991715  1.         1.         0.99834711
 1.         0.99917424 0.99917424 0.99917424 1.         0.99917287
 0.99834711 0.9991715  0.99917287 0.99834163 0.99917424 0.99834437
 1.         0.99917424 0.99917424 0.99917287 0.99917287 1.
 0.9991715  0.99834711 1.         0.99917424 0.99917287 0.99917424
 0.99917424 0.99917287 0.99834163 0.99917287 0.99834711 1.
 1.         1.         0.99917424 0.99917424 0.99917424 0.99917287
 0.99917287 0.99917287 0.99834163 0.99917287 0.99917287 1.
 0.99917424 0.99917424 0.99834983 1.         0.9991715  1.
 1.         0.99752271 0.99917424 0.99834711 0.99917424 0.99834711
 1.         1.         1.         0.99834437 0.99917287 0.99834437
 0.99917424 1.         1.         0.99917424 0.9975145  1.
 0.99834711 1.         0.99751861 0.99917287]
Mean f1: 0.9991815499697658
Dev: 0.0007253038796110546


LR_SMOTE Cross-Validation Results f1:
 [0.99259259 0.99422918 0.99587799 0.99097621 0.99506579 0.98850575
 0.99423868 0.99504132 0.99505766 0.99173554 0.99423868 0.99423868
 0.99178982 0.99178982 0.99178982 0.99256813 0.9950495  0.99255583
 0.99423868 0.99587799 0.99505766 0.99341021 0.99587799 0.99341021
 0.99097621 0.99174917 0.98605414 0.99587799 0.99505766 0.99669967
 0.99178982 0.99259259 0.99259259 0.989318   0.99342105 0.99422918
 0.99669967 0.99504132 0.99587799 0.9909465  0.99013158 0.99341021
 0.99342105 0.98933552 0.99669967 0.99339934 0.99014778 0.99751861
 0.99669967 0.99177632 0.99176277 0.99096138 0.99260477 0.99259259
 0.99260477 0.99587118 0.99341021 0.99669421 0.99177632 0.9950495
 0.9909465  0.99424815 0.99341021 0.99506579 0.99342105 0.99752271
 0.99669967 0.99505766 0.98850575 0.98930041 0.99341021 0.99343186
 0.99422918 0.99670511 0.99424815 0.99503311 0.9909465  0.99174917
 0.99014778 0.9950495  0.98935299 0.99014778 0.99587799 0.99587799
 0.99096138 0.99421965 0.99259259 0.99176277 0.99586435 0.99587118
 0.99260477 0.99018003 0.99258038 0.99423868 0.98930041 0.99751861
 0.99423868 0.99341021 0.99256813 0.9950495 ]
Mean f1: 0.9933335135692051
Dev: 0.002342046974942108


LR_BrdSMOTE Cross-Validation Results f1:
 [0.96546053 0.95960429 0.95702479 0.97199341 0.96849088 0.98489933
 0.97190083 0.96838602 0.96784831 0.95695364 0.9717608  0.96880131
 0.97090607 0.97105045 0.96393443 0.96677741 0.96179402 0.95874587
 0.97044335 0.95652174 0.96478296 0.9663106  0.96198347 0.96271748
 0.96742671 0.97520661 0.96466721 0.96540362 0.95412844 0.97009967
 0.96131687 0.94320988 0.96351575 0.97524752 0.95730706 0.9717608
 0.97456932 0.97431649 0.97377049 0.9592685  0.97508306 0.97133497
 0.96551724 0.96437448 0.96625514 0.97818792 0.96125309 0.96994992
 0.96821516 0.96363636 0.97171381 0.97019868 0.96833333 0.96369637
 0.95980312 0.95261845 0.96253122 0.96381579 0.97180763 0.96885246
 0.96484056 0.96314496 0.95802469 0.96959737 0.96494157 0.97105045
 0.96449216 0.96405229 0.96173045 0.96357616 0.96185738 0.96511628
 0.96964725 0.97194719 0.96431535 0.96013019 0.96046129 0.96779521
 0.97279472 0.97377049 0.97034596 0.96072013 0.96715928 0.96551724
 0.96125309 0.95594347 0.96387521 0.96437448 0.9611891  0.97777778
 0.95450786 0.96843854 0.96065574 0.96666667 0.9725229  0.96875
 0.95980312 0.96614368 0.96393443 0.96779521]
Mean f1: 0.9658814504359478
Dev: 0.006185073326190408


LR_GAN Cross-Validation Results f1:
 [0.98199673 0.98187809 0.98603122 0.98848684 0.98850575 0.98190789
 0.98844884 0.98029557 0.98438784 0.98769483 0.98771499 0.9844898
 0.98280098 0.97473513 0.9926169  0.98844884 0.98355263 0.98507463
 0.98433636 0.98682043 0.98852459 0.98612245 0.98850575 0.98436214
 0.98527005 0.99006623 0.98097601 0.98846787 0.97701149 0.98522167
 0.98598516 0.97788698 0.98603122 0.97868852 0.98686371 0.98438784
 0.98686371 0.99258038 0.98441345 0.98357964 0.98122449 0.9852459
 0.98436214 0.98769483 0.98280098 0.98341625 0.98522167 0.98596201
 0.98690671 0.98110107 0.98690671 0.98519737 0.98514851 0.98274445
 0.98110107 0.98357964 0.98686371 0.98202614 0.99256813 0.97861842
 0.98277276 0.98686371 0.98441345 0.98771499 0.97875817 0.99013158
 0.98196721 0.98679868 0.98271605 0.98517298 0.98593879 0.99097621
 0.98116298 0.98205546 0.98190789 0.98268755 0.98190789 0.98438784
 0.98607699 0.98933552 0.98928277 0.97952498 0.9844898  0.98199673
 0.98190789 0.98757249 0.97952498 0.98850575 0.98930041 0.98679868
 0.97704918 0.98850575 0.98363339 0.98848684 0.98265896 0.98519737
 0.98199673 0.98679868 0.98686371 0.98852459]
Mean f1: 0.9848308978256665
Dev: 0.0035219359692316046


DT Cross-Validation Results f1:
 [1.         1.         1.         1.         0.99917424 1.
 1.         1.         1.         1.         1.         0.99917287
 1.         1.         1.         0.99917287 1.         1.
 1.         1.         1.         1.         0.99917424 0.99917424
 1.         1.         1.         0.9991715  1.         1.
 1.         1.         0.99917424 1.         1.         1.
 0.99917287 1.         1.         1.         1.         1.
 1.         1.         1.         0.99917287 1.         1.
 1.         1.         1.         0.99917424 1.         1.
 1.         1.         1.         0.9991715  1.         1.
 1.         1.         1.         0.99917424 0.99917424 1.
 0.99917287 1.         1.         0.9991715  1.         0.99917287
 1.         0.99917424 0.99917424 0.99917287 1.         1.
 1.         1.         1.         0.99834437 1.         1.
 1.         1.         1.         1.         1.         1.
 1.         1.         1.         0.99917424 1.         1.
 1.         1.         0.99834711 1.        ]
Mean f1: 0.9998015842972504
Dev: 0.00038991520939795943


DT_SMOTE Cross-Validation Results f1:
 [0.99834983 1.         0.99917424 0.99917287 1.         1.
 1.         1.         0.99917287 0.99834163 0.99834983 0.99917424
 1.         0.99917424 1.         1.         0.9991715  0.9991715
 0.99917287 1.         0.99917287 0.99834983 1.         1.
 0.99917424 0.99668874 0.99668874 0.9991715  1.         1.
 0.99917424 0.99834711 1.         1.         1.         0.99834437
 0.99917287 0.9991715  1.         0.99917287 1.         0.99834711
 0.99917424 0.99917287 1.         0.99917287 1.         0.99834163
 1.         0.99917287 0.99917287 1.         0.99917424 0.99834983
 1.         0.9991715  0.99834163 1.         0.9991715  1.
 1.         0.99917424 1.         0.99917287 0.99670511 0.9991715
 0.9991715  0.9991715  1.         1.         1.         0.99834711
 1.         0.99752679 0.99834983 1.         0.9991715  0.9991715
 1.         1.         1.         0.99751861 1.         0.99834437
 1.         1.         1.         1.         1.         0.99834711
 1.         0.99834437 1.         0.99917287 0.99917424 0.99917287
 0.99917287 1.         0.99917287 0.9991715 ]
Mean f1: 0.9993054275955309
Dev: 0.0007903772160619239


DT_BrdSMOTE Cross-Validation Results f1:
 [0.99917287 0.99917287 1.         0.99834711 1.         1.
 0.99917287 0.9991715  0.99834437 0.9991715  0.99917287 0.99834437
 1.         0.99834437 1.         0.99917287 0.9991715  0.9991715
 0.99834437 0.9991715  0.99917424 0.99917287 0.99917287 0.99834437
 1.         1.         0.9991715  1.         0.99751037 0.99917287
 0.99834437 1.         0.99834437 0.99917424 0.99917287 1.
 0.9991715  1.         1.         0.99834163 0.99917287 1.
 0.99834437 0.99917287 0.99834437 0.9991715  1.         0.99917287
 1.         0.99834711 0.99917287 0.99917287 0.99917287 1.
 1.         0.9991715  0.9991715  0.9991715  0.9991715  0.99917287
 0.99834711 0.99834983 0.99917287 0.99917287 0.99917287 1.
 0.9991715  0.9991715  0.99834163 1.         0.99834437 0.99834711
 0.99917287 0.99834437 0.99834437 0.99751037 0.99917287 1.
 1.         1.         0.99917287 0.99834437 1.         0.99834711
 1.         0.9991715  0.9991715  1.         0.9991715  0.99751037
 0.99917287 1.         1.         1.         0.99917287 0.99834437
 1.         1.         0.9991715  0.9975145 ]
Mean f1: 0.9991721978198546
Dev: 0.0006829691505346823


DT_GAN Cross-Validation Results f1:
 [0.99834711 0.99917287 1.         0.99669967 0.99752679 0.9991715
 0.99917287 0.99917287 0.99917287 0.99751037 0.99917424 0.99917424
 0.99834983 0.9975145  0.99917424 0.9975145  1.         0.9991715
 0.99917287 0.99917287 1.         0.99917424 0.99834983 0.99834437
 1.         0.99751037 0.9991715  0.99917287 0.99752271 1.
 1.         1.         0.99834711 0.99917287 0.99834983 0.99751861
 1.         0.9991715  0.99752271 0.99668325 0.99834711 0.99834711
 0.99917424 1.         1.         1.         0.99917287 0.9991715
 0.99917287 0.9991715  0.99917287 0.99917287 1.         0.99917287
 0.99834711 0.9991715  0.99917287 0.99917287 0.99917287 0.99834711
 0.99834711 1.         1.         0.99834711 1.         1.
 0.99917287 0.99834437 0.99834437 0.9991715  0.99917424 0.99917424
 0.99917287 0.99752271 0.99917424 0.9975145  1.         0.99834711
 0.99917287 0.99834437 0.99752679 0.99834711 0.99834983 0.99834711
 0.99917424 0.99834163 1.         1.         0.99834437 1.
 0.99917424 1.         1.         0.99917424 0.99834711 1.
 1.         1.         0.99834437 1.        ]
Mean f1: 0.99896633092403
Dev: 0.0008464138347109508


RF Cross-Validation Results f1:
 [1.         1.         1.         1.         0.99917424 0.99917287
 1.         1.         0.99917287 1.         1.         1.
 0.99917424 1.         0.99917424 0.99917287 1.         1.
 1.         1.         1.         1.         0.99917424 0.99917424
 1.         1.         1.         1.         1.         0.99917287
 1.         1.         0.99917424 0.99917424 1.         1.
 0.99917287 1.         1.         1.         1.         1.
 1.         0.99917424 0.99917424 0.99917287 1.         1.
 1.         1.         1.         0.99917424 1.         1.
 0.99917424 1.         1.         1.         0.99917287 1.
 1.         1.         1.         0.99917424 0.99917424 1.
 0.99917287 1.         1.         1.         1.         1.
 1.         0.99917424 0.99917424 1.         1.         1.
 1.         1.         1.         1.         0.99917424 0.99834983
 1.         1.         1.         1.         1.         1.
 1.         1.         1.         0.99917424 1.         1.
 1.         0.9991715  0.99834711 1.        ]
Mean f1: 0.9997521341799591
Dev: 0.00041307354905276194


RF_SMOTE Cross-Validation Results f1:
 [0.99917424 1.         1.         1.         1.         1.
 1.         1.         0.99917287 0.9991715  0.99917424 1.
 1.         0.99917424 1.         1.         1.         1.
 0.99917287 1.         0.99917424 1.         1.         1.
 0.99917424 0.99917287 1.         1.         1.         1.
 0.99917424 0.99917424 1.         1.         1.         1.
 1.         1.         1.         1.         1.         0.99917424
 0.99917424 1.         1.         0.99917287 1.         1.
 1.         1.         1.         1.         0.99917424 0.99917424
 1.         1.         1.         1.         1.         0.99917287
 0.99917424 1.         1.         1.         0.99917424 1.
 1.         1.         1.         1.         1.         0.99917424
 1.         1.         0.99917424 1.         1.         1.
 1.         1.         1.         1.         1.         0.99917424
 1.         1.         1.         1.         1.         0.99834711
 1.         1.         1.         1.         1.         0.99917287
 0.99917287 1.         0.99917287 1.        ]
Mean f1: 0.9997768934684396
Dev: 0.00038502128821006176


RF_BrdSMOTE Cross-Validation Results f1:
 [1.         1.         1.         1.         1.         1.
 1.         1.         1.         1.         1.         1.
 1.         1.         1.         1.         1.         1.
 0.99917287 1.         1.         1.         1.         1.
 1.         1.         1.         1.         1.         1.
 1.         1.         1.         1.         1.         1.
 1.         1.         1.         1.         1.         0.99917424
 1.         1.         1.         1.         1.         1.
 1.         1.         1.         1.         1.         1.
 1.         1.         1.         1.         1.         0.99917287
 0.99917424 1.         1.         1.         0.99834437 1.
 0.99917287 1.         1.         1.         1.         1.
 1.         0.99917424 1.         1.         0.99917287 1.
 1.         1.         1.         1.         1.         1.
 1.         1.         1.         1.         0.9991715  1.
 1.         1.         1.         1.         1.         1.
 0.99917287 1.         1.         1.        ]
Mean f1: 0.9999090292965511
Dev: 0.00028401286294595


RF_GAN Cross-Validation Results f1:
 [0.99917424 1.         1.         0.99834983 1.         1.
 1.         1.         1.         0.99667774 0.99917424 1.
 1.         0.99834711 1.         0.9991715  1.         1.
 0.99917287 1.         0.99917424 1.         1.         1.
 1.         0.99917287 0.99834437 0.9991715  0.99917287 1.
 1.         1.         1.         0.99917424 1.         0.99917287
 1.         1.         1.         0.99834437 0.99917287 0.99917424
 1.         1.         1.         1.         1.         0.99917287
 0.99917287 1.         1.         1.         1.         0.99917424
 0.99917424 1.         0.9991715  1.         1.         0.99917287
 0.99917424 1.         1.         1.         0.99917424 1.
 1.         0.9991715  0.99917287 1.         1.         1.
 1.         0.99834983 0.99917424 1.         0.99917287 0.9991715
 1.         1.         1.         0.99917424 0.99917424 0.99834711
 0.99917424 1.         1.         1.         0.9991715  1.
 1.         1.         1.         1.         0.99834711 1.
 0.99834437 1.         1.         0.99917287]
Mean f1: 0.9995864748497878
Dev: 0.0006025881776598095


XGB Cross-Validation Results f1:
 [1.         1.         0.99917424 1.         0.99917424 1.
 1.         1.         0.99917287 0.99834711 1.         1.
 0.99917424 1.         0.99917424 0.99834711 0.99834711 1.
 1.         1.         1.         1.         0.99917424 0.99917424
 1.         1.         0.99917287 1.         1.         0.99834711
 1.         1.         0.99917424 0.99834983 1.         1.
 1.         1.         1.         0.99917287 1.         0.99917424
 0.99917424 0.99917424 0.99917424 0.99917287 1.         1.
 0.9991715  1.         1.         0.99917424 0.99917424 1.
 0.99917424 1.         1.         0.99917287 0.99834711 1.
 1.         0.99917424 1.         0.99917424 0.99917424 1.
 0.99917287 0.99917287 0.99917287 1.         1.         1.
 0.99917424 0.99917424 0.99917424 0.99917287 1.         1.
 1.         0.99834711 1.         0.99751861 0.99917424 0.99834983
 1.         1.         1.         1.         0.99834711 1.
 0.99917424 1.         1.         0.99917424 1.         0.99917287
 0.99917287 1.         0.99834711 1.        ]
Mean f1: 0.9995207564289994
Dev: 0.000586410645784418


XGB_SMOTE Cross-Validation Results f1:
 [0.99834983 0.99917287 1.         0.99917287 1.         1.
 1.         0.9991715  1.         0.99917287 0.99917424 1.
 1.         0.99917287 0.99917287 1.         1.         1.
 1.         0.9991715  0.99917287 1.         1.         0.99917424
 1.         0.9991715  0.9975145  1.         1.         1.
 0.99917287 1.         0.99834437 1.         0.99834711 1.
 1.         1.         1.         0.99917287 0.99917287 0.99917424
 1.         1.         0.99917287 1.         0.99917287 1.
 1.         0.9991715  1.         1.         1.         0.99834711
 0.99917424 1.         0.9991715  1.         1.         1.
 1.         0.99917424 0.99917287 0.99917287 0.99834983 1.
 1.         1.         1.         0.99917287 1.         0.99917424
 1.         0.99752679 1.         1.         0.9991715  1.
 1.         1.         0.99917287 0.99834711 1.         1.
 1.         1.         1.         1.         1.         0.99917287
 0.9975145  1.         1.         0.99917424 1.         1.
 0.99917287 1.         1.         0.9991715 ]
Mean f1: 0.9995700009640135
Dev: 0.0006129776773618841


XGB_BrdSMOTE Cross-Validation Results f1:
 [1.         0.99917287 1.         0.99917287 1.         1.
 1.         0.9991715  0.9991715  1.         1.         1.
 1.         0.99917287 1.         1.         1.         1.
 1.         0.9991715  1.         1.         0.99917287 0.99917287
 1.         1.         0.9991715  0.99917287 0.99834163 1.
 1.         1.         0.99834437 1.         0.99917287 1.
 1.         1.         1.         0.9991715  1.         1.
 0.99834711 1.         0.99917287 1.         1.         1.
 1.         1.         1.         1.         0.99917287 1.
 1.         1.         0.9991715  0.9991715  1.         0.99834711
 1.         1.         0.99917287 0.99917287 0.99751861 1.
 1.         0.9991715  1.         1.         0.99834437 1.
 1.         1.         0.99917287 0.99834163 0.99917287 1.
 1.         1.         1.         1.         1.         1.
 1.         0.9991715  0.9991715  1.         0.99751861 0.9991715
 1.         1.         1.         1.         0.99834983 0.9991715
 1.         1.         1.         0.99834163]
Mean f1: 0.9996110019490391
Dev: 0.0006019423027247318


XGB_GAN Cross-Validation Results f1:
 [0.99751861 1.         1.         0.99834983 1.         1.
 1.         1.         1.         0.9991715  0.99917424 1.
 1.         0.99834711 1.         0.9991715  1.         0.9991715
 0.99917287 1.         0.99917424 1.         1.         0.99834437
 1.         0.99917287 0.99834437 0.9991715  1.         1.
 1.         1.         1.         1.         1.         0.99917287
 1.         1.         1.         0.99585062 0.99834437 0.99834711
 1.         1.         1.         1.         1.         0.99917287
 0.99917287 1.         0.99917287 0.99917287 1.         0.99917424
 0.99834711 1.         0.9991715  1.         1.         1.
 0.99917287 1.         1.         0.99917287 0.99917424 1.
 1.         0.9991715  0.99917287 1.         1.         1.
 0.99917287 0.99917424 0.99917424 0.99834163 0.99917287 0.9991715
 1.         1.         1.         0.99917424 0.99917424 0.99834437
 0.99917424 1.         1.         1.         0.9991715  1.
 1.         1.         1.         1.         0.99834711 1.
 0.99834437 1.         0.9991715  0.99917287]
Mean f1: 0.9994952991069178
Dev: 0.0007015546634961715


XGB_RF Cross-Validation Results f1:
 [0.99585062 0.99587118 1.         1.         1.         0.9975145
 1.         1.         0.99917287 1.         1.         0.99834437
 0.99917424 1.         0.99751861 1.         0.9991715  1.
 0.9991715  1.         0.99917287 0.99834437 0.99917287 0.99834711
 1.         1.         0.9991715  1.         1.         0.99917287
 1.         0.99419087 1.         0.99834711 1.         1.
 0.99917287 1.         1.         0.99834163 1.         0.99834437
 1.         0.99917424 0.99917424 1.         1.         1.
 0.99584372 1.         1.         0.99917287 1.         0.99834711
 0.99834711 0.9991715  0.99834163 1.         0.99834437 0.9991715
 1.         1.         0.99834437 0.99917424 0.99917424 1.
 1.         0.9991715  0.99751037 0.9991715  0.99917287 0.99917287
 1.         0.99917424 0.99917424 0.9991715  0.9991715  0.9991715
 0.9991715  0.99752271 1.         0.99834437 0.99917424 0.99751861
 0.9975145  1.         1.         0.9991715  1.         1.
 1.         1.         1.         0.99917287 0.99834437 0.9991715
 1.         0.9991715  0.99751861 0.9991715 ]
Mean f1: 0.9991637879996341
Dev: 0.0010772535694507143


XGB_RF_SMOTE Cross-Validation Results f1:
 [0.9925435  0.99501661 1.         0.99668325 0.99668325 0.99584372
 0.99834163 0.99667774 0.99082569 0.99917287 0.99502488 1.
 0.9975145  0.99168053 0.99668325 0.99667774 0.99500832 0.99584372
 0.99834163 0.99834163 0.9975145  0.99834437 0.99668325 0.99668874
 0.99917424 0.9991715  0.99501661 0.9991715  0.99584372 0.99333333
 0.99585062 0.99501661 0.99834437 1.         0.9925187  0.99081036
 0.99834163 0.99751037 0.9991715  0.99751861 0.99585062 1.
 0.99501661 0.9975145  0.99668325 0.99834163 0.99917287 0.9991715
 0.99751037 0.98912134 0.9975145  1.         0.99917424 0.9958575
 0.99834711 0.99667774 0.99500832 0.99751037 0.99417152 0.99417152
 0.99418121 0.9958575  1.         0.99668325 0.99917424 0.9991715
 0.99584372 0.99500832 0.99751037 0.9975145  0.99501661 0.99917424
 0.99334443 0.99751861 0.99917287 0.9991715  0.99081036 0.99751037
 0.99834163 0.9991715  0.9975145  0.99834711 0.99834437 0.99834437
 0.99166667 0.99917287 0.99502488 0.99751037 0.99417152 0.99418121
 0.99585062 0.98915763 0.99834437 0.99       0.99834437 1.
 0.9975145  1.         1.         0.99751037]
Mean f1: 0.9967092096515031
Dev: 0.002599697384615101


XGB_RF_BrdSMOTE Cross-Validation Results f1:
 [0.99917287 0.9975145  0.99917287 0.99668874 1.         0.99834163
 1.         1.         0.99584372 0.99834163 0.99917287 0.9975145
 0.99917287 0.99834437 0.99834437 1.         0.99834163 0.9991715
 0.99668325 0.99834163 0.99668874 0.99917287 0.99917287 0.99917287
 0.99834437 0.99834163 0.99751037 0.99834163 0.99834163 1.
 0.9975145  0.99917287 0.99834437 0.99834711 0.99917287 0.9991715
 1.         0.99667774 0.99834163 0.99751037 0.99834437 1.
 0.9975145  0.99917287 0.99834437 0.99834163 0.99834163 0.99834437
 0.9991715  0.99834163 0.99917287 0.9975145  0.99834437 0.99752271
 1.         0.99834163 0.99834163 0.9991715  0.99834163 0.99668325
 0.99668874 0.99917287 0.99834437 0.99834437 0.99668325 1.
 0.99834163 0.9991715  0.99834163 1.         0.99834437 0.9975145
 0.99917287 0.99917287 0.99834437 0.99751037 0.99834437 0.99751037
 1.         0.9991715  0.99834437 0.9975145  1.         0.99751861
 0.9975145  0.9991715  0.9991715  1.         0.99751037 0.99751037
 0.99917287 1.         0.9975145  0.99834437 0.99834437 0.9991715
 0.9991715  0.9991715  0.9991715  0.99585062]
Mean f1: 0.9984919620377718
Dev: 0.0009908716298890473


XGB_RF_GAN Cross-Validation Results f1:
 [0.99751861 1.         1.         0.99834983 1.         0.99751037
 0.9991715  0.99917287 0.99917287 0.99667774 0.99917424 1.
 1.         0.99668874 1.         0.99834163 1.         0.99834163
 0.99668874 1.         0.99917424 0.99917424 1.         0.99834437
 1.         0.99668325 0.9975145  0.99751037 1.         1.
 1.         1.         1.         0.99834711 0.99834983 0.99834437
 0.9991715  1.         0.9991715  0.99501661 0.9975145  0.99834711
 0.99834711 1.         1.         0.99834163 1.         0.99917287
 0.99834711 0.9991715  0.99917287 0.99834437 0.99917287 0.99668874
 0.99834711 1.         0.99834163 0.99834437 0.9991715  1.
 0.99834711 1.         0.99752271 0.99917287 0.99917424 1.
 1.         0.99834163 0.99587799 0.99834163 1.         1.
 1.         0.99834983 0.99751861 0.99751037 0.99917287 0.9991715
 1.         0.99917287 1.         0.99834711 0.99834983 0.99752271
 1.         0.99834163 0.99834163 1.         0.9991715  0.9991715
 0.99917424 1.         0.99917424 0.99917287 0.99668874 0.9991715
 0.9975145  1.         0.99834163 0.99917287]
Mean f1: 0.9988576662937605
Dev: 0.0011035768925297068


