LR Cross-Validation Results precision:
 [1.         0.99506579 0.99834983 1.         1.         0.99834437
 1.         1.         0.99834711 0.99834437 1.         0.99834983
 0.99834983 0.99834983 0.99670511 0.99834711 0.99834711 1.
 1.         1.         1.         1.         0.99669421 0.99506579
 1.         1.         1.         1.         1.         0.99669967
 1.         0.99834983 0.99834983 0.99834983 1.         0.99834711
 0.99669967 1.         0.99834711 1.         0.99834983 1.
 1.         0.99834983 0.99834983 0.99834711 0.99834711 1.
 1.         0.99669967 1.         0.99834983 1.         0.99834983
 0.99834983 0.99834711 1.         0.99834711 0.99669967 1.
 1.         1.         0.99834983 0.99834983 0.99834983 0.99834711
 0.99834711 0.99834711 1.         0.99834711 1.         1.
 0.99834983 0.99834983 0.99670511 1.         1.         1.
 1.         0.99505766 0.99834983 0.99834711 0.99834983 0.99834711
 1.         1.         1.         0.99834437 0.99834711 0.99834437
 0.99834983 1.         1.         0.99834983 1.         1.
 0.99669967 1.         0.99669421 0.99834711]
Mean precision: 0.9988446091285544
Dev: 0.0012448817893638904


LR_SMOTE Cross-Validation Results precision:
 [0.98852459 0.99177632 0.99342105 0.98371336 0.99018003 0.98045603
 0.98854337 0.99339934 0.99016393 0.99009901 0.99016393 0.99016393
 0.98531811 0.98531811 0.98531811 0.99011532 0.99177632 0.99173554
 0.98854337 0.99178982 0.99178982 0.99014778 0.99342105 0.99014778
 0.98371336 0.98848684 0.97723577 0.99178982 0.99016393 0.99342105
 0.98531811 0.98852459 0.98852459 0.98366013 0.98854337 0.99014778
 0.99342105 0.99339934 0.99178982 0.98527005 0.98527005 0.99014778
 0.98854337 0.98208469 0.99505766 0.99013158 0.98208469 0.99669421
 0.99342105 0.98529412 0.98850575 0.98529412 0.9869281  0.98852459
 0.9869281  0.99341021 0.98852459 0.9950495  0.98529412 0.99177632
 0.98688525 0.98856209 0.99014778 0.99018003 0.98854337 0.99505766
 0.99342105 0.99016393 0.98045603 0.98363339 0.99014778 0.98694943
 0.99177632 0.99343186 0.98856209 0.99503311 0.98527005 0.98848684
 0.98208469 0.99177632 0.98051948 0.98368679 0.99342105 0.99342105
 0.98529412 0.99176277 0.98690671 0.98688525 0.99504132 0.99341021
 0.9869281  0.98055105 0.99013158 0.99016393 0.9852459  0.99669421
 0.98854337 0.98852459 0.99011532 0.99177632]
Mean precision: 0.9889799245925657
Dev: 0.003980199123643608


LR_BrdSMOTE Cross-Validation Results precision:
 [0.96072013 0.95723684 0.95702479 0.96880131 0.97171381 0.99829932
 0.97029703 0.97324415 0.96387521 0.95695364 0.97662771 0.96247961
 0.97658863 0.9718543  0.95609756 0.97       0.965      0.95559211
 0.96254072 0.94796748 0.95616883 0.96078431 0.96198347 0.96511628
 0.95345104 0.97359736 0.95758564 0.96065574 0.96134454 0.97333333
 0.95737705 0.93934426 0.96672213 0.97364086 0.95106036 0.975
 0.96585366 0.97512438 0.96428571 0.96327212 0.97996661 0.96266234
 0.95921697 0.96677741 0.96229508 0.9914966  0.95730706 0.97811448
 0.95345104 0.9620462  0.97822446 0.97180763 0.97647059 0.96210873
 0.95276873 0.95659432 0.9681742  0.95751634 0.97342193 0.95941558
 0.95469256 0.95454545 0.95409836 0.96405229 0.97470489 0.97024793
 0.96210873 0.9516129  0.96655518 0.96357616 0.96505824 0.96994992
 0.96254072 0.97034596 0.96833333 0.944      0.9557377  0.96540362
 0.96880131 0.96428571 0.96715928 0.95137763 0.96084829 0.95921697
 0.95888158 0.95993322 0.95602606 0.96517413 0.95881384 0.97217676
 0.95529801 0.97328881 0.95284553 0.97478992 0.97986577 0.9624183
 0.95121951 0.96375618 0.95454545 0.96540362]
Mean precision: 0.9640214158440785
Dev: 0.009285072308549188


LR_GAN Cross-Validation Results precision:
 [0.97244733 0.97865353 0.98039216 0.98363339 0.98205546 0.9754902
 0.98519737 0.9723127  0.9771615  0.97886179 0.9788961  0.97258065
 0.97402597 0.96141479 0.98534202 0.98519737 0.97712418 0.98671096
 0.98029557 0.98196721 0.9804878  0.97419355 0.98205546 0.98032787
 0.97568882 0.99006623 0.98016529 0.98360656 0.96905537 0.9771987
 0.98355263 0.96915584 0.98039216 0.97073171 0.98042414 0.9771615
 0.97882736 0.98850575 0.97560976 0.97557003 0.96935484 0.97723577
 0.98032787 0.98045603 0.97402597 0.98504983 0.9771987  0.98352554
 0.97572816 0.97389886 0.97730956 0.98036007 0.98352554 0.97712418
 0.9754902  0.97557003 0.97882736 0.96935484 0.99011532 0.97222222
 0.97557003 0.98042414 0.9771987  0.9788961  0.96768982 0.98366013
 0.9724026  0.98355263 0.97708674 0.98032787 0.98675497 0.98371336
 0.9724026  0.96940419 0.97708674 0.97865353 0.9754902  0.9771615
 0.97568882 0.9804878  0.98684211 0.97077922 0.97258065 0.97244733
 0.97708674 0.98839138 0.96920583 0.98045603 0.98363339 0.98355263
 0.96910569 0.98205546 0.97406807 0.98363339 0.98184818 0.97875817
 0.97087379 0.98355263 0.97882736 0.9788961 ]
Mean precision: 0.978194842781918
Dev: 0.005437015455317755


DT Cross-Validation Results precision:
 [1.         1.         1.         1.         0.99834983 1.
 1.         1.         1.         1.         1.         1.
 0.99834983 1.         0.99834983 0.99834711 1.         1.
 1.         1.         1.         1.         0.99834983 1.
 1.         1.         1.         1.         1.         1.
 1.         1.         0.99834983 0.99834983 1.         1.
 1.         1.         1.         1.         1.         1.
 1.         0.99834983 0.99834983 0.99834711 1.         1.
 1.         1.         1.         0.99834983 1.         1.
 0.99834711 1.         1.         1.         1.         1.
 1.         1.         1.         1.         0.99834983 1.
 0.99834711 1.         1.         1.         1.         1.
 1.         1.         1.         0.99834711 1.         1.
 1.         1.         1.         1.         0.99834983 0.99834983
 1.         1.         1.         1.         1.         1.
 1.         1.         1.         0.99834983 1.         1.
 1.         1.         0.99669967 1.        ]
Mean precision: 0.9996698306194256
Dev: 0.000700363084471692


DT_SMOTE Cross-Validation Results precision:
 [0.99669967 1.         0.99670511 1.         1.         1.
 1.         1.         0.99834711 1.         0.99670511 1.
 1.         0.99834711 1.         1.         1.         1.
 0.99834711 1.         1.         0.99670511 1.         1.
 0.99834983 0.99668874 0.99668874 1.         1.         1.
 0.99834983 0.99834711 1.         1.         1.         0.99834437
 1.         1.         1.         0.99834711 1.         1.
 0.99834983 1.         1.         0.99834711 1.         1.
 1.         1.         1.         1.         0.99834983 0.99834983
 1.         1.         1.         1.         1.         1.
 1.         0.99834983 1.         1.         0.99343186 1.
 1.         0.99669421 1.         1.         1.         0.99834983
 1.         0.99343186 0.99670511 1.         1.         1.
 1.         1.         1.         1.         1.         1.
 0.99834983 1.         1.         1.         1.         0.99669967
 1.         1.         1.         0.99834711 0.99834983 0.99834711
 0.99834437 1.         0.99834711 1.        ]
Mean precision: 0.9992411640110695
Dev: 0.0013466352581704905


DT_BrdSMOTE Cross-Validation Results precision:
 [1.         1.         1.         0.99834711 1.         1.
 1.         1.         1.         1.         1.         1.
 1.         1.         1.         1.         1.         1.
 0.99669421 1.         0.99834983 1.         1.         1.
 1.         1.         1.         1.         1.         0.99834711
 1.         1.         1.         0.99834711 1.         1.
 1.         1.         1.         1.         1.         1.
 1.         1.         1.         1.         1.         1.
 1.         0.99834711 1.         1.         1.         1.
 1.         1.         1.         1.         1.         0.99834711
 0.99834711 0.99670511 1.         1.         1.         1.
 1.         1.         1.         1.         1.         0.99834983
 1.         1.         1.         1.         0.99834711 1.
 1.         1.         1.         1.         1.         0.99834437
 1.         1.         1.         1.         1.         1.
 1.         1.         1.         0.99834983 1.         1.
 1.         1.         1.         0.99834163]
Mean precision: 0.9997356457504489
Dev: 0.0006897901346246043


DT_GAN Cross-Validation Results precision:
 [0.99834711 1.         1.         0.99343186 0.99670511 1.
 1.         0.99669967 0.99834711 1.         0.99834983 1.
 1.         1.         0.99670511 1.         0.99834711 1.
 1.         0.99834711 0.99834983 0.99834983 0.99670511 1.
 1.         0.99833887 1.         0.99834711 0.99505766 1.
 1.         1.         0.99834711 1.         0.99670511 0.99834437
 1.         1.         0.99669967 1.         1.         0.99669967
 1.         1.         1.         1.         1.         1.
 1.         1.         1.         1.         1.         1.
 1.         0.99834437 1.         0.99834711 0.99834711 0.99669967
 0.99670511 1.         1.         0.99834711 1.         1.
 1.         0.99834437 1.         1.         0.99670511 1.
 1.         0.99834711 0.99834983 0.99833887 0.99834711 1.
 0.99834711 0.99669967 0.99670511 1.         1.         0.99834711
 0.99834983 1.         1.         1.         1.         1.
 0.99834983 1.         1.         0.99834983 1.         1.
 0.99834711 1.         0.99834163 1.        ]
Mean precision: 0.9990428444322057
Dev: 0.001342423139064568


RF Cross-Validation Results precision:
 [1.         1.         1.         1.         0.99834983 0.99834711
 1.         1.         0.99834711 1.         1.         1.
 0.99834983 1.         0.99834983 0.99834711 1.         1.
 1.         1.         1.         1.         0.99834983 0.99834983
 1.         1.         1.         1.         1.         0.99834711
 1.         1.         0.99834983 0.99834983 1.         1.
 0.99834711 1.         1.         1.         1.         1.
 1.         0.99834983 0.99834983 0.99834711 1.         1.
 1.         1.         1.         0.99834983 1.         1.
 0.99834983 1.         1.         1.         0.99834711 1.
 1.         1.         1.         0.99834983 0.99834983 1.
 0.99834711 1.         1.         1.         1.         1.
 1.         0.99834983 0.99834983 0.99834711 1.         1.
 1.         1.         1.         1.         0.99834983 0.99670511
 1.         1.         1.         1.         1.         1.
 1.         1.         1.         0.99834983 1.         1.
 1.         1.         0.99669967 1.        ]
Mean precision: 0.9995047593871265
Dev: 0.0008252418643790218


RF_SMOTE Cross-Validation Results precision:
 [0.99834983 1.         1.         0.99834983 1.         1.
 1.         1.         0.99834711 1.         0.99834983 1.
 1.         1.         1.         1.         1.         1.
 0.99834711 1.         0.99834983 1.         1.         1.
 0.99834983 0.99834711 0.99834711 1.         1.         1.
 1.         0.99834983 1.         1.         1.         1.
 1.         1.         1.         1.         1.         1.
 1.         1.         1.         0.99834711 1.         1.
 1.         1.         1.         1.         0.99834983 0.99834983
 1.         1.         1.         1.         1.         1.
 1.         0.99834983 1.         1.         0.99670511 1.
 1.         1.         1.         1.         1.         0.99834983
 1.         1.         0.99834983 1.         1.         1.
 1.         1.         1.         1.         1.         1.
 1.         1.         1.         1.         1.         0.99669967
 1.         1.         1.         1.         1.         1.
 1.         1.         0.99834711 1.        ]
Mean precision: 0.9996533560649762
Dev: 0.0007488531846292133


RF_BrdSMOTE Cross-Validation Results precision:
 [0.99834983 1.         1.         1.         1.         1.
 1.         1.         1.         1.         1.         1.
 1.         0.99834983 1.         1.         1.         1.
 1.         1.         0.99834983 1.         1.         1.
 1.         1.         0.99834711 1.         1.         1.
 1.         1.         1.         1.         1.         1.
 1.         1.         1.         1.         1.         0.99834983
 1.         1.         1.         1.         1.         1.
 1.         1.         1.         1.         1.         1.
 1.         1.         1.         1.         1.         1.
 0.99834983 1.         1.         1.         1.         1.
 1.         1.         1.         1.         1.         1.
 1.         1.         1.         1.         0.99834711 1.
 1.         1.         1.         0.99834983 1.         0.99834983
 1.         1.         1.         1.         0.99834711 1.
 1.         1.         1.         1.         1.         1.
 1.         1.         1.         0.99834437]
Mean precision: 0.9998183453805948
Dev: 0.0005167082475362445


RF_GAN Cross-Validation Results precision:
 [0.99834983 1.         1.         0.99670511 1.         1.
 1.         1.         1.         1.         0.99834983 1.
 1.         0.99834983 1.         1.         1.         1.
 0.99834711 1.         0.99834983 1.         1.         1.
 1.         0.99834711 0.99834711 1.         0.99834711 1.
 1.         1.         1.         0.99834983 1.         0.99834711
 1.         1.         1.         0.99834163 1.         0.99834983
 1.         1.         1.         1.         1.         0.99834711
 0.99834711 1.         1.         1.         1.         0.99834983
 0.99834983 1.         1.         1.         1.         0.99834711
 1.         1.         1.         1.         0.99834983 1.
 1.         1.         0.99834711 1.         1.         1.
 1.         0.99834983 0.99834983 1.         0.99834711 1.
 1.         1.         1.         0.99834983 0.99834983 1.
 0.99834983 1.         1.         1.         1.         1.
 1.         1.         1.         1.         0.99834983 1.
 0.99834437 1.         1.         0.99834711]
Mean precision: 0.9995045680972292
Dev: 0.0007918372172360785


XGB Cross-Validation Results precision:
 [1.         1.         0.99834983 1.         0.99834983 1.
 1.         1.         0.99834711 0.99669967 1.         1.
 0.99834983 1.         0.99834983 0.99669967 0.99669967 1.
 1.         1.         1.         1.         0.99834983 0.99834983
 1.         1.         0.99834711 1.         1.         0.99669967
 1.         1.         0.99834983 0.99670511 1.         1.
 1.         1.         1.         0.99834711 1.         0.99834983
 0.99834983 0.99834983 0.99834983 0.99834711 1.         1.
 1.         1.         1.         0.99834983 0.99834983 1.
 0.99834983 1.         1.         0.99834711 0.99669967 1.
 1.         0.99834983 1.         0.99834983 0.99834983 1.
 0.99834711 0.99834711 0.99834711 1.         1.         1.
 0.99834983 0.99834983 0.99834983 0.99834711 1.         1.
 1.         0.99669967 1.         0.99834437 0.99834983 0.99670511
 1.         1.         1.         1.         0.99669967 1.
 0.99834983 1.         1.         0.99834983 1.         0.99834711
 0.99834711 1.         0.99669967 1.        ]
Mean precision: 0.999092163312036
Dev: 0.0011038887866497888


XGB_SMOTE Cross-Validation Results precision:
 [0.99670511 1.         1.         1.         1.         1.
 1.         1.         1.         0.99834711 0.99834983 1.
 1.         1.         1.         1.         1.         1.
 1.         1.         1.         1.         1.         0.99834983
 1.         1.         0.99834163 1.         1.         1.
 1.         1.         1.         1.         0.99834711 1.
 1.         1.         1.         0.99834711 1.         0.99834983
 1.         1.         1.         1.         0.99834711 1.
 1.         1.         1.         1.         1.         0.99834711
 0.99834983 1.         1.         1.         1.         1.
 1.         0.99834983 1.         1.         0.99670511 1.
 1.         1.         1.         0.99834711 1.         0.99834983
 1.         0.99506579 1.         1.         1.         1.
 1.         1.         1.         0.99834711 1.         1.
 1.         1.         1.         1.         1.         0.99834711
 1.         1.         1.         0.99834983 1.         1.
 0.99834711 1.         1.         1.        ]
Mean precision: 0.9996039044067566
Dev: 0.0008761843624083305


XGB_BrdSMOTE Cross-Validation Results precision:
 [1.         1.         1.         1.         1.         1.
 1.         1.         1.         1.         1.         1.
 1.         1.         1.         1.         1.         1.
 1.         1.         1.         1.         1.         1.
 1.         1.         1.         0.99834711 1.         1.
 1.         1.         1.         1.         1.         1.
 1.         1.         1.         1.         1.         1.
 0.99834711 1.         1.         1.         1.         1.
 1.         1.         1.         1.         1.         1.
 1.         1.         1.         1.         1.         0.99669967
 1.         1.         1.         1.         0.99834437 1.
 1.         1.         1.         1.         1.         1.
 1.         1.         1.         1.         0.99834711 1.
 1.         1.         1.         1.         1.         1.
 1.         1.         1.         1.         0.99669421 1.
 1.         1.         1.         1.         0.99670511 1.
 1.         1.         1.         1.        ]
Mean precision: 0.9998348468510203
Dev: 0.0006394249446893442


XGB_GAN Cross-Validation Results precision:
 [0.99834437 1.         1.         0.99670511 1.         1.
 1.         1.         1.         1.         0.99834983 1.
 1.         0.99834711 1.         1.         1.         1.
 0.99834711 1.         0.99834983 1.         1.         1.
 1.         0.99834711 0.99834437 1.         1.         1.
 1.         1.         1.         1.         1.         0.99834711
 1.         1.         1.         0.99833611 1.         0.99834711
 1.         1.         1.         1.         1.         0.99834711
 0.99834711 1.         1.         1.         1.         0.99834983
 0.99834711 1.         1.         1.         1.         1.
 1.         1.         1.         1.         0.99834983 1.
 1.         1.         0.99834711 1.         1.         1.
 1.         0.99834983 0.99834983 1.         0.99834711 1.
 1.         1.         1.         0.99834983 0.99834983 1.
 0.99834983 1.         1.         1.         1.         1.
 1.         1.         1.         1.         0.99834711 1.
 0.99834437 1.         1.         0.99834711]
Mean precision: 0.9995538813026367
Dev: 0.0007696625387826289


XGB_RF Cross-Validation Results precision:
 [1.         0.9950495  1.         1.         1.         0.99834163
 1.         1.         0.99834711 1.         1.         1.
 0.99834983 1.         0.99834437 1.         1.         1.
 1.         1.         1.         1.         1.         0.99834711
 1.         1.         1.         1.         1.         0.99834711
 1.         0.99833333 1.         0.99834711 1.         1.
 0.99834711 1.         1.         1.         1.         1.
 1.         0.99834983 0.99834983 1.         1.         1.
 1.         1.         1.         1.         1.         0.99834711
 0.99834711 1.         1.         1.         0.99834437 1.
 1.         1.         1.         0.99834983 0.99834983 1.
 1.         1.         1.         1.         1.         1.
 1.         0.99834983 0.99834983 1.         1.         1.
 1.         0.99505766 1.         1.         0.99834983 0.99834437
 1.         1.         1.         1.         1.         1.
 1.         1.         1.         1.         1.         1.
 1.         1.         0.99669421 1.        ]
Mean precision: 0.9995373788351007
Dev: 0.0009649898572536134


XGB_RF_SMOTE Cross-Validation Results precision:
 [0.99501661 1.         1.         1.         1.         1.
 1.         1.         0.99831933 0.99834711 0.99833611 1.
 1.         0.99832496 1.         1.         1.         1.
 1.         1.         1.         1.         1.         0.99834163
 0.99834983 1.         0.99833333 1.         1.         1.
 1.         1.         1.         1.         0.99832776 1.
 1.         1.         1.         0.99669421 1.         1.
 1.         1.         1.         1.         0.99834711 1.
 1.         1.         1.         1.         0.99834983 0.99833887
 0.99834711 1.         1.         1.         1.         1.
 1.         0.99833887 1.         1.         0.99834983 1.
 1.         1.         1.         0.99834163 1.         0.99834983
 1.         0.99834437 1.         1.         1.         1.
 1.         1.         1.         0.99834711 1.         1.
 1.         0.99834711 0.99667774 1.         1.         0.99833055
 1.         0.9983165  1.         0.99831933 1.         1.
 0.99834163 1.         1.         1.        ]
Mean precision: 0.9995017829334687
Dev: 0.0009244439907602914


XGB_RF_BrdSMOTE Cross-Validation Results precision:
 [1.         1.         1.         0.99834163 1.         1.
 1.         1.         1.         1.         1.         1.
 1.         1.         1.         1.         1.         1.
 0.99833887 1.         0.99834163 1.         1.         1.
 1.         1.         1.         1.         1.         1.
 1.         1.         1.         0.99834711 1.         1.
 1.         1.         1.         1.         1.         1.
 1.         1.         1.         1.         1.         0.99834437
 1.         1.         1.         1.         1.         0.99669967
 1.         1.         1.         1.         1.         0.99833887
 0.99834163 1.         1.         1.         1.         1.
 1.         1.         1.         1.         1.         1.
 1.         1.         1.         1.         0.99834437 1.
 1.         1.         1.         1.         1.         0.99834437
 1.         1.         1.         1.         1.         1.
 1.         1.         1.         1.         1.         1.
 1.         1.         1.         0.99833611]
Mean precision: 0.9998011861296267
Dev: 0.0005867940485382022


XGB_RF_GAN Cross-Validation Results precision:
 [0.99834437 1.         1.         0.99670511 1.         1.
 1.         0.99834711 0.99834711 1.         0.99834983 1.
 1.         0.99834163 1.         1.         1.         1.
 0.99668874 1.         0.99834983 0.99834983 1.         1.
 1.         0.99833887 0.99834163 1.         1.         1.
 1.         1.         1.         0.99834711 0.99670511 0.99834437
 1.         1.         1.         0.99833333 1.         0.99834711
 0.99834711 1.         1.         1.         1.         0.99834711
 0.99669967 1.         1.         1.         1.         0.99834163
 0.99834711 1.         1.         0.99834437 1.         1.
 0.99834711 1.         0.99669967 1.         0.99834983 1.
 1.         1.         0.99178982 1.         1.         1.
 1.         0.99670511 0.99834437 1.         0.99834711 1.
 1.         0.99834711 1.         0.99834711 0.99670511 0.99669967
 1.         1.         1.         1.         1.         1.
 0.99834983 1.         0.99834983 1.         0.99834163 1.
 0.99834163 1.         1.         0.99834711]
Mean precision: 0.9991742011173756
Dev: 0.0012870681365694419


