LR Cross-Validation Results recall:
 [1.         1.         1.         1.         1.         1.
 1.         1.         1.         1.         1.         1.
 1.         1.         1.         1.         1.         1.
 1.         1.         1.         1.         1.         1.
 1.         1.         1.         1.         0.99834437 1.
 1.         1.         1.         1.         1.         1.
 1.         1.         1.         1.         1.         0.99834711
 1.         1.         1.         1.         1.         1.
 1.         1.         1.         1.         1.         0.99834711
 1.         1.         1.         1.         1.         1.
 1.         1.         1.         1.         1.         1.
 1.         1.         1.         1.         1.         1.
 1.         1.         1.         1.         1.         1.
 1.         1.         1.         1.         1.         1.
 1.         1.         1.         1.         1.         1.
 1.         1.         1.         1.         1.         1.
 1.         1.         0.99834437 1.        ]
Mean recall: 0.9999338295659789
Dev: 0.00032416771432947663


LR_SMOTE Cross-Validation Results recall:
 [1.         1.         1.         0.99834711 1.         1.
 1.         1.         1.         1.         1.         0.99834711
 1.         1.         1.         1.         1.         1.
 1.         1.         1.         1.         1.         1.
 1.         0.99834437 1.         1.         0.99834437 1.
 1.         1.         1.         0.99834711 1.         1.
 1.         1.         1.         1.         1.         1.
 1.         1.         1.         1.         1.         1.
 1.         1.         1.         1.         0.99834711 1.
 0.99834711 1.         1.         1.         1.         1.
 1.         1.         1.         1.         0.99834711 1.
 1.         1.         1.         1.         1.         1.
 1.         1.         1.         0.99668874 1.         1.
 1.         1.         1.         1.         1.         1.
 1.         0.99834437 1.         1.         0.99834437 1.
 1.         1.         1.         0.99834711 1.         1.
 1.         1.         1.         0.99834437]
Mean recall: 0.9997684034809262
Dev: 0.0006199246131654042


LR_BrdSMOTE Cross-Validation Results recall:
 [1.         0.99669421 0.99834711 0.99504132 1.         0.99503311
 1.         1.         1.         0.99503311 0.99834711 0.99669421
 1.         0.99834711 1.         0.99834437 0.99834437 0.99668874
 1.         1.         0.99834711 0.99834711 1.         0.99834711
 0.99669421 0.99834437 0.99668874 1.         0.99503311 1.
 0.99834711 0.99834711 0.99669421 0.99834711 1.         0.99668874
 1.         0.99668874 0.99834437 0.99834437 0.99669421 0.99834711
 0.99669421 1.         0.99834711 0.99834437 0.99834437 0.99834437
 1.         0.99503311 1.         0.99834711 0.99504132 0.99834711
 0.99834711 1.         0.99668874 0.99834437 1.         1.
 0.99669421 1.         0.99834711 1.         0.99669421 1.
 0.99834437 1.         0.99668874 0.99337748 0.99669421 0.99669421
 1.         1.         1.         0.99006623 0.99668874 0.99834437
 0.99834437 0.99668874 0.99834711 0.99834711 1.         1.
 0.99669421 0.99834437 1.         0.99834437 0.9884106  0.99503311
 1.         1.         0.99834711 0.99504132 0.99338843 0.99834437
 0.99834437 0.99668874 0.99668874 0.99668874]
Mean recall: 0.9979650265447979
Dev: 0.0020914640116957844


LR_GAN Cross-Validation Results recall:
 [0.99834711 1.         1.         1.         1.         0.99668874
 0.99834437 1.         0.99668874 0.99834437 1.         0.99834711
 1.         0.99834711 1.         0.99834437 1.         1.
 0.99668874 0.99834437 1.         0.99834711 0.99834711 1.
 1.         0.99834437 0.99834437 0.99834437 1.         1.
 0.99834711 1.         0.99834711 0.99834711 1.         0.99834437
 0.99834437 1.         0.99834437 1.         0.99834711 1.
 0.99504132 0.99834711 0.99834711 0.99668874 1.         1.
 1.         1.         1.         0.99834711 0.99834711 0.99834711
 1.         0.99834437 0.99834437 0.99834437 0.99668874 1.
 0.99834711 1.         0.99834711 0.99834711 0.99834711 1.
 0.99834437 0.99834437 1.         0.99668874 1.         1.
 0.99669421 1.         0.99834711 0.99668874 1.         0.99668874
 1.         1.         0.99834711 0.99669421 1.         0.99669421
 1.         0.99834437 0.99834437 1.         1.         0.99834437
 0.99834711 1.         1.         0.99504132 0.99504132 1.
 1.         1.         1.         1.        ]
Mean recall: 0.9988420447704013
Dev: 0.0012918691505699976


DT Cross-Validation Results recall:
 [1.         1.         1.         0.99834711 1.         1.
 1.         1.         1.         1.         1.         1.
 1.         1.         1.         1.         1.         1.
 1.         1.         1.         1.         1.         1.
 1.         1.         1.         1.         1.         1.
 0.99669421 1.         1.         1.         1.         1.
 1.         1.         1.         1.         1.         1.
 1.         1.         1.         1.         1.         1.
 0.99668874 1.         1.         1.         1.         1.
 0.99834711 1.         1.         1.         1.         1.
 1.         1.         1.         1.         1.         1.
 1.         1.         1.         1.         1.         1.
 1.         1.         1.         1.         1.         1.
 1.         1.         1.         0.99669421 1.         1.
 1.         1.         1.         1.         1.         1.
 1.         1.         1.         0.99834711 1.         1.
 1.         1.         1.         1.        ]
Mean recall: 0.9998511849378798
Dev: 0.0006229159746648374


DT_SMOTE Cross-Validation Results recall:
 [0.99834711 1.         1.         1.         1.         0.99834437
 1.         1.         1.         0.99668874 1.         1.
 1.         1.         0.99834711 1.         0.99834437 0.99834437
 1.         0.99834437 1.         1.         1.         1.
 1.         1.         0.99668874 1.         1.         0.99834437
 1.         0.99834711 1.         1.         1.         0.99834437
 1.         0.99668874 1.         0.99834437 1.         1.
 1.         1.         1.         1.         1.         0.99834437
 1.         1.         0.99834711 1.         1.         1.
 1.         0.99834437 0.99668874 1.         0.99834437 1.
 1.         1.         1.         1.         1.         0.99834437
 0.99834437 0.99834437 1.         1.         0.99834711 1.
 1.         1.         1.         1.         0.99834437 1.
 1.         0.99834437 1.         0.99669421 1.         1.
 1.         1.         1.         1.         1.         1.
 1.         0.99834711 1.         1.         0.99834711 0.99834437
 1.         1.         1.         0.99834437]
Mean recall: 0.9994373323846534
Dev: 0.0009426010100934454


DT_BrdSMOTE Cross-Validation Results recall:
 [0.99669421 0.99834711 0.99834711 0.99834711 1.         1.
 1.         0.99834437 0.99503311 0.99668874 0.99834711 0.99669421
 0.99834711 0.99834711 1.         1.         1.         0.99668874
 0.99834437 0.99668874 0.99834711 0.99834711 0.99834711 0.99669421
 1.         1.         0.99503311 0.99834437 0.99503311 1.
 0.99669421 0.99834711 0.99669421 1.         0.99834711 1.
 0.99834437 0.99834437 1.         0.99503311 0.99834711 1.
 0.99834711 0.99834711 0.99834711 0.99668874 1.         0.99668874
 1.         0.99834437 0.99834711 0.99669421 0.99834711 1.
 1.         0.99503311 0.99834437 0.99834437 0.99834437 1.
 0.99834711 1.         0.99669421 0.99669421 0.99669421 1.
 0.99834437 0.99668874 0.99834437 1.         0.99669421 0.99669421
 0.99834711 0.99669421 0.99834711 0.99503311 1.         1.
 1.         1.         0.99834711 0.99669421 1.         1.
 0.99669421 0.99834437 0.99834437 1.         0.99668874 0.99503311
 0.99834711 0.99834711 1.         1.         0.99834711 0.99668874
 1.         0.99834437 0.99834437 0.99503311]
Mean recall: 0.9982298998412787
Dev: 0.001521284596049501


DT_GAN Cross-Validation Results recall:
 [0.99669421 0.99834711 1.         0.99834711 1.         0.99668874
 1.         1.         1.         0.99172185 1.         1.
 1.         0.99504132 1.         1.         1.         0.99668874
 0.99503311 0.99834437 1.         1.         1.         0.99669421
 1.         0.99834437 0.99668874 1.         0.99834437 1.
 1.         1.         1.         0.99834711 1.         0.99834437
 1.         1.         1.         0.99503311 0.99834711 0.99834711
 0.99834711 1.         1.         0.99668874 1.         0.99834437
 1.         0.99834437 0.99834711 0.99669421 1.         0.99834711
 0.99834711 0.99668874 1.         0.99834437 1.         1.
 0.99834711 1.         1.         0.99834711 1.         1.
 1.         0.99834437 1.         0.99834437 1.         1.
 0.99834711 0.99834711 0.99834711 0.99337748 1.         1.
 1.         1.         1.         1.         1.         0.99834711
 1.         0.99834437 0.99834437 1.         0.99834437 1.
 1.         1.         1.         1.         0.99338843 0.99834437
 0.99834437 1.         0.99668874 1.        ]
Mean recall: 0.9988583821356248
Dev: 0.0016662086452966624


RF Cross-Validation Results recall:
 [1.         1.         1.         1.         1.         1.
 1.         1.         1.         1.         1.         1.
 1.         1.         1.         1.         1.         1.
 1.         1.         1.         1.         1.         1.
 1.         1.         1.         1.         1.         1.
 1.         1.         1.         0.99834711 1.         1.
 1.         1.         1.         1.         1.         1.
 1.         1.         1.         1.         1.         1.
 0.99834437 1.         1.         1.         1.         1.
 1.         1.         1.         1.         1.         1.
 1.         1.         1.         1.         1.         1.
 1.         1.         1.         1.         1.         1.
 1.         1.         1.         1.         1.         1.
 1.         1.         1.         0.99834711 1.         1.
 1.         1.         1.         1.         1.         1.
 1.         1.         1.         1.         1.         1.
 1.         0.99834437 1.         1.        ]
Mean recall: 0.9999338295659789
Dev: 0.0003241677143294767


RF_SMOTE Cross-Validation Results recall:
 [1.         1.         1.         1.         1.         1.
 1.         1.         1.         1.         1.         1.
 1.         1.         1.         1.         1.         1.
 1.         1.         1.         1.         1.         1.
 1.         1.         1.         0.99834437 1.         1.
 1.         1.         1.         1.         1.         1.
 1.         1.         1.         0.99834437 1.         1.
 1.         1.         1.         1.         1.         1.
 1.         1.         1.         1.         1.         1.
 1.         1.         1.         1.         1.         1.
 1.         1.         1.         1.         1.         1.
 1.         1.         1.         1.         1.         1.
 1.         1.         1.         1.         1.         1.
 1.         1.         1.         1.         1.         0.99834711
 1.         1.         1.         1.         1.         1.
 1.         1.         1.         1.         1.         1.
 1.         1.         1.         1.        ]
Mean recall: 0.9999503584915987
Dev: 0.00028227365406850263


RF_BrdSMOTE Cross-Validation Results recall:
 [0.99834711 1.         1.         0.99669421 1.         0.99668874
 1.         1.         1.         0.99668874 0.99669421 0.99669421
 1.         1.         1.         1.         1.         0.99834437
 0.99834437 1.         0.99834711 1.         1.         0.99834711
 1.         1.         0.99834437 0.99834437 0.99668874 1.
 0.99834711 1.         0.99669421 1.         1.         0.99834437
 1.         1.         0.99834437 1.         0.99669421 1.
 0.99834711 1.         1.         0.99834437 0.99834437 1.
 1.         0.99834437 1.         0.99834711 0.99669421 0.99834711
 1.         0.99834437 0.99834437 1.         1.         1.
 0.99669421 1.         1.         1.         0.99669421 1.
 0.99834437 1.         1.         1.         1.         0.99669421
 1.         0.99834711 1.         0.99834437 0.99834437 1.
 1.         0.99834437 1.         1.         1.         0.99834711
 0.99834711 1.         1.         1.         0.99834437 0.99503311
 0.99834711 1.         1.         0.99834711 0.99834711 1.
 0.99834437 1.         1.         0.99834437]
Mean recall: 0.9990405834382355
Dev: 0.0012195319977453608


RF_GAN Cross-Validation Results recall:
 [1.         1.         1.         1.         1.         1.
 1.         1.         1.         0.99668874 1.         1.
 1.         0.99834711 1.         0.99834437 1.         1.
 0.99668874 1.         1.         1.         1.         0.99834711
 1.         0.99668874 0.99834437 0.99834437 1.         1.
 1.         1.         1.         1.         1.         1.
 1.         1.         1.         0.99668874 0.99834711 1.
 1.         1.         1.         0.99668874 1.         1.
 1.         1.         0.99834711 0.99834711 1.         1.
 1.         1.         0.99834437 1.         1.         1.
 1.         1.         1.         0.99834711 1.         1.
 1.         0.99834437 1.         1.         1.         1.
 1.         1.         1.         0.99834437 1.         0.99834437
 1.         1.         1.         1.         1.         0.99834711
 1.         1.         1.         1.         0.99834437 1.
 1.         1.         1.         1.         0.99338843 1.
 0.99834437 1.         1.         1.        ]
Mean recall: 0.9995036122817581
Dev: 0.001084846941967848


XGB Cross-Validation Results recall:
 [0.99834711 1.         1.         1.         1.         1.
 1.         1.         1.         1.         1.         1.
 1.         1.         0.99834711 1.         1.         0.99834437
 1.         1.         1.         0.99834711 1.         1.
 1.         1.         1.         1.         1.         1.
 1.         1.         1.         1.         1.         1.
 1.         1.         1.         1.         1.         1.
 1.         1.         1.         1.         1.         1.
 0.99668874 1.         1.         1.         1.         1.
 1.         0.99834437 0.99834437 1.         1.         1.
 1.         1.         1.         1.         1.         1.
 1.         1.         1.         0.99834437 1.         1.
 1.         1.         1.         1.         1.         1.
 1.         1.         1.         0.99669421 1.         1.
 1.         1.         1.         1.         0.99834437 1.
 1.         1.         1.         1.         0.99834711 1.
 1.         1.         0.99834437 1.        ]
Mean recall: 0.9997683761151552
Dev: 0.0006625899684577987


XGB_SMOTE Cross-Validation Results recall:
 [0.99669421 1.         1.         0.99834711 1.         0.99834437
 1.         1.         1.         1.         1.         1.
 1.         1.         1.         1.         1.         0.99834437
 1.         1.         1.         1.         1.         1.
 1.         0.99834437 0.99834437 1.         1.         1.
 0.99834711 1.         1.         1.         1.         0.99834437
 1.         1.         1.         1.         0.99834711 1.
 1.         1.         1.         1.         1.         1.
 1.         1.         1.         0.99834711 1.         1.
 1.         1.         1.         1.         1.         1.
 1.         1.         1.         1.         1.         1.
 1.         1.         1.         1.         1.         1.
 0.99834711 1.         1.         1.         1.         1.
 1.         1.         0.99834711 1.         1.         1.
 1.         1.         1.         1.         1.         0.99834437
 0.99834711 1.         1.         1.         1.         1.
 1.         1.         0.99834437 1.        ]
Mean recall: 0.9997353456296864
Dev: 0.0006498934788600479


XGB_BrdSMOTE Cross-Validation Results recall:
 [1.         0.99834711 1.         0.99834711 1.         1.
 1.         0.99834437 1.         1.         1.         0.99834711
 1.         0.99834711 1.         1.         1.         1.
 1.         0.99834437 1.         1.         1.         0.99834711
 1.         1.         0.99834437 1.         0.99834437 1.
 0.99834711 1.         0.99669421 1.         0.99834711 0.99834437
 1.         1.         1.         0.99834437 0.99834711 1.
 0.99834711 1.         0.99834711 1.         1.         1.
 1.         1.         1.         1.         0.99834711 1.
 1.         1.         0.99668874 0.99834437 1.         1.
 1.         1.         0.99834711 1.         0.99834711 1.
 1.         0.99834437 1.         1.         0.99669421 1.
 1.         1.         0.99834711 0.99668874 1.         1.
 1.         0.99834437 1.         1.         1.         1.
 1.         0.99834437 0.99834437 1.         0.99834437 0.99668874
 1.         1.         1.         1.         0.99834711 0.99834437
 1.         1.         1.         0.99668874]
Mean recall: 0.9993382682940178
Dev: 0.000992675578231098


XGB_GAN Cross-Validation Results recall:
 [0.99834711 0.99834711 1.         1.         1.         1.
 1.         1.         1.         0.99668874 1.         1.
 1.         0.99834711 1.         0.99834437 1.         0.99834437
 1.         1.         1.         1.         1.         0.99669421
 1.         1.         1.         0.99834437 1.         1.
 1.         1.         1.         1.         1.         1.
 1.         1.         1.         0.99337748 0.99669421 1.
 1.         1.         1.         1.         1.         0.99834437
 1.         1.         1.         0.99834711 1.         0.99834711
 1.         1.         0.99834437 0.99834437 1.         1.
 0.99834711 1.         1.         1.         1.         1.
 1.         0.99668874 1.         1.         1.         1.
 1.         1.         0.99834711 1.         1.         0.99834437
 1.         1.         1.         1.         1.         0.99834711
 1.         0.99834437 0.99668874 1.         1.         1.
 1.         1.         1.         1.         1.         0.99834437
 0.99668874 1.         0.99834437 1.        ]
Mean recall: 0.9994374144819659
Dev: 0.0011277816462923061


XGB_RF Cross-Validation Results recall:
 [0.99504132 0.99834711 1.         1.         1.         0.99668874
 1.         0.99834437 1.         1.         1.         0.99669421
 1.         1.         0.99669421 1.         0.99834437 1.
 0.99834437 1.         1.         0.99669421 0.99669421 0.99834711
 0.99834711 1.         0.99668874 0.99834437 1.         1.
 1.         0.99669421 1.         0.99834711 1.         1.
 1.         1.         1.         0.99337748 1.         0.99669421
 1.         0.99834711 0.99504132 1.         1.         1.
 0.99503311 1.         1.         0.99834711 1.         0.99834711
 1.         0.99834437 0.99668874 1.         1.         0.99834437
 1.         1.         0.99669421 0.99834711 1.         1.
 1.         1.         0.99503311 0.99834437 0.99834711 1.
 1.         0.99834711 1.         0.99834437 0.99834437 0.99834437
 0.99834437 1.         1.         0.99669421 1.         0.99834711
 0.99504132 1.         0.99834437 0.99834437 1.         1.
 1.         1.         1.         1.         0.99504132 0.99834437
 1.         0.99834437 0.99834437 0.99834437]
Mean recall: 0.9988090142849324
Dev: 0.0015705965390676274


XGB_RF_SMOTE Cross-Validation Results recall:
 [0.99834711 0.99834711 1.         0.99834711 1.         1.
 1.         1.         1.         1.         1.         1.
 1.         0.99834711 0.99834711 0.99834437 1.         1.
 1.         1.         0.99834711 1.         1.         1.
 1.         0.99668874 1.         1.         1.         1.
 1.         1.         0.99669421 1.         1.         1.
 1.         1.         1.         1.         0.99669421 1.
 1.         1.         1.         1.         1.         1.
 1.         0.99834437 1.         0.99834711 1.         0.99834711
 1.         1.         1.         1.         1.         1.
 1.         1.         1.         0.99834711 1.         1.
 1.         1.         1.         0.99834437 1.         1.
 1.         1.         1.         0.99834437 0.99834437 1.
 1.         1.         1.         0.99834711 1.         1.
 1.         1.         1.         1.         1.         1.
 0.99669421 1.         1.         1.         1.         1.
 1.         1.         1.         1.        ]
Mean recall: 0.9996196431503477
Dev: 0.0008384987858052897


XGB_RF_BrdSMOTE Cross-Validation Results recall:
 [0.99834711 0.99834711 1.         0.99669421 1.         0.99834437
 1.         0.99834437 0.99172185 0.99834437 0.99834711 0.99504132
 1.         0.99834711 0.99834711 1.         0.99834437 1.
 0.99834437 0.99834437 0.99834711 1.         0.99834711 0.99834711
 1.         1.         0.99337748 0.99668874 0.99668874 1.
 0.99669421 0.99834711 0.99669421 1.         0.99834711 0.99834437
 1.         0.99668874 0.99834437 0.99834437 0.99669421 1.
 0.99834711 0.99834711 0.99834711 0.99668874 0.99668874 1.
 1.         0.99834437 1.         1.         0.99669421 0.99834711
 1.         0.99834437 0.99834437 0.99834437 0.99834437 1.
 0.99834711 1.         0.99834711 0.99834711 0.99504132 1.
 0.99834437 0.99834437 0.99668874 1.         0.99669421 0.99504132
 1.         0.99834711 0.99834711 0.99503311 1.         0.99668874
 1.         0.99834437 0.99834711 1.         1.         0.99834711
 0.99834711 0.99834437 0.99834437 1.         0.99834437 0.99503311
 0.99834711 1.         1.         0.99834711 0.99834711 0.99834437
 0.99834437 1.         1.         0.99668874]
Mean recall: 0.9983621859777791
Dev: 0.001578409959127312


XGB_RF_GAN Cross-Validation Results recall:
 [0.99669421 1.         1.         1.         1.         0.99503311
 1.         1.         1.         0.99172185 1.         1.
 1.         0.99834711 1.         0.99668874 1.         0.99668874
 0.99503311 1.         1.         1.         1.         0.99669421
 1.         0.99668874 0.99834437 0.99834437 1.         1.
 1.         1.         1.         0.99834711 1.         1.
 1.         1.         1.         0.99172185 0.99669421 0.99834711
 1.         1.         1.         0.99668874 1.         1.
 1.         0.99834437 0.99834711 0.99669421 1.         0.99834711
 0.99834711 1.         0.99834437 1.         1.         1.
 1.         1.         1.         0.99834711 1.         1.
 1.         0.99668874 1.         0.99668874 1.         1.
 1.         1.         0.99834711 0.99503311 1.         1.
 1.         1.         1.         1.         1.         1.
 1.         0.99668874 0.99668874 1.         0.99834437 1.
 1.         1.         1.         1.         0.99504132 1.
 0.99834437 1.         0.99668874 1.        ]
Mean recall: 0.998974029883422
Dev: 0.0017637690942653107


