LR Cross-Validation Results accuracy:
 [1.         0.95454545 0.81818182 1.         0.95454545 1.
 0.95238095 0.95238095 0.9047619  1.         0.95454545 1.
 1.         0.90909091 0.90909091 0.95454545 0.9047619  1.
 0.95238095 0.85714286 0.90909091 0.90909091 0.95454545 1.
 0.86363636 0.95454545 1.         0.9047619  1.         0.85714286
 0.86363636 0.90909091 0.86363636 0.95454545 0.90909091 0.95454545
 1.         0.95238095 0.9047619  1.         0.90909091 0.95454545
 0.95454545 0.90909091 0.95454545 0.90909091 0.9047619  0.95238095
 0.95238095 1.         0.95454545 1.         0.95454545 0.90909091
 0.86363636 0.95454545 1.         0.9047619  0.9047619  0.95238095
 0.95454545 0.86363636 1.         0.90909091 0.81818182 0.95454545
 1.         1.         1.         0.9047619  1.         0.95454545
 0.95454545 0.95454545 0.86363636 0.90909091 1.         0.9047619
 0.95238095 0.95238095 0.95454545 1.         0.95454545 0.90909091
 0.86363636 0.95454545 0.9047619  1.         0.9047619  0.95238095
 1.         0.90909091 0.95454545 0.90909091 1.         0.86363636
 0.9047619  0.95238095 0.9047619  0.95238095]
Mean accuracy: 0.9404112554112553
Dev: 0.046607170186707625
LR_SMOTE Cross-Validation Results accuracy:
 [1.         0.9375     0.875      0.90625    1.         0.96875
 0.93548387 0.90322581 0.93548387 0.90322581 0.96875    0.96875
 0.96875    0.96875    0.875      0.90625    0.96774194 0.93548387
 0.93548387 1.         0.9375     0.9375     0.90625    0.96875
 0.9375     0.9375     0.96774194 0.90322581 0.93548387 0.93548387
 0.9375     0.96875    0.9375     0.96875    0.96875    0.9375
 0.90322581 0.93548387 0.87096774 0.96774194 0.96875    0.875
 0.96875    0.96875    0.9375     0.90625    0.90322581 0.93548387
 0.93548387 1.         0.96875    0.90625    0.84375    0.96875
 0.96875    1.         0.93548387 0.90322581 0.96774194 0.96774194
 0.96875    0.875      0.96875    0.9375     0.96875    0.9375
 0.93548387 0.90322581 0.96774194 0.87096774 0.9375     0.9375
 1.         0.84375    0.96875    1.         0.87096774 0.93548387
 0.96774194 1.         0.9375     0.96875    0.90625    0.9375
 0.96875    0.875      0.90322581 0.96774194 0.96774194 0.93548387
 0.96875    0.96875    0.9375     0.96875    0.9375     0.9375
 0.93548387 0.96774194 0.83870968 0.87096774]
Mean accuracy: 0.9394758064516131
Dev: 0.03785921002978119
LR_BrdSMOTE Cross-Validation Results accuracy:
 [0.96875    0.90625    0.875      0.90625    0.9375     0.90625
 0.93548387 0.93548387 0.93548387 0.90322581 0.96875    0.9375
 0.96875    0.9375     0.84375    0.84375    0.96774194 0.93548387
 0.90322581 0.96774194 0.9375     0.9375     0.84375    1.
 0.90625    0.84375    0.96774194 0.90322581 0.93548387 0.93548387
 0.875      0.9375     0.90625    0.96875    0.96875    0.9375
 0.80645161 0.93548387 0.90322581 0.96774194 0.90625    0.84375
 0.90625    0.9375     0.90625    0.96875    0.93548387 0.96774194
 0.93548387 1.         1.         0.90625    0.8125     0.96875
 0.90625    0.9375     0.96774194 0.83870968 0.87096774 0.93548387
 0.96875    0.875      0.90625    0.96875    0.9375     0.9375
 0.90322581 0.93548387 0.90322581 0.90322581 0.96875    0.96875
 0.9375     0.875      0.9375     0.90625    0.90322581 0.93548387
 0.96774194 0.93548387 0.96875    1.         0.78125    0.90625
 0.96875    0.90625    0.90322581 0.93548387 0.96774194 0.90322581
 0.9375     0.96875    0.90625    0.96875    0.9375     0.96875
 0.96774194 0.93548387 0.87096774 0.87096774]
Mean accuracy: 0.9250100806451613
Dev: 0.04360735977688236
LR_GAN Cross-Validation Results accuracy:
 [1.         0.96153846 0.88       0.96       1.         0.96
 0.84       1.         1.         0.96       1.         0.96153846
 1.         0.96       0.96       0.96       0.96       0.96
 0.92       0.92       0.92307692 0.96153846 0.92       0.88
 0.96       1.         1.         1.         0.96       1.
 0.96153846 0.96153846 0.92       1.         0.92       1.
 1.         0.96       0.92       0.96       0.96153846 0.96153846
 0.96       0.96       0.96       0.96       0.96       1.
 0.92       0.96       0.88461538 1.         1.         1.
 1.         1.         1.         0.92       0.84       0.92
 0.96153846 0.96153846 0.96       1.         0.96       0.96
 0.92       0.96       0.96       0.92       0.96153846 0.96153846
 0.96       0.96       0.92       1.         1.         0.96
 1.         0.88       0.84615385 0.96153846 0.88       1.
 1.         1.         0.92       0.92       0.96       1.
 1.         0.96153846 1.         0.92       1.         0.84
 1.         0.84       1.         1.        ]
Mean accuracy: 0.9575384615384616
Dev: 0.042547849847286275
DT Cross-Validation Results accuracy:
 [0.95454545 0.95454545 0.95454545 0.95454545 0.95454545 0.95454545
 0.9047619  0.95238095 0.95238095 1.         1.         0.90909091
 0.86363636 0.95454545 0.95454545 0.95454545 0.95238095 1.
 0.95238095 0.95238095 0.95454545 0.90909091 0.95454545 0.86363636
 1.         0.95454545 1.         0.95238095 1.         0.95238095
 0.95454545 0.90909091 0.90909091 0.95454545 0.95454545 1.
 0.95238095 0.95238095 0.95238095 1.         1.         0.95454545
 0.95454545 0.95454545 0.95454545 0.95454545 0.9047619  0.95238095
 0.95238095 0.95238095 1.         1.         1.         0.95454545
 0.95454545 0.95454545 0.95238095 0.95238095 0.9047619  0.95238095
 0.95454545 1.         0.95454545 0.95454545 0.90909091 0.90909091
 0.95238095 1.         1.         0.9047619  1.         0.95454545
 0.95454545 1.         0.95454545 0.95454545 1.         0.95238095
 0.9047619  0.9047619  0.95454545 0.95454545 0.95454545 1.
 0.95454545 0.95454545 0.9047619  0.95238095 0.95238095 1.
 1.         1.         0.95454545 0.95454545 1.         0.95454545
 0.9047619  0.95238095 0.95238095 0.95238095]
Mean accuracy: 0.9559740259740259
Dev: 0.031012444372018635
DT_SMOTE Cross-Validation Results accuracy:
 [0.96875    1.         1.         0.96875    1.         0.96875
 1.         0.93548387 1.         0.96774194 1.         1.
 1.         0.96875    0.9375     0.96875    1.         0.96774194
 1.         1.         1.         1.         0.96875    1.
 0.96875    0.96875    1.         0.96774194 1.         1.
 0.96875    0.96875    1.         1.         0.96875    0.96875
 1.         0.96774194 0.96774194 1.         0.96875    1.
 0.96875    1.         1.         0.96875    0.96774194 1.
 0.96774194 0.96774194 0.96875    0.96875    1.         1.
 0.84375    1.         0.96774194 1.         0.96774194 1.
 1.         0.96875    1.         0.96875    1.         0.96875
 0.90322581 1.         1.         1.         0.96875    0.96875
 1.         0.96875    1.         1.         0.96774194 0.96774194
 0.96774194 1.         0.96875    1.         0.875      1.
 1.         0.96875    1.         0.96774194 1.         1.
 1.         1.         0.96875    0.96875    1.         1.
 1.         0.93548387 0.96774194 0.96774194]
Mean accuracy: 0.9807056451612902
Dev: 0.025966231360091237
DT_BrdSMOTE Cross-Validation Results accuracy:
 [0.96875    1.         1.         0.9375     1.         0.96875
 0.96774194 0.96774194 1.         0.96774194 1.         1.
 1.         1.         0.90625    0.96875    1.         0.93548387
 0.96774194 1.         0.96875    1.         1.         1.
 0.9375     0.96875    0.96774194 0.93548387 1.         1.
 1.         1.         1.         0.96875    0.96875    0.9375
 1.         0.96774194 0.93548387 1.         0.96875    1.
 1.         0.96875    1.         0.9375     1.         1.
 0.93548387 0.96774194 0.96875    1.         0.96875    1.
 0.96875    0.96875    0.93548387 1.         0.96774194 1.
 1.         0.9375     1.         1.         1.         0.9375
 0.93548387 1.         0.96774194 1.         0.96875    0.96875
 1.         0.96875    0.96875    0.96875    1.         0.96774194
 0.96774194 1.         1.         1.         0.96875    1.
 0.96875    0.96875    0.96774194 0.93548387 1.         1.
 1.         1.         1.         0.96875    0.96875    1.
 0.96774194 0.93548387 0.90322581 0.96774194]
Mean accuracy: 0.9774798387096775
Dev: 0.024739398435240204
DT_GAN Cross-Validation Results accuracy:
 [0.96153846 1.         1.         0.96       0.96       1.
 0.92       0.96       1.         0.96       1.         1.
 1.         0.92       1.         1.         0.92       1.
 0.92       0.96       1.         0.96153846 0.96       0.96
 0.92       1.         0.96       1.         0.96       1.
 1.         0.96153846 1.         1.         0.92       0.96
 1.         0.96       1.         1.         0.96153846 1.
 0.92       1.         1.         1.         1.         0.96
 0.88       0.96       0.96153846 0.96153846 1.         1.
 0.96       1.         1.         1.         0.96       0.92
 0.92307692 1.         0.96       1.         0.96       0.92
 0.96       0.88       1.         0.92       0.96153846 0.96153846
 1.         0.96       1.         1.         0.96       0.96
 0.96       1.         0.96153846 1.         0.92       1.
 1.         1.         0.96       1.         1.         0.96
 1.         1.         1.         0.96       1.         0.92
 0.92       0.96       1.         1.        ]
Mean accuracy: 0.9725692307692307
Dev: 0.031238767448732285
RF Cross-Validation Results accuracy:
 [1.         0.95454545 0.95454545 0.86363636 0.95454545 0.95454545
 0.85714286 0.95238095 1.         1.         1.         0.95454545
 1.         0.95454545 0.95454545 0.95454545 0.95238095 1.
 0.95238095 0.76190476 1.         0.86363636 0.95454545 0.95454545
 1.         0.95454545 0.9047619  0.95238095 1.         0.95238095
 1.         1.         0.90909091 1.         0.95454545 0.95454545
 1.         0.95238095 0.95238095 1.         1.         1.
 0.90909091 1.         0.95454545 0.95454545 0.9047619  1.
 0.95238095 1.         0.95454545 1.         0.95454545 0.95454545
 1.         1.         1.         0.95238095 0.9047619  0.9047619
 1.         1.         1.         0.95454545 0.90909091 0.86363636
 0.95238095 1.         1.         0.9047619  1.         0.95454545
 0.95454545 1.         1.         0.95454545 1.         0.95238095
 0.95238095 0.95238095 0.90909091 0.95454545 0.95454545 1.
 1.         0.90909091 0.9047619  1.         1.         1.
 1.         1.         1.         0.95454545 1.         0.90909091
 0.9047619  0.95238095 0.95238095 0.95238095]
Mean accuracy: 0.960995670995671
Dev: 0.04263352830577776
RF_SMOTE Cross-Validation Results accuracy:
 [0.96875    1.         1.         0.96875    0.96875    0.96875
 1.         0.93548387 1.         0.96774194 1.         0.96875
 1.         0.96875    0.9375     0.96875    1.         0.96774194
 1.         1.         1.         1.         0.96875    1.
 0.9375     0.96875    1.         0.96774194 1.         0.96774194
 0.96875    1.         1.         1.         0.96875    0.96875
 1.         0.96774194 0.90322581 1.         0.96875    1.
 1.         1.         1.         0.96875    0.96774194 1.
 0.96774194 0.96774194 0.96875    0.96875    1.         1.
 0.96875    1.         0.96774194 1.         0.96774194 1.
 1.         0.96875    1.         0.96875    1.         0.96875
 0.93548387 1.         1.         1.         1.         0.96875
 1.         0.96875    0.96875    1.         0.96774194 0.96774194
 0.96774194 1.         0.96875    1.         0.96875    1.
 1.         0.96875    1.         0.96774194 0.96774194 1.
 1.         1.         1.         0.96875    1.         1.
 1.         0.93548387 0.96774194 0.96774194]
Mean accuracy: 0.9819254032258065
Dev: 0.020261472366402068
RF_BrdSMOTE Cross-Validation Results accuracy:
 [0.96875    1.         1.         0.96875    1.         0.96875
 1.         1.         1.         0.96774194 1.         1.
 1.         1.         0.9375     0.96875    1.         0.93548387
 0.96774194 1.         0.96875    1.         1.         1.
 0.9375     0.96875    0.96774194 0.93548387 1.         0.96774194
 1.         1.         1.         1.         0.96875    0.9375
 1.         0.96774194 0.93548387 1.         1.         1.
 1.         0.96875    1.         0.9375     1.         1.
 0.93548387 0.96774194 0.96875    1.         0.96875    1.
 0.96875    0.96875    0.93548387 0.93548387 0.96774194 1.
 1.         0.96875    1.         1.         1.         0.9375
 0.93548387 1.         0.96774194 1.         1.         0.96875
 1.         0.96875    0.96875    1.         1.         0.96774194
 0.96774194 1.         1.         1.         0.96875    1.
 0.96875    0.96875    0.96774194 0.93548387 1.         1.
 0.96875    1.         1.         0.96875    1.         1.
 0.96774194 1.         0.96774194 0.96774194]
Mean accuracy: 0.9806350806451613
Dev: 0.02245124890715203
RF_GAN Cross-Validation Results accuracy:
 [0.96153846 0.96153846 0.96       0.92       1.         1.
 0.92       1.         1.         0.96       0.96153846 0.96153846
 0.96       0.92       1.         1.         0.92       1.
 0.92       0.96       1.         1.         0.92       0.92
 0.92       1.         0.96       1.         0.92       1.
 0.96153846 0.96153846 1.         0.96       0.88       0.96
 1.         1.         0.96       0.96       0.96153846 1.
 1.         1.         1.         0.92       1.         0.96
 0.96       0.92       0.96153846 1.         1.         0.96
 1.         0.96       1.         1.         0.92       0.92
 1.         0.92307692 1.         1.         0.96       0.92
 1.         0.92       0.96       1.         1.         0.96153846
 1.         0.96       1.         1.         0.96       0.92
 0.96       0.96       0.96153846 0.92307692 0.96       1.
 1.         1.         0.96       1.         1.         0.92
 0.96153846 0.92307692 1.         0.96       0.96       0.92
 0.96       0.92       1.         1.        ]
Mean accuracy: 0.9674615384615385
Dev: 0.03202319795243115
XGB Cross-Validation Results accuracy:
 [1.         0.95454545 1.         0.95454545 0.95454545 0.95454545
 0.9047619  1.         1.         1.         1.         1.
 0.95454545 0.90909091 0.95454545 0.95454545 0.95238095 1.
 0.95238095 0.9047619  1.         0.90909091 0.95454545 0.95454545
 1.         0.95454545 0.95238095 0.95238095 1.         1.
 1.         0.90909091 0.90909091 1.         0.95454545 1.
 1.         0.95238095 0.95238095 1.         1.         1.
 0.95454545 0.95454545 0.95454545 0.95454545 0.9047619  0.95238095
 0.95238095 1.         0.95454545 1.         1.         0.95454545
 1.         1.         1.         1.         0.9047619  0.9047619
 1.         1.         1.         0.95454545 0.90909091 0.90909091
 0.95238095 1.         1.         1.         1.         0.95454545
 0.95454545 1.         0.95454545 0.90909091 1.         0.95238095
 0.95238095 0.95238095 0.90909091 1.         0.95454545 1.
 1.         0.95454545 0.9047619  0.95238095 1.         1.
 1.         1.         1.         1.         1.         0.95454545
 0.9047619  0.95238095 0.95238095 0.95238095]
Mean accuracy: 0.9675324675324675
Dev: 0.03317554152025269
XGB_SMOTE Cross-Validation Results accuracy:
 [0.9375     1.         1.         0.96875    0.96875    0.96875
 1.         0.96774194 1.         0.96774194 1.         0.96875
 1.         0.96875    0.96875    0.96875    1.         0.96774194
 1.         1.         1.         1.         0.96875    1.
 0.9375     0.96875    1.         0.93548387 0.96774194 1.
 0.96875    1.         1.         0.96875    0.96875    0.96875
 1.         0.93548387 0.93548387 0.96774194 0.96875    1.
 1.         1.         0.96875    0.96875    0.96774194 1.
 0.96774194 1.         1.         0.96875    1.         1.
 0.90625    0.96875    0.96774194 0.96774194 0.96774194 0.96774194
 1.         0.9375     1.         0.96875    1.         0.9375
 0.93548387 1.         0.96774194 0.96774194 0.96875    0.96875
 1.         0.90625    0.9375     0.96875    0.90322581 0.96774194
 1.         1.         0.96875    1.         0.96875    0.96875
 1.         0.90625    1.         0.96774194 0.96774194 1.
 0.96875    0.96875    0.96875    0.96875    1.         1.
 0.96774194 0.96774194 0.96774194 0.93548387]
Mean accuracy: 0.9746774193548388
Dev: 0.024503757224273576
XGB_BrdSMOTE Cross-Validation Results accuracy:
 [1.         1.         1.         0.96875    1.         0.96875
 1.         1.         1.         0.93548387 1.         1.
 1.         1.         0.96875    0.96875    1.         0.96774194
 0.96774194 1.         1.         1.         1.         1.
 0.9375     0.9375     1.         0.96774194 1.         1.
 1.         1.         1.         1.         0.96875    0.96875
 1.         0.96774194 1.         0.96774194 0.9375     1.
 1.         1.         1.         0.96875    1.         1.
 0.96774194 1.         1.         1.         1.         1.
 0.96875    1.         0.96774194 0.96774194 0.96774194 1.
 1.         0.96875    0.96875    1.         1.         0.96875
 0.93548387 1.         0.96774194 1.         1.         0.96875
 1.         0.96875    1.         0.96875    0.96774194 0.96774194
 1.         1.         1.         1.         0.96875    1.
 1.         0.96875    1.         0.93548387 1.         1.
 1.         1.         0.96875    0.96875    1.         1.
 1.         1.         0.96774194 0.96774194]
Mean accuracy: 0.9860483870967742
Dev: 0.019206060404036437
XGB_GAN Cross-Validation Results accuracy:
 [0.96153846 1.         1.         0.92       1.         0.96
 0.92       0.96       1.         0.96       0.96153846 0.96153846
 0.96       0.96       1.         1.         0.92       1.
 0.96       0.92       0.92307692 1.         0.96       0.92
 1.         1.         0.96       0.96       0.92       1.
 0.96153846 0.88461538 1.         0.96       0.88       0.96
 1.         0.96       1.         0.96       0.96153846 0.96153846
 1.         1.         0.96       0.96       1.         0.96
 0.88       0.88       0.96153846 0.96153846 0.92       0.96
 0.96       0.96       1.         0.96       0.92       0.92
 1.         0.96153846 1.         1.         0.96       0.96
 0.96       0.92       0.96       0.96       0.96153846 0.96153846
 0.96       1.         1.         1.         0.88       0.92
 0.96       0.92       0.92307692 0.96153846 0.92       1.
 0.96       0.96       0.92       0.96       1.         0.92
 0.96153846 0.96153846 1.         0.96       1.         0.92
 0.88       0.96       1.         1.        ]
Mean accuracy: 0.9603230769230768
Dev: 0.03376864902249915
XGB_RF Cross-Validation Results accuracy:
 [1.         0.95454545 0.95454545 0.86363636 0.90909091 0.95454545
 0.85714286 0.95238095 1.         1.         1.         1.
 0.95454545 1.         0.95454545 0.90909091 0.95238095 1.
 0.9047619  0.85714286 1.         0.86363636 0.95454545 0.90909091
 1.         1.         0.9047619  0.9047619  1.         0.95238095
 1.         1.         0.90909091 1.         0.95454545 0.95454545
 1.         0.9047619  0.9047619  1.         1.         1.
 0.95454545 0.95454545 0.95454545 0.95454545 0.95238095 1.
 0.9047619  0.95238095 0.90909091 1.         1.         0.90909091
 1.         1.         1.         1.         0.9047619  0.95238095
 0.95454545 0.95454545 1.         0.95454545 0.90909091 0.95454545
 0.9047619  1.         1.         1.         1.         0.95454545
 0.95454545 0.95454545 0.95454545 0.95454545 1.         0.95238095
 1.         0.95238095 0.86363636 1.         1.         1.
 0.95454545 0.95454545 0.95238095 0.95238095 1.         1.
 1.         1.         0.95454545 1.         1.         0.95454545
 0.95238095 0.95238095 0.95238095 0.95238095]
Mean accuracy: 0.9610389610389609
Dev: 0.039826839826839835
XGB_RF_SMOTE Cross-Validation Results accuracy:
 [1.         1.         0.96875    0.96875    1.         0.96875
 1.         0.93548387 1.         0.96774194 1.         1.
 1.         0.96875    0.96875    0.9375     1.         0.96774194
 0.96774194 1.         1.         1.         0.96875    1.
 0.9375     1.         0.96774194 0.96774194 0.96774194 0.96774194
 0.96875    0.96875    1.         1.         0.96875    0.96875
 0.96774194 0.96774194 1.         0.96774194 0.96875    1.
 0.96875    1.         1.         0.96875    0.96774194 0.96774194
 0.96774194 0.96774194 1.         0.96875    0.96875    1.
 0.96875    1.         0.96774194 0.93548387 0.96774194 1.
 1.         0.96875    0.96875    0.96875    1.         0.9375
 0.96774194 1.         1.         1.         1.         0.96875
 1.         0.96875    1.         1.         0.90322581 0.93548387
 1.         1.         0.96875    1.         0.96875    0.96875
 1.         0.96875    0.96774194 0.96774194 1.         0.96774194
 0.96875    1.         0.96875    0.96875    1.         1.
 1.         0.96774194 0.96774194 0.96774194]
Mean accuracy: 0.9790524193548387
Dev: 0.020240559890927694
XGB_RF_BrdSMOTE Cross-Validation Results accuracy:
 [0.96875    1.         0.96875    0.9375     0.96875    0.96875
 0.96774194 0.96774194 1.         0.96774194 1.         0.96875
 1.         1.         0.9375     0.9375     1.         0.93548387
 0.93548387 1.         0.96875    1.         1.         1.
 0.9375     0.96875    0.93548387 0.93548387 0.96774194 0.96774194
 1.         0.96875    1.         0.96875    0.96875    0.9375
 0.87096774 0.96774194 0.96774194 0.96774194 0.96875    1.
 0.96875    0.96875    0.96875    0.9375     1.         0.96774194
 0.93548387 1.         1.         1.         0.9375     1.
 0.96875    0.96875    0.93548387 0.93548387 0.96774194 1.
 1.         0.9375     0.96875    1.         1.         0.90625
 0.96774194 1.         0.96774194 1.         1.         0.96875
 1.         0.96875    0.96875    0.96875    0.93548387 0.93548387
 0.96774194 1.         1.         1.         0.96875    0.96875
 0.96875    0.96875    0.93548387 0.93548387 1.         0.96774194
 0.96875    1.         0.96875    0.96875    0.96875    0.96875
 0.96774194 0.96774194 0.96774194 0.96774194]
Mean accuracy: 0.9704939516129033
Dev: 0.025187437545593314
XGB_RF_GAN Cross-Validation Results accuracy:
 [0.96153846 0.92307692 0.96       0.96       1.         0.96
 0.92       1.         0.92       0.96       0.96153846 1.
 1.         0.92       0.96       0.96       0.88       1.
 0.92       0.88       0.92307692 1.         0.92       0.88
 0.92       1.         0.96       0.96       0.88       0.96
 0.96153846 0.92307692 1.         0.96       0.88       0.96
 1.         0.96       0.96       0.92       0.96153846 1.
 0.96       1.         0.96       0.92       0.96       0.92
 0.88       0.96       0.96153846 0.92307692 0.96       0.96
 1.         0.96       1.         0.96       0.92       0.88
 0.96153846 0.84615385 0.96       1.         0.96       0.92
 0.96       0.88       0.96       0.96       0.96153846 0.92307692
 1.         0.92       1.         0.96       0.92       0.92
 0.96       0.96       0.96153846 0.88461538 0.92       1.
 1.         1.         0.92       1.         1.         0.92
 0.96153846 0.96153846 1.         0.96       0.96       0.92
 0.92       0.92       1.         0.96      ]
Mean accuracy: 0.9512153846153845
Dev: 0.03711698760986361
