LR Cross-Validation Results precision:
 [1.         1.         0.66666667 1.         1.         1.
 0.83333333 0.83333333 0.83333333 1.         0.85714286 1.
 1.         1.         1.         0.85714286 0.8        1.
 1.         0.71428571 1.         1.         1.         1.
 0.71428571 1.         1.         0.71428571 1.         0.71428571
 0.71428571 1.         1.         0.85714286 0.75       0.85714286
 1.         1.         0.75       1.         0.75       1.
 1.         0.83333333 1.         0.75       0.8        0.83333333
 1.         1.         1.         1.         0.85714286 0.75
 0.8        0.85714286 1.         0.8        0.83333333 1.
 0.85714286 0.71428571 1.         0.83333333 0.75       1.
 1.         1.         1.         0.83333333 1.         1.
 1.         0.85714286 0.8        0.83333333 1.         0.71428571
 1.         1.         1.         1.         1.         1.
 0.66666667 0.85714286 1.         1.         0.75       1.
 1.         0.83333333 0.85714286 0.83333333 1.         1.
 1.         0.83333333 0.75       1.        ]
Mean precision: 0.909047619047619
Dev: 0.10971928725372242
LR_SMOTE Cross-Validation Results precision:
 [1.         0.9375     0.83333333 0.88235294 1.         0.94117647
 0.93333333 0.875      0.9375     0.93333333 0.94117647 0.94117647
 0.94117647 1.         0.875      0.84210526 1.         1.
 0.88888889 1.         0.9375     0.9375     0.88235294 1.
 0.9375     0.88888889 0.9375     0.83333333 0.9375     0.9375
 1.         0.94117647 0.88888889 0.94117647 1.         0.88888889
 0.83333333 0.88235294 0.92857143 0.94117647 1.         0.83333333
 0.94117647 1.         0.88888889 0.93333333 0.875      0.93333333
 0.88888889 1.         1.         0.93333333 0.78947368 0.94117647
 1.         1.         0.93333333 0.83333333 0.94117647 0.94117647
 1.         0.875      0.94117647 0.9375     0.94117647 0.88888889
 0.93333333 0.875      0.94117647 0.875      0.9375     0.9375
 1.         0.86666667 0.94117647 1.         0.82352941 0.88235294
 0.94117647 1.         0.9375     1.         0.84210526 0.9375
 0.94117647 0.875      0.875      1.         0.94117647 0.9375
 0.94117647 0.94117647 0.9375     1.         0.88888889 0.9375
 0.93333333 1.         0.82352941 0.8       ]
Mean precision: 0.9281336675020887
Dev: 0.05367930299703107
LR_BrdSMOTE Cross-Validation Results precision:
 [0.94117647 0.93333333 0.8        0.88235294 1.         0.93333333
 0.88235294 0.88235294 0.9375     0.93333333 0.94117647 0.88888889
 0.94117647 0.88888889 0.78947368 0.82352941 1.         0.93333333
 0.88235294 1.         0.88888889 0.9375     0.82352941 1.
 0.88235294 0.82352941 0.9375     0.83333333 0.88888889 0.9375
 0.83333333 0.88888889 0.84210526 0.94117647 1.         0.88888889
 0.8        0.88235294 0.88235294 0.94117647 1.         0.78947368
 0.88235294 0.88888889 0.88235294 0.94117647 0.88235294 0.9375
 0.88888889 1.         1.         0.84210526 0.77777778 0.94117647
 0.93333333 0.9375     0.9375     0.85714286 0.875      0.88888889
 0.94117647 0.875      0.93333333 0.94117647 0.9375     0.88888889
 0.875      0.93333333 0.88235294 0.88235294 0.94117647 0.94117647
 0.88888889 0.875      0.88888889 1.         0.83333333 0.88235294
 0.94117647 0.9375     0.94117647 1.         0.73684211 0.88235294
 0.94117647 0.88235294 0.83333333 0.93333333 0.94117647 0.84210526
 0.88888889 0.94117647 0.88235294 1.         0.88888889 0.94117647
 0.9375     1.         0.83333333 0.8       ]
Mean precision: 0.9041803896997397
Dev: 0.05717402914587547
LR_GAN Cross-Validation Results precision:
 [1.         1.         0.85714286 1.         1.         0.92857143
 0.78571429 1.         1.         1.         1.         1.
 1.         1.         0.92857143 0.92857143 0.92307692 1.
 0.91666667 0.91666667 0.92307692 0.92857143 1.         0.85714286
 1.         1.         1.         1.         0.92307692 1.
 1.         1.         0.92307692 1.         0.92307692 1.
 1.         0.92307692 0.91666667 0.92307692 0.92857143 0.92857143
 1.         0.92857143 0.92857143 1.         1.         1.
 0.91666667 1.         0.91666667 1.         1.         1.
 1.         1.         1.         0.91666667 0.9        0.85714286
 1.         0.92857143 1.         1.         1.         1.
 0.91666667 0.92307692 0.92307692 0.91666667 0.92857143 1.
 0.92857143 1.         0.92307692 1.         1.         0.92307692
 1.         0.90909091 0.8        1.         0.91666667 1.
 1.         1.         0.85714286 1.         1.         1.
 1.         1.         1.         0.92307692 1.         0.8
 1.         0.9        1.         1.        ]
Mean precision: 0.9606458541458542
Dev: 0.05201624455557103
DT Cross-Validation Results precision:
 [0.85714286 1.         1.         0.85714286 1.         0.85714286
 1.         0.83333333 1.         1.         1.         0.83333333
 1.         1.         1.         0.85714286 1.         1.
 0.85714286 1.         1.         1.         1.         0.8
 1.         1.         1.         0.83333333 1.         1.
 0.85714286 1.         1.         1.         0.85714286 1.
 1.         1.         0.85714286 1.         1.         1.
 0.85714286 1.         1.         0.85714286 1.         1.
 1.         0.85714286 1.         1.         1.         1.
 1.         1.         1.         0.83333333 0.83333333 0.85714286
 1.         1.         1.         1.         1.         0.83333333
 0.83333333 1.         1.         0.83333333 1.         0.85714286
 1.         1.         1.         1.         1.         1.
 1.         0.75       0.85714286 1.         1.         1.
 1.         1.         1.         0.83333333 0.85714286 1.
 1.         1.         1.         1.         1.         1.
 1.         0.83333333 1.         0.85714286]
Mean precision: 0.9559761904761905
Dev: 0.07162393521189754
DT_SMOTE Cross-Validation Results precision:
 [0.94117647 1.         1.         0.94117647 1.         0.94117647
 1.         0.93333333 1.         1.         1.         1.
 1.         1.         0.88888889 0.94117647 1.         1.
 1.         1.         1.         1.         1.         1.
 0.94117647 0.94117647 1.         0.9375     1.         1.
 1.         0.94117647 1.         1.         1.         0.94117647
 1.         0.9375     0.94117647 1.         1.         1.
 0.94117647 1.         1.         0.94117647 1.         1.
 0.94117647 0.94117647 0.94117647 1.         1.         1.
 1.         1.         0.9375     1.         0.94117647 1.
 1.         1.         1.         1.         1.         0.94117647
 0.875      1.         1.         1.         0.94117647 1.
 1.         0.94117647 1.         1.         1.         0.9375
 0.94117647 1.         1.         1.         0.875      1.
 1.         0.94117647 1.         0.9375     1.         1.
 1.         1.         0.94117647 1.         1.         1.
 1.         0.93333333 0.94117647 0.94117647]
Mean precision: 0.9784011437908496
Dev: 0.032395915488435366
DT_BrdSMOTE Cross-Validation Results precision:
 [0.94117647 1.         1.         0.88888889 1.         0.94117647
 0.9375     0.9375     1.         1.         1.         1.
 1.         1.         0.84210526 0.94117647 1.         0.93333333
 0.94117647 1.         0.94117647 1.         1.         1.
 0.9375     0.94117647 0.9375     0.88235294 1.         1.
 1.         1.         1.         0.94117647 1.         0.88888889
 1.         0.9375     0.88888889 1.         1.         1.
 1.         0.94117647 1.         0.88888889 1.         1.
 0.88888889 0.94117647 0.94117647 1.         0.94117647 1.
 1.         0.94117647 0.88235294 1.         0.94117647 1.
 1.         0.9375     1.         1.         1.         0.88888889
 0.88235294 1.         0.94117647 1.         0.94117647 1.
 1.         0.94117647 0.94117647 0.94117647 1.         0.9375
 0.94117647 1.         1.         1.         0.94117647 1.
 0.94117647 0.94117647 0.9375     0.93333333 1.         1.
 1.         1.         1.         1.         0.94117647 1.
 0.9375     0.88235294 0.93333333 0.94117647]
Mean precision: 0.9653058565531475
Dev: 0.040685912903244255
DT_GAN Cross-Validation Results precision:
 [1.         1.         1.         1.         1.         1.
 0.85714286 1.         1.         0.92307692 1.         1.
 1.         1.         1.         1.         0.85714286 1.
 0.91666667 0.92307692 1.         1.         1.         1.
 1.         1.         0.92307692 1.         0.92307692 1.
 1.         0.92857143 1.         1.         0.86666667 1.
 1.         1.         1.         1.         0.92857143 1.
 0.92307692 1.         1.         1.         1.         0.92307692
 0.84615385 1.         1.         0.92857143 1.         1.
 1.         1.         1.         1.         1.         0.85714286
 0.92307692 1.         1.         1.         1.         1.
 1.         0.84615385 1.         1.         1.         1.
 1.         0.92857143 1.         1.         0.92307692 0.92307692
 1.         1.         0.92857143 1.         1.         1.
 1.         1.         0.92307692 1.         1.         1.
 1.         1.         1.         1.         1.         0.92307692
 0.91666667 1.         1.         1.        ]
Mean precision: 0.9776043956043956
Dev: 0.0425054215862794
RF Cross-Validation Results precision:
 [1.         1.         1.         0.8        1.         0.85714286
 1.         0.83333333 1.         1.         1.         0.85714286
 1.         1.         1.         0.85714286 1.         1.
 0.85714286 0.66666667 1.         1.         1.         0.85714286
 1.         1.         1.         0.83333333 1.         1.
 1.         1.         1.         1.         0.85714286 1.
 1.         1.         0.85714286 1.         1.         1.
 0.83333333 1.         1.         0.85714286 1.         1.
 1.         1.         1.         1.         1.         1.
 1.         1.         1.         0.83333333 0.83333333 1.
 1.         1.         1.         1.         1.         0.8
 0.83333333 1.         1.         0.83333333 1.         0.85714286
 1.         1.         1.         1.         1.         1.
 1.         0.85714286 0.83333333 1.         1.         1.
 1.         1.         1.         1.         1.         1.
 1.         1.         1.         1.         1.         1.
 1.         0.83333333 1.         0.85714286]
Mean precision: 0.961952380952381
Dev: 0.07216916069279206
RF_SMOTE Cross-Validation Results precision:
 [0.94117647 1.         1.         0.94117647 1.         0.94117647
 1.         0.93333333 1.         1.         1.         1.
 1.         1.         0.88888889 0.94117647 1.         1.
 1.         1.         1.         1.         1.         1.
 0.9375     0.94117647 1.         0.9375     1.         0.94117647
 1.         1.         1.         1.         1.         0.94117647
 1.         0.9375     0.93333333 1.         1.         1.
 1.         1.         1.         0.94117647 1.         1.
 0.94117647 0.94117647 0.94117647 1.         1.         1.
 1.         1.         0.9375     1.         0.94117647 1.
 1.         1.         1.         1.         1.         0.94117647
 0.93333333 1.         1.         1.         1.         1.
 1.         0.94117647 1.         1.         1.         0.9375
 0.94117647 1.         1.         1.         0.94117647 1.
 1.         0.94117647 1.         1.         1.         1.
 1.         1.         1.         1.         1.         1.
 1.         0.93333333 0.94117647 0.94117647]
Mean precision: 0.981920751633987
Dev: 0.028759820805909594
RF_BrdSMOTE Cross-Validation Results precision:
 [0.94117647 1.         1.         0.94117647 1.         0.94117647
 1.         1.         1.         1.         1.         1.
 1.         1.         0.88888889 0.94117647 1.         0.93333333
 0.94117647 1.         0.94117647 1.         1.         1.
 0.9375     0.94117647 0.9375     0.88235294 1.         0.94117647
 1.         1.         1.         1.         1.         0.88888889
 1.         0.9375     0.88888889 1.         1.         1.
 1.         0.94117647 1.         0.88888889 1.         1.
 0.88888889 0.94117647 0.94117647 1.         0.94117647 1.
 1.         0.94117647 0.88235294 0.88235294 0.94117647 1.
 1.         0.94117647 1.         1.         1.         0.88888889
 0.88235294 1.         0.94117647 1.         1.         1.
 1.         0.94117647 0.94117647 1.         1.         0.9375
 0.94117647 1.         1.         1.         0.94117647 1.
 0.94117647 0.94117647 0.9375     0.93333333 1.         1.
 0.94117647 1.         1.         1.         1.         1.
 0.9375     1.         0.94117647 0.94117647]
Mean precision: 0.9688382352941176
Dev: 0.038879739854481045
RF_GAN Cross-Validation Results precision:
 [0.92857143 0.92857143 1.         1.         1.         1.
 0.85714286 1.         1.         0.92307692 0.92857143 1.
 1.         1.         1.         1.         0.85714286 1.
 0.91666667 1.         1.         1.         0.92307692 0.92307692
 1.         1.         0.92307692 1.         0.91666667 1.
 1.         1.         1.         0.92857143 0.85714286 0.92857143
 1.         1.         1.         1.         0.92857143 1.
 1.         1.         1.         0.92307692 1.         0.92307692
 0.92307692 1.         1.         1.         1.         0.92857143
 1.         0.92857143 1.         1.         1.         0.85714286
 1.         0.92307692 1.         1.         1.         1.
 1.         0.85714286 0.92307692 1.         1.         1.
 1.         1.         1.         1.         1.         0.85714286
 0.92307692 1.         1.         1.         0.92857143 1.
 1.         1.         0.92307692 1.         1.         0.85714286
 0.92857143 1.         1.         1.         1.         0.92307692
 0.92307692 0.91666667 1.         1.        ]
Mean precision: 0.9703571428571429
Dev: 0.04514023297654042
XGB Cross-Validation Results precision:
 [1.         1.         1.         0.85714286 1.         0.85714286
 1.         1.         1.         1.         1.         1.
 1.         1.         1.         0.85714286 1.         1.
 0.85714286 1.         1.         1.         1.         0.85714286
 1.         1.         1.         0.83333333 1.         1.
 1.         1.         1.         1.         0.85714286 1.
 1.         1.         0.85714286 1.         1.         1.
 0.85714286 1.         1.         0.85714286 1.         1.
 1.         1.         1.         1.         1.         1.
 1.         1.         1.         1.         0.83333333 0.83333333
 1.         1.         1.         1.         1.         0.83333333
 0.83333333 1.         1.         1.         1.         0.85714286
 1.         1.         1.         1.         1.         1.
 1.         0.85714286 0.83333333 1.         1.         1.
 1.         1.         1.         0.83333333 1.         1.
 1.         1.         1.         1.         1.         1.
 1.         0.83333333 1.         0.85714286]
Mean precision: 0.9695238095238095
Dev: 0.06117518801048277
XGB_SMOTE Cross-Validation Results precision:
 [0.9375     1.         1.         0.94117647 1.         0.94117647
 1.         1.         1.         1.         1.         1.
 1.         1.         0.94117647 0.94117647 1.         1.
 1.         1.         1.         1.         1.         1.
 0.9375     1.         1.         0.93333333 1.         1.
 1.         1.         1.         1.         1.         0.94117647
 1.         0.93333333 1.         0.94117647 1.         1.
 1.         1.         1.         0.94117647 1.         1.
 0.94117647 1.         1.         1.         1.         1.
 1.         1.         0.9375     0.9375     0.94117647 1.
 1.         1.         1.         1.         1.         0.9375
 0.93333333 1.         0.94117647 0.94117647 1.         1.
 1.         0.93333333 1.         1.         0.875      0.9375
 1.         1.         1.         1.         0.94117647 0.94117647
 1.         0.93333333 1.         1.         1.         1.
 0.94117647 1.         1.         1.         1.         1.
 0.9375     1.         0.94117647 0.9375    ]
Mean precision: 0.9815931372549019
Dev: 0.029515940912900888
XGB_BrdSMOTE Cross-Validation Results precision:
 [1.         1.         1.         0.94117647 1.         0.94117647
 1.         1.         1.         1.         1.         1.
 1.         1.         0.94117647 0.94117647 1.         1.
 1.         1.         1.         1.         1.         1.
 0.9375     0.9375     1.         0.9375     1.         1.
 1.         1.         1.         1.         1.         0.94117647
 1.         0.9375     1.         1.         1.         1.
 1.         1.         1.         0.94117647 1.         1.
 0.94117647 1.         1.         1.         1.         1.
 1.         1.         0.9375     0.9375     0.94117647 1.
 1.         1.         0.94117647 1.         1.         0.94117647
 0.88235294 1.         1.         1.         1.         1.
 1.         0.94117647 1.         1.         0.9375     0.9375
 1.         1.         1.         1.         0.94117647 1.
 1.         0.94117647 1.         1.         1.         1.
 1.         1.         1.         1.         1.         1.
 1.         1.         0.94117647 0.94117647]
Mean precision: 0.985
Dev: 0.027293578848637316
XGB_GAN Cross-Validation Results precision:
 [0.92857143 1.         1.         1.         1.         0.92857143
 0.85714286 1.         1.         0.92307692 0.92857143 1.
 1.         1.         1.         1.         0.85714286 1.
 1.         0.85714286 0.92307692 1.         1.         0.86666667
 1.         1.         0.92307692 1.         0.91666667 1.
 1.         0.85714286 1.         1.         0.85714286 0.92857143
 1.         0.92307692 1.         1.         0.92857143 1.
 1.         1.         0.92857143 0.92857143 1.         0.92307692
 0.8        0.90909091 1.         0.92857143 1.         0.92857143
 1.         0.92857143 1.         0.92307692 1.         0.85714286
 1.         1.         1.         1.         1.         1.
 0.92307692 0.85714286 0.92307692 1.         0.92857143 1.
 0.92857143 1.         1.         1.         0.90909091 0.85714286
 0.92307692 0.91666667 0.92307692 1.         0.86666667 1.
 1.         1.         0.85714286 0.92307692 1.         0.91666667
 0.92857143 1.         1.         1.         1.         0.86666667
 0.90909091 0.92307692 1.         1.        ]
Mean precision: 0.9573991008991009
Dev: 0.05277142331183455
XGB_RF Cross-Validation Results precision:
 [1.         1.         0.85714286 0.8        0.83333333 0.85714286
 1.         0.83333333 1.         1.         1.         1.
 1.         1.         1.         0.75       1.         1.
 0.75       0.8        1.         1.         1.         0.75
 1.         1.         1.         0.71428571 1.         0.85714286
 1.         1.         1.         1.         0.85714286 0.85714286
 1.         0.8        0.75       1.         1.         1.
 0.85714286 0.85714286 1.         0.85714286 1.         1.
 0.83333333 0.85714286 1.         1.         1.         0.75
 1.         1.         1.         1.         0.83333333 0.85714286
 0.85714286 0.85714286 1.         1.         0.83333333 0.85714286
 0.8        1.         1.         1.         1.         0.85714286
 1.         0.85714286 0.85714286 1.         1.         0.83333333
 1.         0.85714286 0.71428571 1.         1.         1.
 0.85714286 0.85714286 1.         0.83333333 1.         1.
 1.         1.         0.85714286 1.         1.         1.
 1.         0.83333333 0.85714286 0.85714286]
Mean precision: 0.9290238095238097
Dev: 0.08962171381591398
XGB_RF_SMOTE Cross-Validation Results precision:
 [1.         1.         0.94117647 0.94117647 1.         0.94117647
 1.         0.93333333 1.         1.         1.         1.
 1.         1.         0.94117647 0.88888889 1.         1.
 0.94117647 1.         1.         1.         1.         1.
 0.9375     1.         0.9375     0.9375     0.94117647 0.94117647
 1.         0.94117647 1.         1.         1.         0.94117647
 0.9375     0.9375     1.         0.94117647 1.         1.
 0.94117647 1.         1.         0.94117647 1.         0.9375
 0.94117647 0.94117647 1.         1.         0.94117647 1.
 1.         1.         0.9375     0.88235294 0.94117647 1.
 1.         1.         0.94117647 1.         1.         0.88888889
 0.9375     1.         1.         1.         1.         1.
 1.         0.94117647 1.         1.         0.875      0.88235294
 1.         1.         1.         1.         0.94117647 0.94117647
 1.         0.94117647 0.9375     1.         1.         0.94117647
 0.94117647 1.         0.94117647 1.         1.         1.
 1.         1.         0.94117647 0.94117647]
Mean precision: 0.9725890522875816
Dev: 0.034989727898823715
XGB_RF_BrdSMOTE Cross-Validation Results precision:
 [0.94117647 1.         0.94117647 0.88888889 0.94117647 0.94117647
 0.9375     0.9375     1.         1.         1.         0.94117647
 1.         1.         0.88888889 0.88888889 1.         0.93333333
 0.88888889 1.         0.94117647 1.         1.         1.
 0.9375     0.94117647 0.88235294 0.88235294 0.94117647 0.94117647
 1.         0.94117647 1.         0.94117647 1.         0.88888889
 0.92307692 0.9375     0.94117647 0.94117647 1.         1.
 0.94117647 0.94117647 0.94117647 0.88888889 1.         0.9375
 0.88888889 1.         1.         1.         0.88888889 1.
 1.         0.94117647 0.88235294 0.88235294 0.94117647 1.
 1.         0.9375     0.94117647 1.         1.         0.84210526
 0.9375     1.         0.94117647 1.         1.         1.
 1.         0.94117647 0.94117647 0.94117647 0.88235294 0.88235294
 0.94117647 1.         1.         1.         0.94117647 0.94117647
 0.94117647 0.94117647 0.88235294 0.93333333 1.         0.94117647
 0.94117647 1.         0.94117647 1.         0.94117647 0.94117647
 0.9375     0.9375     0.94117647 0.94117647]
Mean precision: 0.9529810702283612
Dev: 0.041300554786970006
XGB_RF_GAN Cross-Validation Results precision:
 [0.92857143 0.92307692 0.92857143 1.         1.         0.92857143
 0.85714286 1.         0.85714286 0.92307692 0.92857143 1.
 1.         1.         0.92857143 0.92857143 0.8        1.
 0.91666667 0.84615385 0.92307692 1.         0.92307692 0.8125
 1.         1.         0.92307692 0.92307692 0.84615385 0.92307692
 1.         0.92307692 1.         0.92857143 0.85714286 0.92857143
 1.         0.92307692 1.         0.85714286 0.92857143 1.
 0.92857143 1.         0.92857143 0.92307692 0.92307692 0.85714286
 0.8        1.         1.         0.86666667 1.         0.92857143
 1.         0.92857143 1.         0.92307692 1.         0.8
 0.92857143 0.76470588 1.         1.         1.         1.
 0.92307692 0.8        0.92307692 1.         0.92857143 0.92307692
 1.         0.92307692 1.         0.92857143 0.91666667 0.85714286
 0.92307692 0.92307692 0.92857143 0.91666667 0.86666667 1.
 1.         1.         0.85714286 1.         1.         0.85714286
 0.92857143 1.         1.         1.         0.92857143 0.86666667
 0.91666667 0.85714286 1.         0.92307692]
Mean precision: 0.9363178463693171
Dev: 0.060536317389948156
LR Cross-Validation Results f1:
 [1.         0.90909091 0.66666667 1.         0.90909091 1.
 0.90909091 0.90909091 0.83333333 1.         0.92307692 1.
 1.         0.8        0.8        0.92307692 0.8        1.
 0.90909091 0.76923077 0.8        0.8        0.90909091 1.
 0.76923077 0.90909091 1.         0.83333333 1.         0.76923077
 0.76923077 0.8        0.66666667 0.92307692 0.85714286 0.92307692
 1.         0.88888889 0.85714286 1.         0.85714286 0.90909091
 0.90909091 0.83333333 0.90909091 0.85714286 0.8        0.90909091
 0.90909091 1.         0.90909091 1.         0.92307692 0.85714286
 0.72727273 0.92307692 1.         0.8        0.83333333 0.90909091
 0.92307692 0.76923077 1.         0.83333333 0.6        0.90909091
 1.         1.         1.         0.83333333 1.         0.90909091
 0.90909091 0.92307692 0.72727273 0.83333333 1.         0.83333333
 0.90909091 0.90909091 0.90909091 1.         0.90909091 0.8
 0.8        0.92307692 0.75       1.         0.85714286 0.90909091
 1.         0.83333333 0.92307692 0.83333333 1.         0.66666667
 0.75       0.90909091 0.85714286 0.90909091]
Mean f1: 0.8867187257187257
Dev: 0.09168426515495708
LR_SMOTE Cross-Validation Results f1:
 [1.         0.9375     0.88235294 0.90909091 1.         0.96969697
 0.93333333 0.90322581 0.9375     0.90322581 0.96969697 0.96969697
 0.96969697 0.96774194 0.875      0.91428571 0.96551724 0.92857143
 0.94117647 1.         0.9375     0.9375     0.90909091 0.96774194
 0.9375     0.94117647 0.96774194 0.90909091 0.9375     0.9375
 0.93333333 0.96969697 0.94117647 0.96969697 0.96774194 0.94117647
 0.90909091 0.9375     0.86666667 0.96969697 0.96774194 0.88235294
 0.96969697 0.96774194 0.94117647 0.90322581 0.90322581 0.93333333
 0.94117647 1.         0.96774194 0.90322581 0.85714286 0.96969697
 0.96774194 1.         0.93333333 0.90909091 0.96969697 0.96969697
 0.96774194 0.875      0.96969697 0.9375     0.96969697 0.94117647
 0.93333333 0.90322581 0.96969697 0.875      0.9375     0.9375
 1.         0.83870968 0.96969697 1.         0.875      0.9375
 0.96969697 1.         0.9375     0.96774194 0.91428571 0.9375
 0.96969697 0.875      0.90322581 0.96551724 0.96969697 0.9375
 0.96969697 0.96969697 0.9375     0.96774194 0.94117647 0.9375
 0.93333333 0.96551724 0.84848485 0.88888889]
Mean f1: 0.9406734104182003
Dev: 0.036627019218033706
LR_BrdSMOTE Cross-Validation Results f1:
 [0.96969697 0.90322581 0.88888889 0.90909091 0.93333333 0.90322581
 0.9375     0.9375     0.9375     0.90322581 0.96969697 0.94117647
 0.96969697 0.94117647 0.85714286 0.84848485 0.96551724 0.93333333
 0.90909091 0.96774194 0.94117647 0.9375     0.84848485 1.
 0.90909091 0.84848485 0.96774194 0.90909091 0.94117647 0.9375
 0.88235294 0.94117647 0.91428571 0.96969697 0.96774194 0.94117647
 0.8        0.9375     0.90909091 0.96969697 0.89655172 0.85714286
 0.90909091 0.94117647 0.90909091 0.96969697 0.9375     0.96774194
 0.94117647 1.         1.         0.91428571 0.82352941 0.96969697
 0.90322581 0.9375     0.96774194 0.82758621 0.875      0.94117647
 0.96969697 0.875      0.90322581 0.96969697 0.9375     0.94117647
 0.90322581 0.93333333 0.90909091 0.90909091 0.96969697 0.96969697
 0.94117647 0.875      0.94117647 0.89655172 0.90909091 0.9375
 0.96969697 0.9375     0.96969697 1.         0.8        0.90909091
 0.96969697 0.90909091 0.90909091 0.93333333 0.96969697 0.91428571
 0.94117647 0.96969697 0.90909091 0.96774194 0.94117647 0.96969697
 0.96774194 0.92857143 0.88235294 0.88888889]
Mean f1: 0.9273636232040259
Dev: 0.041941870647903536
LR_GAN Cross-Validation Results f1:
 [1.         0.96       0.88888889 0.96       1.         0.96296296
 0.84615385 1.         1.         0.95652174 1.         0.96
 1.         0.96       0.96296296 0.96296296 0.96       0.95652174
 0.91666667 0.91666667 0.92307692 0.96296296 0.91666667 0.88888889
 0.96       1.         1.         1.         0.96       1.
 0.96       0.96       0.92307692 1.         0.92307692 1.
 1.         0.96       0.91666667 0.96       0.96296296 0.96296296
 0.96       0.96296296 0.96296296 0.96       0.95652174 1.
 0.91666667 0.95652174 0.88       1.         1.         1.
 1.         1.         1.         0.91666667 0.81818182 0.92307692
 0.96       0.96296296 0.96       1.         0.96       0.96
 0.91666667 0.96       0.96       0.91666667 0.96296296 0.96
 0.96296296 0.96       0.92307692 1.         1.         0.96
 1.         0.86956522 0.85714286 0.96       0.88       1.
 1.         1.         0.92307692 0.90909091 0.95652174 1.
 1.         0.96       1.         0.92307692 1.         0.85714286
 1.         0.81818182 1.         1.        ]
Mean f1: 0.9572331018417976
Dev: 0.04317239819396851
DT Cross-Validation Results f1:
 [0.92307692 0.90909091 0.90909091 0.92307692 0.90909091 0.92307692
 0.75       0.90909091 0.90909091 1.         1.         0.83333333
 0.66666667 0.90909091 0.90909091 0.92307692 0.88888889 1.
 0.92307692 0.90909091 0.90909091 0.8        0.90909091 0.72727273
 1.         0.90909091 1.         0.90909091 1.         0.90909091
 0.92307692 0.8        0.8        0.90909091 0.92307692 1.
 0.88888889 0.88888889 0.92307692 1.         1.         0.90909091
 0.92307692 0.90909091 0.90909091 0.92307692 0.75       0.88888889
 0.90909091 0.92307692 1.         1.         1.         0.90909091
 0.90909091 0.90909091 0.88888889 0.90909091 0.83333333 0.92307692
 0.90909091 1.         0.90909091 0.90909091 0.8        0.83333333
 0.90909091 1.         1.         0.83333333 1.         0.92307692
 0.90909091 1.         0.90909091 0.90909091 1.         0.88888889
 0.8        0.85714286 0.92307692 0.90909091 0.90909091 1.
 0.90909091 0.90909091 0.75       0.90909091 0.92307692 1.
 1.         1.         0.90909091 0.90909091 1.         0.90909091
 0.75       0.90909091 0.90909091 0.92307692]
Mean f1: 0.9114152514152514
Dev: 0.0688002516324135
DT_SMOTE Cross-Validation Results f1:
 [0.96969697 1.         1.         0.96969697 1.         0.96969697
 1.         0.93333333 1.         0.96774194 1.         1.
 1.         0.96774194 0.94117647 0.96969697 1.         0.96551724
 1.         1.         1.         1.         0.96774194 1.
 0.96969697 0.96969697 1.         0.96774194 1.         1.
 0.96774194 0.96969697 1.         1.         0.96774194 0.96969697
 1.         0.96774194 0.96969697 1.         0.96774194 1.
 0.96969697 1.         1.         0.96969697 0.96551724 1.
 0.96969697 0.96969697 0.96969697 0.96774194 1.         1.
 0.81481481 1.         0.96774194 1.         0.96969697 1.
 1.         0.96774194 1.         0.96774194 1.         0.96969697
 0.90322581 1.         1.         1.         0.96969697 0.96774194
 1.         0.96969697 1.         1.         0.96551724 0.96774194
 0.96969697 1.         0.96774194 1.         0.875      1.
 1.         0.96969697 1.         0.96774194 1.         1.
 1.         1.         0.96969697 0.96774194 1.         1.
 1.         0.93333333 0.96969697 0.96969697]
Mean f1: 0.9805207868891537
Dev: 0.027580119947161297
DT_BrdSMOTE Cross-Validation Results f1:
 [0.96969697 1.         1.         0.94117647 1.         0.96969697
 0.96774194 0.96774194 1.         0.96774194 1.         1.
 1.         1.         0.91428571 0.96969697 1.         0.93333333
 0.96969697 1.         0.96969697 1.         1.         1.
 0.9375     0.96969697 0.96774194 0.9375     1.         1.
 1.         1.         1.         0.96969697 0.96774194 0.94117647
 1.         0.96774194 0.94117647 1.         0.96774194 1.
 1.         0.96969697 1.         0.94117647 1.         1.
 0.94117647 0.96969697 0.96969697 1.         0.96969697 1.
 0.96774194 0.96969697 0.9375     1.         0.96969697 1.
 1.         0.9375     1.         1.         1.         0.94117647
 0.9375     1.         0.96969697 1.         0.96969697 0.96774194
 1.         0.96969697 0.96969697 0.96969697 1.         0.96774194
 0.96969697 1.         1.         1.         0.96969697 1.
 0.96969697 0.96969697 0.96774194 0.93333333 1.         1.
 1.         1.         1.         0.96774194 0.96969697 1.
 0.96774194 0.9375     0.90322581 0.96969697]
Mean f1: 0.9780960944495101
Dev: 0.02395576193214531
DT_GAN Cross-Validation Results f1:
 [0.96       1.         1.         0.96       0.96       1.
 0.92307692 0.95652174 1.         0.96       1.         1.
 1.         0.91666667 1.         1.         0.92307692 1.
 0.91666667 0.96       1.         0.96       0.96       0.96
 0.91666667 1.         0.96       1.         0.96       1.
 1.         0.96296296 1.         1.         0.92857143 0.96
 1.         0.95652174 1.         1.         0.96296296 1.
 0.92307692 1.         1.         1.         1.         0.96
 0.88       0.95652174 0.96       0.96296296 1.         1.
 0.96       1.         1.         1.         0.95652174 0.92307692
 0.92307692 1.         0.96       1.         0.96       0.91666667
 0.95652174 0.88       1.         0.90909091 0.96       0.96
 1.         0.96296296 1.         1.         0.96       0.96
 0.95652174 1.         0.96296296 1.         0.91666667 1.
 1.         1.         0.96       1.         1.         0.95652174
 1.         1.         1.         0.96       1.         0.92307692
 0.91666667 0.95652174 1.         1.        ]
Mean f1: 0.9722311260398219
Dev: 0.03152882438016288
RF Cross-Validation Results f1:
 [1.         0.90909091 0.90909091 0.72727273 0.90909091 0.92307692
 0.57142857 0.90909091 1.         1.         1.         0.92307692
 1.         0.90909091 0.90909091 0.92307692 0.88888889 1.
 0.92307692 0.44444444 1.         0.66666667 0.90909091 0.92307692
 1.         0.90909091 0.75       0.90909091 1.         0.90909091
 1.         1.         0.8        1.         0.92307692 0.90909091
 1.         0.88888889 0.92307692 1.         1.         1.
 0.83333333 1.         0.90909091 0.92307692 0.75       1.
 0.90909091 1.         0.90909091 1.         0.90909091 0.90909091
 1.         1.         1.         0.90909091 0.83333333 0.8
 1.         1.         1.         0.90909091 0.8        0.72727273
 0.90909091 1.         1.         0.83333333 1.         0.92307692
 0.90909091 1.         1.         0.90909091 1.         0.88888889
 0.90909091 0.92307692 0.83333333 0.90909091 0.90909091 1.
 1.         0.8        0.75       1.         1.         1.
 1.         1.         1.         0.90909091 1.         0.8
 0.75       0.90909091 0.90909091 0.92307692]
Mean f1: 0.9183638583638583
Dev: 0.0985960610610165
RF_SMOTE Cross-Validation Results f1:
 [0.96969697 1.         1.         0.96969697 0.96774194 0.96969697
 1.         0.93333333 1.         0.96774194 1.         0.96774194
 1.         0.96774194 0.94117647 0.96969697 1.         0.96551724
 1.         1.         1.         1.         0.96774194 1.
 0.9375     0.96969697 1.         0.96774194 1.         0.96969697
 0.96774194 1.         1.         1.         0.96774194 0.96969697
 1.         0.96774194 0.90322581 1.         0.96774194 1.
 1.         1.         1.         0.96969697 0.96551724 1.
 0.96969697 0.96969697 0.96969697 0.96774194 1.         1.
 0.96774194 1.         0.96774194 1.         0.96969697 1.
 1.         0.96774194 1.         0.96774194 1.         0.96969697
 0.93333333 1.         1.         1.         1.         0.96774194
 1.         0.96969697 0.96774194 1.         0.96551724 0.96774194
 0.96969697 1.         0.96774194 1.         0.96969697 1.
 1.         0.96969697 1.         0.96551724 0.96774194 1.
 1.         1.         1.         0.96774194 1.         1.
 1.         0.93333333 0.96969697 0.96969697]
Mean f1: 0.9819079431196082
Dev: 0.020344154529744068
RF_BrdSMOTE Cross-Validation Results f1:
 [0.96969697 1.         1.         0.96969697 1.         0.96969697
 1.         1.         1.         0.96774194 1.         1.
 1.         1.         0.94117647 0.96969697 1.         0.93333333
 0.96969697 1.         0.96969697 1.         1.         1.
 0.9375     0.96969697 0.96774194 0.9375     1.         0.96969697
 1.         1.         1.         1.         0.96774194 0.94117647
 1.         0.96774194 0.94117647 1.         1.         1.
 1.         0.96969697 1.         0.94117647 1.         1.
 0.94117647 0.96969697 0.96969697 1.         0.96969697 1.
 0.96774194 0.96969697 0.9375     0.9375     0.96969697 1.
 1.         0.96969697 1.         1.         1.         0.94117647
 0.9375     1.         0.96969697 1.         1.         0.96774194
 1.         0.96969697 0.96969697 1.         1.         0.96774194
 0.96969697 1.         1.         1.         0.96969697 1.
 0.96969697 0.96969697 0.96774194 0.93333333 1.         1.
 0.96969697 1.         1.         0.96774194 1.         1.
 0.96774194 1.         0.96969697 0.96969697]
Mean f1: 0.9812106908745903
Dev: 0.021734819811660665
RF_GAN Cross-Validation Results f1:
 [0.96296296 0.96296296 0.96       0.91666667 1.         1.
 0.92307692 1.         1.         0.96       0.96296296 0.96
 0.96       0.91666667 1.         1.         0.92307692 1.
 0.91666667 0.95652174 1.         1.         0.92307692 0.92307692
 0.91666667 1.         0.96       1.         0.91666667 1.
 0.96       0.96       1.         0.96296296 0.88888889 0.96296296
 1.         1.         0.95652174 0.95652174 0.96296296 1.
 1.         1.         1.         0.92307692 1.         0.96
 0.96       0.90909091 0.96       1.         1.         0.96296296
 1.         0.96296296 1.         1.         0.90909091 0.92307692
 1.         0.92307692 1.         1.         0.96       0.91666667
 1.         0.92307692 0.96       1.         1.         0.96
 1.         0.96       1.         1.         0.95652174 0.92307692
 0.96       0.95652174 0.96       0.91666667 0.96296296 1.
 1.         1.         0.96       1.         1.         0.92307692
 0.96296296 0.91666667 1.         0.96       0.96       0.92307692
 0.96       0.91666667 1.         1.        ]
Mean f1: 0.9672315518619868
Dev: 0.03228861403920914
XGB Cross-Validation Results f1:
 [1.         0.90909091 1.         0.92307692 0.90909091 0.92307692
 0.75       1.         1.         1.         1.         1.
 0.90909091 0.8        0.90909091 0.92307692 0.88888889 1.
 0.92307692 0.8        1.         0.8        0.90909091 0.92307692
 1.         0.90909091 0.88888889 0.90909091 1.         1.
 1.         0.8        0.8        1.         0.92307692 1.
 1.         0.88888889 0.92307692 1.         1.         1.
 0.92307692 0.90909091 0.90909091 0.92307692 0.75       0.88888889
 0.90909091 1.         0.90909091 1.         1.         0.90909091
 1.         1.         1.         1.         0.83333333 0.83333333
 1.         1.         1.         0.90909091 0.8        0.83333333
 0.90909091 1.         1.         1.         1.         0.92307692
 0.90909091 1.         0.90909091 0.8        1.         0.88888889
 0.90909091 0.92307692 0.83333333 1.         0.90909091 1.
 1.         0.90909091 0.75       0.90909091 1.         1.
 1.         1.         1.         1.         1.         0.90909091
 0.75       0.90909091 0.90909091 0.92307692]
Mean f1: 0.9336379176379175
Dev: 0.07235575100968282
XGB_SMOTE Cross-Validation Results f1:
 [0.9375     1.         1.         0.96969697 0.96774194 0.96969697
 1.         0.96551724 1.         0.96774194 1.         0.96774194
 1.         0.96774194 0.96969697 0.96969697 1.         0.96551724
 1.         1.         1.         1.         0.96774194 1.
 0.9375     0.96774194 1.         0.93333333 0.96774194 1.
 0.96774194 1.         1.         0.96774194 0.96774194 0.96969697
 1.         0.93333333 0.93333333 0.96969697 0.96774194 1.
 1.         1.         0.96774194 0.96969697 0.96551724 1.
 0.96969697 1.         1.         0.96774194 1.         1.
 0.89655172 0.96774194 0.96774194 0.96774194 0.96969697 0.96774194
 1.         0.93333333 1.         0.96774194 1.         0.9375
 0.93333333 1.         0.96969697 0.96969697 0.96774194 0.96774194
 1.         0.90322581 0.93333333 0.96774194 0.90322581 0.96774194
 1.         1.         0.96774194 1.         0.96969697 0.96969697
 1.         0.90322581 1.         0.96551724 0.96774194 1.
 0.96969697 0.96774194 0.96774194 0.96774194 1.         1.
 0.96774194 0.96551724 0.96969697 0.9375    ]
Mean f1: 0.9742604408939225
Dev: 0.025237309680234552
XGB_BrdSMOTE Cross-Validation Results f1:
 [1.         1.         1.         0.96969697 1.         0.96969697
 1.         1.         1.         0.93333333 1.         1.
 1.         1.         0.96969697 0.96969697 1.         0.96551724
 0.96774194 1.         1.         1.         1.         1.
 0.9375     0.9375     1.         0.96774194 1.         1.
 1.         1.         1.         1.         0.96774194 0.96969697
 1.         0.96774194 1.         0.96774194 0.93333333 1.
 1.         1.         1.         0.96969697 1.         1.
 0.96969697 1.         1.         1.         1.         1.
 0.96774194 1.         0.96774194 0.96774194 0.96969697 1.
 1.         0.96774194 0.96969697 1.         1.         0.96969697
 0.9375     1.         0.96774194 1.         1.         0.96774194
 1.         0.96969697 1.         0.96774194 0.96774194 0.96774194
 1.         1.         1.         1.         0.96969697 1.
 1.         0.96969697 1.         0.92857143 1.         1.
 1.         1.         0.96774194 0.96774194 1.         1.
 1.         1.         0.96969697 0.96969697]
Mean f1: 0.9860258084981389
Dev: 0.01944077309127978
XGB_GAN Cross-Validation Results f1:
 [0.96296296 1.         1.         0.91666667 1.         0.96296296
 0.92307692 0.95652174 1.         0.96       0.96296296 0.96
 0.96       0.96       1.         1.         0.92307692 1.
 0.95652174 0.92307692 0.92307692 1.         0.96       0.92857143
 1.         1.         0.96       0.95652174 0.91666667 1.
 0.96       0.88888889 1.         0.96       0.88888889 0.96296296
 1.         0.96       1.         0.95652174 0.96296296 0.96
 1.         1.         0.96296296 0.96296296 1.         0.96
 0.88888889 0.86956522 0.96       0.96296296 0.91666667 0.96296296
 0.96       0.96296296 1.         0.96       0.90909091 0.92307692
 1.         0.96       1.         1.         0.96       0.96
 0.96       0.92307692 0.96       0.95652174 0.96296296 0.96
 0.96296296 1.         1.         1.         0.86956522 0.92307692
 0.96       0.91666667 0.92307692 0.96       0.92857143 1.
 0.96       0.96       0.92307692 0.96       1.         0.91666667
 0.96296296 0.96       1.         0.96       1.         0.92857143
 0.86956522 0.96       1.         1.        ]
Mean f1: 0.9604232036884209
Dev: 0.033922874672583106
XGB_RF Cross-Validation Results f1:
 [1.         0.90909091 0.92307692 0.72727273 0.83333333 0.92307692
 0.57142857 0.90909091 1.         1.         1.         1.
 0.90909091 1.         0.90909091 0.85714286 0.88888889 1.
 0.85714286 0.72727273 1.         0.66666667 0.90909091 0.85714286
 1.         1.         0.75       0.83333333 1.         0.92307692
 1.         1.         0.8        1.         0.92307692 0.92307692
 1.         0.8        0.85714286 1.         1.         1.
 0.92307692 0.92307692 0.90909091 0.92307692 0.88888889 1.
 0.83333333 0.92307692 0.8        1.         1.         0.85714286
 1.         1.         1.         1.         0.83333333 0.92307692
 0.92307692 0.92307692 1.         0.90909091 0.83333333 0.92307692
 0.8        1.         1.         1.         1.         0.92307692
 0.90909091 0.92307692 0.92307692 0.90909091 1.         0.90909091
 1.         0.92307692 0.76923077 1.         1.         1.
 0.92307692 0.92307692 0.88888889 0.90909091 1.         1.
 1.         1.         0.92307692 1.         1.         0.90909091
 0.88888889 0.90909091 0.92307692 0.92307692]
Mean f1: 0.9254568209568208
Dev: 0.08316001126427795
XGB_RF_SMOTE Cross-Validation Results f1:
 [1.         1.         0.96969697 0.96969697 1.         0.96969697
 1.         0.93333333 1.         0.96774194 1.         1.
 1.         0.96774194 0.96969697 0.94117647 1.         0.96551724
 0.96969697 1.         1.         1.         0.96774194 1.
 0.9375     1.         0.96774194 0.96774194 0.96969697 0.96969697
 0.96774194 0.96969697 1.         1.         0.96774194 0.96969697
 0.96774194 0.96774194 1.         0.96969697 0.96774194 1.
 0.96969697 1.         1.         0.96969697 0.96551724 0.96774194
 0.96969697 0.96969697 1.         0.96774194 0.96969697 1.
 0.96774194 1.         0.96774194 0.9375     0.96969697 1.
 1.         0.96774194 0.96969697 0.96774194 1.         0.94117647
 0.96774194 1.         1.         1.         1.         0.96774194
 1.         0.96969697 1.         1.         0.90322581 0.9375
 1.         1.         0.96774194 1.         0.96969697 0.96969697
 1.         0.96969697 0.96774194 0.96551724 1.         0.96969697
 0.96969697 1.         0.96969697 0.96774194 1.         1.
 1.         0.96551724 0.96969697 0.96969697]
Mean f1: 0.9792818290376117
Dev: 0.02000204689752064
XGB_RF_BrdSMOTE Cross-Validation Results f1:
 [0.96969697 1.         0.96969697 0.94117647 0.96969697 0.96969697
 0.96774194 0.96774194 1.         0.96774194 1.         0.96969697
 1.         1.         0.94117647 0.94117647 1.         0.93333333
 0.94117647 1.         0.96969697 1.         1.         1.
 0.9375     0.96969697 0.9375     0.9375     0.96969697 0.96969697
 1.         0.96969697 1.         0.96969697 0.96774194 0.94117647
 0.85714286 0.96774194 0.96969697 0.96969697 0.96774194 1.
 0.96969697 0.96969697 0.96969697 0.94117647 1.         0.96774194
 0.94117647 1.         1.         1.         0.94117647 1.
 0.96774194 0.96969697 0.9375     0.9375     0.96969697 1.
 1.         0.9375     0.96969697 1.         1.         0.91428571
 0.96774194 1.         0.96969697 1.         1.         0.96774194
 1.         0.96969697 0.96969697 0.96969697 0.9375     0.9375
 0.96969697 1.         1.         1.         0.96969697 0.96969697
 0.96969697 0.96969697 0.9375     0.93333333 1.         0.96969697
 0.96969697 1.         0.96969697 0.96774194 0.96969697 0.96969697
 0.96774194 0.96774194 0.96969697 0.96969697]
Mean f1: 0.9712504610348538
Dev: 0.024999091142456378
XGB_RF_GAN Cross-Validation Results f1:
 [0.96296296 0.92307692 0.96296296 0.96       1.         0.96296296
 0.92307692 1.         0.92307692 0.96       0.96296296 1.
 1.         0.91666667 0.96296296 0.96296296 0.88888889 1.
 0.91666667 0.88       0.92307692 1.         0.92307692 0.89655172
 0.91666667 1.         0.96       0.96       0.88       0.96
 0.96       0.92307692 1.         0.96296296 0.88888889 0.96296296
 1.         0.96       0.95652174 0.92307692 0.96296296 1.
 0.96296296 1.         0.96296296 0.92307692 0.96       0.92307692
 0.88888889 0.95652174 0.96       0.92857143 0.96       0.96296296
 1.         0.96296296 1.         0.96       0.90909091 0.88888889
 0.96296296 0.86666667 0.96       1.         0.96       0.91666667
 0.96       0.88888889 0.96       0.95652174 0.96296296 0.92307692
 1.         0.92307692 1.         0.96296296 0.91666667 0.92307692
 0.96       0.96       0.96296296 0.88       0.92857143 1.
 1.         1.         0.92307692 1.         1.         0.92307692
 0.96296296 0.96       1.         0.96       0.96296296 0.92857143
 0.91666667 0.92307692 1.         0.96      ]
Mean f1: 0.9525448338989569
Dev: 0.03548764090042465
LR Cross-Validation Results recall:
 [1.         0.83333333 0.66666667 1.         0.83333333 1.
 1.         1.         0.83333333 1.         1.         1.
 1.         0.66666667 0.66666667 1.         0.8        1.
 0.83333333 0.83333333 0.66666667 0.66666667 0.83333333 1.
 0.83333333 0.83333333 1.         1.         1.         0.83333333
 0.83333333 0.66666667 0.5        1.         1.         1.
 1.         0.8        1.         1.         1.         0.83333333
 0.83333333 0.83333333 0.83333333 1.         0.8        1.
 0.83333333 1.         0.83333333 1.         1.         1.
 0.66666667 1.         1.         0.8        0.83333333 0.83333333
 1.         0.83333333 1.         0.83333333 0.5        0.83333333
 1.         1.         1.         0.83333333 1.         0.83333333
 0.83333333 1.         0.66666667 0.83333333 1.         1.
 0.83333333 0.83333333 0.83333333 1.         0.83333333 0.66666667
 1.         1.         0.6        1.         1.         0.83333333
 1.         0.83333333 1.         0.83333333 1.         0.5
 0.6        1.         1.         0.83333333]
Mean recall: 0.8839999999999999
Dev: 0.1342038250820992
LR_SMOTE Cross-Validation Results recall:
 [1.         0.9375     0.9375     0.9375     1.         1.
 0.93333333 0.93333333 0.9375     0.875      1.         1.
 1.         0.9375     0.875      1.         0.93333333 0.86666667
 1.         1.         0.9375     0.9375     0.9375     0.9375
 0.9375     1.         1.         1.         0.9375     0.9375
 0.875      1.         1.         1.         0.9375     1.
 1.         1.         0.8125     1.         0.9375     0.9375
 1.         0.9375     1.         0.875      0.93333333 0.93333333
 1.         1.         0.9375     0.875      0.9375     1.
 0.9375     1.         0.93333333 1.         1.         1.
 0.9375     0.875      1.         0.9375     1.         1.
 0.93333333 0.93333333 1.         0.875      0.9375     0.9375
 1.         0.8125     1.         1.         0.93333333 1.
 1.         1.         0.9375     0.9375     1.         0.9375
 1.         0.875      0.93333333 0.93333333 1.         0.9375
 1.         1.         0.9375     0.9375     1.         0.9375
 0.93333333 0.93333333 0.875      1.        ]
Mean recall: 0.95625
Dev: 0.046073235783430234
LR_BrdSMOTE Cross-Validation Results recall:
 [1.         0.875      1.         0.9375     0.875      0.875
 1.         1.         0.9375     0.875      1.         1.
 1.         1.         0.9375     0.875      0.93333333 0.93333333
 0.9375     0.9375     1.         0.9375     0.875      1.
 0.9375     0.875      1.         1.         1.         0.9375
 0.9375     1.         1.         1.         0.9375     1.
 0.8        1.         0.9375     1.         0.8125     0.9375
 0.9375     1.         0.9375     1.         1.         1.
 1.         1.         1.         1.         0.875      1.
 0.875      0.9375     1.         0.8        0.875      1.
 1.         0.875      0.875      1.         0.9375     1.
 0.93333333 0.93333333 0.9375     0.9375     1.         1.
 1.         0.875      1.         0.8125     1.         1.
 1.         0.9375     1.         1.         0.875      0.9375
 1.         0.9375     1.         0.93333333 1.         1.
 1.         1.         0.9375     0.9375     1.         1.
 1.         0.86666667 0.9375     1.        ]
Mean recall: 0.9550833333333333
Dev: 0.054869099277786174
LR_GAN Cross-Validation Results recall:
 [1.         0.92307692 0.92307692 0.92307692 1.         1.
 0.91666667 1.         1.         0.91666667 1.         0.92307692
 1.         0.92307692 1.         1.         1.         0.91666667
 0.91666667 0.91666667 0.92307692 1.         0.84615385 0.92307692
 0.92307692 1.         1.         1.         1.         1.
 0.92307692 0.92307692 0.92307692 1.         0.92307692 1.
 1.         1.         0.91666667 1.         1.         1.
 0.92307692 1.         1.         0.92307692 0.91666667 1.
 0.91666667 0.91666667 0.84615385 1.         1.         1.
 1.         1.         1.         0.91666667 0.75       1.
 0.92307692 1.         0.92307692 1.         0.92307692 0.92307692
 0.91666667 1.         1.         0.91666667 1.         0.92307692
 1.         0.92307692 0.92307692 1.         1.         1.
 1.         0.83333333 0.92307692 0.92307692 0.84615385 1.
 1.         1.         1.         0.83333333 0.91666667 1.
 1.         0.92307692 1.         0.92307692 1.         0.92307692
 1.         0.75       1.         1.        ]
Mean recall: 0.9562179487179489
Dev: 0.05513606831220681
DT Cross-Validation Results recall:
 [1.         0.83333333 0.83333333 1.         0.83333333 1.
 0.6        1.         0.83333333 1.         1.         0.83333333
 0.5        0.83333333 0.83333333 1.         0.8        1.
 1.         0.83333333 0.83333333 0.66666667 0.83333333 0.66666667
 1.         0.83333333 1.         1.         1.         0.83333333
 1.         0.66666667 0.66666667 0.83333333 1.         1.
 0.8        0.8        1.         1.         1.         0.83333333
 1.         0.83333333 0.83333333 1.         0.6        0.8
 0.83333333 1.         1.         1.         1.         0.83333333
 0.83333333 0.83333333 0.8        1.         0.83333333 1.
 0.83333333 1.         0.83333333 0.83333333 0.66666667 0.83333333
 1.         1.         1.         0.83333333 1.         1.
 0.83333333 1.         0.83333333 0.83333333 1.         0.8
 0.66666667 1.         1.         0.83333333 0.83333333 1.
 0.83333333 0.83333333 0.6        1.         1.         1.
 1.         1.         0.83333333 0.83333333 1.         0.83333333
 0.6        1.         0.83333333 1.        ]
Mean recall: 0.8853333333333333
Dev: 0.12286578042726137
DT_SMOTE Cross-Validation Results recall:
 [1.         1.         1.         1.         1.         1.
 1.         0.93333333 1.         0.9375     1.         1.
 1.         0.9375     1.         1.         1.         0.93333333
 1.         1.         1.         1.         0.9375     1.
 1.         1.         1.         1.         1.         1.
 0.9375     1.         1.         1.         0.9375     1.
 1.         1.         1.         1.         0.9375     1.
 1.         1.         1.         1.         0.93333333 1.
 1.         1.         1.         0.9375     1.         1.
 0.6875     1.         1.         1.         1.         1.
 1.         0.9375     1.         0.9375     1.         1.
 0.93333333 1.         1.         1.         1.         0.9375
 1.         1.         1.         1.         0.93333333 1.
 1.         1.         0.9375     1.         0.875      1.
 1.         1.         1.         1.         1.         1.
 1.         1.         1.         0.9375     1.         1.
 1.         0.93333333 1.         1.        ]
Mean recall: 0.9841249999999999
Dev: 0.04020215842049611
DT_BrdSMOTE Cross-Validation Results recall:
 [1.         1.         1.         1.         1.         1.
 1.         1.         1.         0.9375     1.         1.
 1.         1.         1.         1.         1.         0.93333333
 1.         1.         1.         1.         1.         1.
 0.9375     1.         1.         1.         1.         1.
 1.         1.         1.         1.         0.9375     1.
 1.         1.         1.         1.         0.9375     1.
 1.         1.         1.         1.         1.         1.
 1.         1.         1.         1.         1.         1.
 0.9375     1.         1.         1.         1.         1.
 1.         0.9375     1.         1.         1.         1.
 1.         1.         1.         1.         1.         0.9375
 1.         1.         1.         1.         1.         1.
 1.         1.         1.         1.         1.         1.
 1.         1.         1.         0.93333333 1.         1.
 1.         1.         1.         0.9375     1.         1.
 1.         1.         0.875      1.        ]
Mean recall: 0.9924166666666667
Dev: 0.022363629947851585
DT_GAN Cross-Validation Results recall:
 [0.92307692 1.         1.         0.92307692 0.92307692 1.
 1.         0.91666667 1.         1.         1.         1.
 1.         0.84615385 1.         1.         1.         1.
 0.91666667 1.         1.         0.92307692 0.92307692 0.92307692
 0.84615385 1.         1.         1.         1.         1.
 1.         1.         1.         1.         1.         0.92307692
 1.         0.91666667 1.         1.         1.         1.
 0.92307692 1.         1.         1.         1.         1.
 0.91666667 0.91666667 0.92307692 1.         1.         1.
 0.92307692 1.         1.         1.         0.91666667 1.
 0.92307692 1.         0.92307692 1.         0.92307692 0.84615385
 0.91666667 0.91666667 1.         0.83333333 0.92307692 0.92307692
 1.         1.         1.         1.         1.         1.
 0.91666667 1.         1.         1.         0.84615385 1.
 1.         1.         1.         1.         1.         0.91666667
 1.         1.         1.         0.92307692 1.         0.92307692
 0.91666667 0.91666667 1.         1.        ]
Mean recall: 0.9691025641025642
Dev: 0.04592518141464921
RF Cross-Validation Results recall:
 [1.         0.83333333 0.83333333 0.66666667 0.83333333 1.
 0.4        1.         1.         1.         1.         1.
 1.         0.83333333 0.83333333 1.         0.8        1.
 1.         0.33333333 1.         0.5        0.83333333 1.
 1.         0.83333333 0.6        1.         1.         0.83333333
 1.         1.         0.66666667 1.         1.         0.83333333
 1.         0.8        1.         1.         1.         1.
 0.83333333 1.         0.83333333 1.         0.6        1.
 0.83333333 1.         0.83333333 1.         0.83333333 0.83333333
 1.         1.         1.         1.         0.83333333 0.66666667
 1.         1.         1.         0.83333333 0.66666667 0.66666667
 1.         1.         1.         0.83333333 1.         1.
 0.83333333 1.         1.         0.83333333 1.         0.8
 0.83333333 1.         0.83333333 0.83333333 0.83333333 1.
 1.         0.66666667 0.6        1.         1.         1.
 1.         1.         1.         0.83333333 1.         0.66666667
 0.6        1.         0.83333333 1.        ]
Mean recall: 0.8936666666666666
Dev: 0.14777573097997748
RF_SMOTE Cross-Validation Results recall:
 [1.         1.         1.         1.         0.9375     1.
 1.         0.93333333 1.         0.9375     1.         0.9375
 1.         0.9375     1.         1.         1.         0.93333333
 1.         1.         1.         1.         0.9375     1.
 0.9375     1.         1.         1.         1.         1.
 0.9375     1.         1.         1.         0.9375     1.
 1.         1.         0.875      1.         0.9375     1.
 1.         1.         1.         1.         0.93333333 1.
 1.         1.         1.         0.9375     1.         1.
 0.9375     1.         1.         1.         1.         1.
 1.         0.9375     1.         0.9375     1.         1.
 0.93333333 1.         1.         1.         1.         0.9375
 1.         1.         0.9375     1.         0.93333333 1.
 1.         1.         0.9375     1.         1.         1.
 1.         1.         1.         0.93333333 0.9375     1.
 1.         1.         1.         0.9375     1.         1.
 1.         0.93333333 1.         1.        ]
Mean recall: 0.9828333333333333
Dev: 0.02959377749910725
RF_BrdSMOTE Cross-Validation Results recall:
 [1.         1.         1.         1.         1.         1.
 1.         1.         1.         0.9375     1.         1.
 1.         1.         1.         1.         1.         0.93333333
 1.         1.         1.         1.         1.         1.
 0.9375     1.         1.         1.         1.         1.
 1.         1.         1.         1.         0.9375     1.
 1.         1.         1.         1.         1.         1.
 1.         1.         1.         1.         1.         1.
 1.         1.         1.         1.         1.         1.
 0.9375     1.         1.         1.         1.         1.
 1.         1.         1.         1.         1.         1.
 1.         1.         1.         1.         1.         0.9375
 1.         1.         1.         1.         1.         1.
 1.         1.         1.         1.         1.         1.
 1.         1.         1.         0.93333333 1.         1.
 1.         1.         1.         0.9375     1.         1.
 1.         1.         1.         1.        ]
Mean recall: 0.9949166666666668
Dev: 0.017245973765233177
RF_GAN Cross-Validation Results recall:
 [1.         1.         0.92307692 0.84615385 1.         1.
 1.         1.         1.         1.         1.         0.92307692
 0.92307692 0.84615385 1.         1.         1.         1.
 0.91666667 0.91666667 1.         1.         0.92307692 0.92307692
 0.84615385 1.         1.         1.         0.91666667 1.
 0.92307692 0.92307692 1.         1.         0.92307692 1.
 1.         1.         0.91666667 0.91666667 1.         1.
 1.         1.         1.         0.92307692 1.         1.
 1.         0.83333333 0.92307692 1.         1.         1.
 1.         1.         1.         1.         0.83333333 1.
 1.         0.92307692 1.         1.         0.92307692 0.84615385
 1.         1.         1.         1.         1.         0.92307692
 1.         0.92307692 1.         1.         0.91666667 1.
 1.         0.91666667 0.92307692 0.84615385 1.         1.
 1.         1.         1.         1.         1.         1.
 1.         0.84615385 1.         0.92307692 0.92307692 0.92307692
 1.         0.91666667 1.         1.        ]
Mean recall: 0.9669230769230769
Dev: 0.05002234872000855
XGB Cross-Validation Results recall:
 [1.         0.83333333 1.         1.         0.83333333 1.
 0.6        1.         1.         1.         1.         1.
 0.83333333 0.66666667 0.83333333 1.         0.8        1.
 1.         0.66666667 1.         0.66666667 0.83333333 1.
 1.         0.83333333 0.8        1.         1.         1.
 1.         0.66666667 0.66666667 1.         1.         1.
 1.         0.8        1.         1.         1.         1.
 1.         0.83333333 0.83333333 1.         0.6        0.8
 0.83333333 1.         0.83333333 1.         1.         0.83333333
 1.         1.         1.         1.         0.83333333 0.83333333
 1.         1.         1.         0.83333333 0.66666667 0.83333333
 1.         1.         1.         1.         1.         1.
 0.83333333 1.         0.83333333 0.66666667 1.         0.8
 0.83333333 1.         0.83333333 1.         0.83333333 1.
 1.         0.83333333 0.6        1.         1.         1.
 1.         1.         1.         1.         1.         0.83333333
 0.6        1.         0.83333333 1.        ]
Mean recall: 0.9123333333333332
Dev: 0.12198861513363543
XGB_SMOTE Cross-Validation Results recall:
 [0.9375     1.         1.         1.         0.9375     1.
 1.         0.93333333 1.         0.9375     1.         0.9375
 1.         0.9375     1.         1.         1.         0.93333333
 1.         1.         1.         1.         0.9375     1.
 0.9375     0.9375     1.         0.93333333 0.9375     1.
 0.9375     1.         1.         0.9375     0.9375     1.
 1.         0.93333333 0.875      1.         0.9375     1.
 1.         1.         0.9375     1.         0.93333333 1.
 1.         1.         1.         0.9375     1.         1.
 0.8125     0.9375     1.         1.         1.         0.9375
 1.         0.875      1.         0.9375     1.         0.9375
 0.93333333 1.         1.         1.         0.9375     0.9375
 1.         0.875      0.875      0.9375     0.93333333 1.
 1.         1.         0.9375     1.         1.         1.
 1.         0.875      1.         0.93333333 0.9375     1.
 1.         0.9375     0.9375     0.9375     1.         1.
 1.         0.93333333 1.         0.9375    ]
Mean recall: 0.9683750000000001
Dev: 0.04032892107408776
XGB_BrdSMOTE Cross-Validation Results recall:
 [1.         1.         1.         1.         1.         1.
 1.         1.         1.         0.875      1.         1.
 1.         1.         1.         1.         1.         0.93333333
 0.9375     1.         1.         1.         1.         1.
 0.9375     0.9375     1.         1.         1.         1.
 1.         1.         1.         1.         0.9375     1.
 1.         1.         1.         0.9375     0.875      1.
 1.         1.         1.         1.         1.         1.
 1.         1.         1.         1.         1.         1.
 0.9375     1.         1.         1.         1.         1.
 1.         0.9375     1.         1.         1.         1.
 1.         1.         0.9375     1.         1.         0.9375
 1.         1.         1.         0.9375     1.         1.
 1.         1.         1.         1.         1.         1.
 1.         1.         1.         0.86666667 1.         1.
 1.         1.         0.9375     0.9375     1.         1.
 1.         1.         1.         1.        ]
Mean recall: 0.9880000000000001
Dev: 0.02931675667979359
XGB_GAN Cross-Validation Results recall:
 [1.         1.         1.         0.84615385 1.         1.
 1.         0.91666667 1.         1.         1.         0.92307692
 0.92307692 0.92307692 1.         1.         1.         1.
 0.91666667 1.         0.92307692 1.         0.92307692 1.
 1.         1.         1.         0.91666667 0.91666667 1.
 0.92307692 0.92307692 1.         0.92307692 0.92307692 1.
 1.         1.         1.         0.91666667 1.         0.92307692
 1.         1.         1.         1.         1.         1.
 1.         0.83333333 0.92307692 1.         0.84615385 1.
 0.92307692 1.         1.         1.         0.83333333 1.
 1.         0.92307692 1.         1.         0.92307692 0.92307692
 1.         1.         1.         0.91666667 1.         0.92307692
 1.         1.         1.         1.         0.83333333 1.
 1.         0.91666667 0.92307692 0.92307692 1.         1.
 0.92307692 0.92307692 1.         1.         1.         0.91666667
 1.         0.92307692 1.         0.92307692 1.         1.
 0.83333333 1.         1.         1.        ]
Mean recall: 0.9666666666666667
Dev: 0.04827735995836597
XGB_RF Cross-Validation Results recall:
 [1.         0.83333333 1.         0.66666667 0.83333333 1.
 0.4        1.         1.         1.         1.         1.
 0.83333333 1.         0.83333333 1.         0.8        1.
 1.         0.66666667 1.         0.5        0.83333333 1.
 1.         1.         0.6        1.         1.         1.
 1.         1.         0.66666667 1.         1.         1.
 1.         0.8        1.         1.         1.         1.
 1.         1.         0.83333333 1.         0.8        1.
 0.83333333 1.         0.66666667 1.         1.         1.
 1.         1.         1.         1.         0.83333333 1.
 1.         1.         1.         0.83333333 0.83333333 1.
 0.8        1.         1.         1.         1.         1.
 0.83333333 1.         1.         0.83333333 1.         1.
 1.         1.         0.83333333 1.         1.         1.
 1.         1.         0.8        1.         1.         1.
 1.         1.         1.         1.         1.         0.83333333
 0.8        1.         1.         1.        ]
Mean recall: 0.9363333333333334
Dev: 0.11991617442567491
XGB_RF_SMOTE Cross-Validation Results recall:
 [1.         1.         1.         1.         1.         1.
 1.         0.93333333 1.         0.9375     1.         1.
 1.         0.9375     1.         1.         1.         0.93333333
 1.         1.         1.         1.         0.9375     1.
 0.9375     1.         1.         1.         1.         1.
 0.9375     1.         1.         1.         0.9375     1.
 1.         1.         1.         1.         0.9375     1.
 1.         1.         1.         1.         0.93333333 1.
 1.         1.         1.         0.9375     1.         1.
 0.9375     1.         1.         1.         1.         1.
 1.         0.9375     1.         0.9375     1.         1.
 1.         1.         1.         1.         1.         0.9375
 1.         1.         1.         1.         0.93333333 1.
 1.         1.         0.9375     1.         1.         1.
 1.         1.         1.         0.93333333 1.         1.
 1.         1.         1.         0.9375     1.         1.
 1.         0.93333333 1.         1.        ]
Mean recall: 0.9872500000000001
Dev: 0.025514293379724756
XGB_RF_BrdSMOTE Cross-Validation Results recall:
 [1.         1.         1.         1.         1.         1.
 1.         1.         1.         0.9375     1.         1.
 1.         1.         1.         1.         1.         0.93333333
 1.         1.         1.         1.         1.         1.
 0.9375     1.         1.         1.         1.         1.
 1.         1.         1.         1.         0.9375     1.
 0.8        1.         1.         1.         0.9375     1.
 1.         1.         1.         1.         1.         1.
 1.         1.         1.         1.         1.         1.
 0.9375     1.         1.         1.         1.         1.
 1.         0.9375     1.         1.         1.         1.
 1.         1.         1.         1.         1.         0.9375
 1.         1.         1.         1.         1.         1.
 1.         1.         1.         1.         1.         1.
 1.         1.         1.         0.93333333 1.         1.
 1.         1.         1.         0.9375     1.         1.
 1.         1.         1.         1.        ]
Mean recall: 0.9916666666666667
Dev: 0.027054471801246534
XGB_RF_GAN Cross-Validation Results recall:
 [1.         0.92307692 1.         0.92307692 1.         1.
 1.         1.         1.         1.         1.         1.
 1.         0.84615385 1.         1.         1.         1.
 0.91666667 0.91666667 0.92307692 1.         0.92307692 1.
 0.84615385 1.         1.         1.         0.91666667 1.
 0.92307692 0.92307692 1.         1.         0.92307692 1.
 1.         1.         0.91666667 1.         1.         1.
 1.         1.         1.         0.92307692 1.         1.
 1.         0.91666667 0.92307692 1.         0.92307692 1.
 1.         1.         1.         1.         0.83333333 1.
 1.         1.         0.92307692 1.         0.92307692 0.84615385
 1.         1.         1.         0.91666667 1.         0.92307692
 1.         0.92307692 1.         1.         0.91666667 1.
 1.         1.         1.         0.84615385 1.         1.
 1.         1.         1.         1.         1.         1.
 1.         0.92307692 1.         0.92307692 1.         1.
 0.91666667 1.         1.         1.        ]
Mean recall: 0.9732051282051283
Dev: 0.044820300122713055
LR Cross-Validation Results accuracy:
 [1.         0.95454545 0.81818182 1.         0.95454545 1.
 0.95238095 0.95238095 0.9047619  1.         0.95454545 1.
 1.         0.90909091 0.90909091 0.95454545 0.9047619  1.
 0.95238095 0.85714286 0.90909091 0.90909091 0.95454545 1.
 0.86363636 0.95454545 1.         0.9047619  1.         0.85714286
 0.86363636 0.90909091 0.86363636 0.95454545 0.90909091 0.95454545
 1.         0.95238095 0.9047619  1.         0.90909091 0.95454545
 0.95454545 0.90909091 0.95454545 0.90909091 0.9047619  0.95238095
 0.95238095 1.         0.95454545 1.         0.95454545 0.90909091
 0.86363636 0.95454545 1.         0.9047619  0.9047619  0.95238095
 0.95454545 0.86363636 1.         0.90909091 0.81818182 0.95454545
 1.         1.         1.         0.9047619  1.         0.95454545
 0.95454545 0.95454545 0.86363636 0.90909091 1.         0.9047619
 0.95238095 0.95238095 0.95454545 1.         0.95454545 0.90909091
 0.86363636 0.95454545 0.9047619  1.         0.9047619  0.95238095
 1.         0.90909091 0.95454545 0.90909091 1.         0.86363636
 0.9047619  0.95238095 0.9047619  0.95238095]
Mean accuracy: 0.9404112554112553
Dev: 0.046607170186707625
LR_SMOTE Cross-Validation Results accuracy:
 [1.         0.9375     0.875      0.90625    1.         0.96875
 0.93548387 0.90322581 0.93548387 0.90322581 0.96875    0.96875
 0.96875    0.96875    0.875      0.90625    0.96774194 0.93548387
 0.93548387 1.         0.9375     0.9375     0.90625    0.96875
 0.9375     0.9375     0.96774194 0.90322581 0.93548387 0.93548387
 0.9375     0.96875    0.9375     0.96875    0.96875    0.9375
 0.90322581 0.93548387 0.87096774 0.96774194 0.96875    0.875
 0.96875    0.96875    0.9375     0.90625    0.90322581 0.93548387
 0.93548387 1.         0.96875    0.90625    0.84375    0.96875
 0.96875    1.         0.93548387 0.90322581 0.96774194 0.96774194
 0.96875    0.875      0.96875    0.9375     0.96875    0.9375
 0.93548387 0.90322581 0.96774194 0.87096774 0.9375     0.9375
 1.         0.84375    0.96875    1.         0.87096774 0.93548387
 0.96774194 1.         0.9375     0.96875    0.90625    0.9375
 0.96875    0.875      0.90322581 0.96774194 0.96774194 0.93548387
 0.96875    0.96875    0.9375     0.96875    0.9375     0.9375
 0.93548387 0.96774194 0.83870968 0.87096774]
Mean accuracy: 0.9394758064516131
Dev: 0.03785921002978119
LR_BrdSMOTE Cross-Validation Results accuracy:
 [0.96875    0.90625    0.875      0.90625    0.9375     0.90625
 0.93548387 0.93548387 0.93548387 0.90322581 0.96875    0.9375
 0.96875    0.9375     0.84375    0.84375    0.96774194 0.93548387
 0.90322581 0.96774194 0.9375     0.9375     0.84375    1.
 0.90625    0.84375    0.96774194 0.90322581 0.93548387 0.93548387
 0.875      0.9375     0.90625    0.96875    0.96875    0.9375
 0.80645161 0.93548387 0.90322581 0.96774194 0.90625    0.84375
 0.90625    0.9375     0.90625    0.96875    0.93548387 0.96774194
 0.93548387 1.         1.         0.90625    0.8125     0.96875
 0.90625    0.9375     0.96774194 0.83870968 0.87096774 0.93548387
 0.96875    0.875      0.90625    0.96875    0.9375     0.9375
 0.90322581 0.93548387 0.90322581 0.90322581 0.96875    0.96875
 0.9375     0.875      0.9375     0.90625    0.90322581 0.93548387
 0.96774194 0.93548387 0.96875    1.         0.78125    0.90625
 0.96875    0.90625    0.90322581 0.93548387 0.96774194 0.90322581
 0.9375     0.96875    0.90625    0.96875    0.9375     0.96875
 0.96774194 0.93548387 0.87096774 0.87096774]
Mean accuracy: 0.9250100806451613
Dev: 0.04360735977688236
LR_GAN Cross-Validation Results accuracy:
 [1.         0.96153846 0.88       0.96       1.         0.96
 0.84       1.         1.         0.96       1.         0.96153846
 1.         0.96       0.96       0.96       0.96       0.96
 0.92       0.92       0.92307692 0.96153846 0.92       0.88
 0.96       1.         1.         1.         0.96       1.
 0.96153846 0.96153846 0.92       1.         0.92       1.
 1.         0.96       0.92       0.96       0.96153846 0.96153846
 0.96       0.96       0.96       0.96       0.96       1.
 0.92       0.96       0.88461538 1.         1.         1.
 1.         1.         1.         0.92       0.84       0.92
 0.96153846 0.96153846 0.96       1.         0.96       0.96
 0.92       0.96       0.96       0.92       0.96153846 0.96153846
 0.96       0.96       0.92       1.         1.         0.96
 1.         0.88       0.84615385 0.96153846 0.88       1.
 1.         1.         0.92       0.92       0.96       1.
 1.         0.96153846 1.         0.92       1.         0.84
 1.         0.84       1.         1.        ]
Mean accuracy: 0.9575384615384616
Dev: 0.042547849847286275
DT Cross-Validation Results accuracy:
 [0.95454545 0.95454545 0.95454545 0.95454545 0.95454545 0.95454545
 0.9047619  0.95238095 0.95238095 1.         1.         0.90909091
 0.86363636 0.95454545 0.95454545 0.95454545 0.95238095 1.
 0.95238095 0.95238095 0.95454545 0.90909091 0.95454545 0.86363636
 1.         0.95454545 1.         0.95238095 1.         0.95238095
 0.95454545 0.90909091 0.90909091 0.95454545 0.95454545 1.
 0.95238095 0.95238095 0.95238095 1.         1.         0.95454545
 0.95454545 0.95454545 0.95454545 0.95454545 0.9047619  0.95238095
 0.95238095 0.95238095 1.         1.         1.         0.95454545
 0.95454545 0.95454545 0.95238095 0.95238095 0.9047619  0.95238095
 0.95454545 1.         0.95454545 0.95454545 0.90909091 0.90909091
 0.95238095 1.         1.         0.9047619  1.         0.95454545
 0.95454545 1.         0.95454545 0.95454545 1.         0.95238095
 0.9047619  0.9047619  0.95454545 0.95454545 0.95454545 1.
 0.95454545 0.95454545 0.9047619  0.95238095 0.95238095 1.
 1.         1.         0.95454545 0.95454545 1.         0.95454545
 0.9047619  0.95238095 0.95238095 0.95238095]
Mean accuracy: 0.9559740259740259
Dev: 0.031012444372018635
DT_SMOTE Cross-Validation Results accuracy:
 [0.96875    1.         1.         0.96875    1.         0.96875
 1.         0.93548387 1.         0.96774194 1.         1.
 1.         0.96875    0.9375     0.96875    1.         0.96774194
 1.         1.         1.         1.         0.96875    1.
 0.96875    0.96875    1.         0.96774194 1.         1.
 0.96875    0.96875    1.         1.         0.96875    0.96875
 1.         0.96774194 0.96774194 1.         0.96875    1.
 0.96875    1.         1.         0.96875    0.96774194 1.
 0.96774194 0.96774194 0.96875    0.96875    1.         1.
 0.84375    1.         0.96774194 1.         0.96774194 1.
 1.         0.96875    1.         0.96875    1.         0.96875
 0.90322581 1.         1.         1.         0.96875    0.96875
 1.         0.96875    1.         1.         0.96774194 0.96774194
 0.96774194 1.         0.96875    1.         0.875      1.
 1.         0.96875    1.         0.96774194 1.         1.
 1.         1.         0.96875    0.96875    1.         1.
 1.         0.93548387 0.96774194 0.96774194]
Mean accuracy: 0.9807056451612902
Dev: 0.025966231360091237
DT_BrdSMOTE Cross-Validation Results accuracy:
 [0.96875    1.         1.         0.9375     1.         0.96875
 0.96774194 0.96774194 1.         0.96774194 1.         1.
 1.         1.         0.90625    0.96875    1.         0.93548387
 0.96774194 1.         0.96875    1.         1.         1.
 0.9375     0.96875    0.96774194 0.93548387 1.         1.
 1.         1.         1.         0.96875    0.96875    0.9375
 1.         0.96774194 0.93548387 1.         0.96875    1.
 1.         0.96875    1.         0.9375     1.         1.
 0.93548387 0.96774194 0.96875    1.         0.96875    1.
 0.96875    0.96875    0.93548387 1.         0.96774194 1.
 1.         0.9375     1.         1.         1.         0.9375
 0.93548387 1.         0.96774194 1.         0.96875    0.96875
 1.         0.96875    0.96875    0.96875    1.         0.96774194
 0.96774194 1.         1.         1.         0.96875    1.
 0.96875    0.96875    0.96774194 0.93548387 1.         1.
 1.         1.         1.         0.96875    0.96875    1.
 0.96774194 0.93548387 0.90322581 0.96774194]
Mean accuracy: 0.9774798387096775
Dev: 0.024739398435240204
DT_GAN Cross-Validation Results accuracy:
 [0.96153846 1.         1.         0.96       0.96       1.
 0.92       0.96       1.         0.96       1.         1.
 1.         0.92       1.         1.         0.92       1.
 0.92       0.96       1.         0.96153846 0.96       0.96
 0.92       1.         0.96       1.         0.96       1.
 1.         0.96153846 1.         1.         0.92       0.96
 1.         0.96       1.         1.         0.96153846 1.
 0.92       1.         1.         1.         1.         0.96
 0.88       0.96       0.96153846 0.96153846 1.         1.
 0.96       1.         1.         1.         0.96       0.92
 0.92307692 1.         0.96       1.         0.96       0.92
 0.96       0.88       1.         0.92       0.96153846 0.96153846
 1.         0.96       1.         1.         0.96       0.96
 0.96       1.         0.96153846 1.         0.92       1.
 1.         1.         0.96       1.         1.         0.96
 1.         1.         1.         0.96       1.         0.92
 0.92       0.96       1.         1.        ]
Mean accuracy: 0.9725692307692307
Dev: 0.031238767448732285
RF Cross-Validation Results accuracy:
 [1.         0.95454545 0.95454545 0.86363636 0.95454545 0.95454545
 0.85714286 0.95238095 1.         1.         1.         0.95454545
 1.         0.95454545 0.95454545 0.95454545 0.95238095 1.
 0.95238095 0.76190476 1.         0.86363636 0.95454545 0.95454545
 1.         0.95454545 0.9047619  0.95238095 1.         0.95238095
 1.         1.         0.90909091 1.         0.95454545 0.95454545
 1.         0.95238095 0.95238095 1.         1.         1.
 0.90909091 1.         0.95454545 0.95454545 0.9047619  1.
 0.95238095 1.         0.95454545 1.         0.95454545 0.95454545
 1.         1.         1.         0.95238095 0.9047619  0.9047619
 1.         1.         1.         0.95454545 0.90909091 0.86363636
 0.95238095 1.         1.         0.9047619  1.         0.95454545
 0.95454545 1.         1.         0.95454545 1.         0.95238095
 0.95238095 0.95238095 0.90909091 0.95454545 0.95454545 1.
 1.         0.90909091 0.9047619  1.         1.         1.
 1.         1.         1.         0.95454545 1.         0.90909091
 0.9047619  0.95238095 0.95238095 0.95238095]
Mean accuracy: 0.960995670995671
Dev: 0.04263352830577776
RF_SMOTE Cross-Validation Results accuracy:
 [0.96875    1.         1.         0.96875    0.96875    0.96875
 1.         0.93548387 1.         0.96774194 1.         0.96875
 1.         0.96875    0.9375     0.96875    1.         0.96774194
 1.         1.         1.         1.         0.96875    1.
 0.9375     0.96875    1.         0.96774194 1.         0.96774194
 0.96875    1.         1.         1.         0.96875    0.96875
 1.         0.96774194 0.90322581 1.         0.96875    1.
 1.         1.         1.         0.96875    0.96774194 1.
 0.96774194 0.96774194 0.96875    0.96875    1.         1.
 0.96875    1.         0.96774194 1.         0.96774194 1.
 1.         0.96875    1.         0.96875    1.         0.96875
 0.93548387 1.         1.         1.         1.         0.96875
 1.         0.96875    0.96875    1.         0.96774194 0.96774194
 0.96774194 1.         0.96875    1.         0.96875    1.
 1.         0.96875    1.         0.96774194 0.96774194 1.
 1.         1.         1.         0.96875    1.         1.
 1.         0.93548387 0.96774194 0.96774194]
Mean accuracy: 0.9819254032258065
Dev: 0.020261472366402068
RF_BrdSMOTE Cross-Validation Results accuracy:
 [0.96875    1.         1.         0.96875    1.         0.96875
 1.         1.         1.         0.96774194 1.         1.
 1.         1.         0.9375     0.96875    1.         0.93548387
 0.96774194 1.         0.96875    1.         1.         1.
 0.9375     0.96875    0.96774194 0.93548387 1.         0.96774194
 1.         1.         1.         1.         0.96875    0.9375
 1.         0.96774194 0.93548387 1.         1.         1.
 1.         0.96875    1.         0.9375     1.         1.
 0.93548387 0.96774194 0.96875    1.         0.96875    1.
 0.96875    0.96875    0.93548387 0.93548387 0.96774194 1.
 1.         0.96875    1.         1.         1.         0.9375
 0.93548387 1.         0.96774194 1.         1.         0.96875
 1.         0.96875    0.96875    1.         1.         0.96774194
 0.96774194 1.         1.         1.         0.96875    1.
 0.96875    0.96875    0.96774194 0.93548387 1.         1.
 0.96875    1.         1.         0.96875    1.         1.
 0.96774194 1.         0.96774194 0.96774194]
Mean accuracy: 0.9806350806451613
Dev: 0.02245124890715203
RF_GAN Cross-Validation Results accuracy:
 [0.96153846 0.96153846 0.96       0.92       1.         1.
 0.92       1.         1.         0.96       0.96153846 0.96153846
 0.96       0.92       1.         1.         0.92       1.
 0.92       0.96       1.         1.         0.92       0.92
 0.92       1.         0.96       1.         0.92       1.
 0.96153846 0.96153846 1.         0.96       0.88       0.96
 1.         1.         0.96       0.96       0.96153846 1.
 1.         1.         1.         0.92       1.         0.96
 0.96       0.92       0.96153846 1.         1.         0.96
 1.         0.96       1.         1.         0.92       0.92
 1.         0.92307692 1.         1.         0.96       0.92
 1.         0.92       0.96       1.         1.         0.96153846
 1.         0.96       1.         1.         0.96       0.92
 0.96       0.96       0.96153846 0.92307692 0.96       1.
 1.         1.         0.96       1.         1.         0.92
 0.96153846 0.92307692 1.         0.96       0.96       0.92
 0.96       0.92       1.         1.        ]
Mean accuracy: 0.9674615384615385
Dev: 0.03202319795243115
XGB Cross-Validation Results accuracy:
 [1.         0.95454545 1.         0.95454545 0.95454545 0.95454545
 0.9047619  1.         1.         1.         1.         1.
 0.95454545 0.90909091 0.95454545 0.95454545 0.95238095 1.
 0.95238095 0.9047619  1.         0.90909091 0.95454545 0.95454545
 1.         0.95454545 0.95238095 0.95238095 1.         1.
 1.         0.90909091 0.90909091 1.         0.95454545 1.
 1.         0.95238095 0.95238095 1.         1.         1.
 0.95454545 0.95454545 0.95454545 0.95454545 0.9047619  0.95238095
 0.95238095 1.         0.95454545 1.         1.         0.95454545
 1.         1.         1.         1.         0.9047619  0.9047619
 1.         1.         1.         0.95454545 0.90909091 0.90909091
 0.95238095 1.         1.         1.         1.         0.95454545
 0.95454545 1.         0.95454545 0.90909091 1.         0.95238095
 0.95238095 0.95238095 0.90909091 1.         0.95454545 1.
 1.         0.95454545 0.9047619  0.95238095 1.         1.
 1.         1.         1.         1.         1.         0.95454545
 0.9047619  0.95238095 0.95238095 0.95238095]
Mean accuracy: 0.9675324675324675
Dev: 0.03317554152025269
XGB_SMOTE Cross-Validation Results accuracy:
 [0.9375     1.         1.         0.96875    0.96875    0.96875
 1.         0.96774194 1.         0.96774194 1.         0.96875
 1.         0.96875    0.96875    0.96875    1.         0.96774194
 1.         1.         1.         1.         0.96875    1.
 0.9375     0.96875    1.         0.93548387 0.96774194 1.
 0.96875    1.         1.         0.96875    0.96875    0.96875
 1.         0.93548387 0.93548387 0.96774194 0.96875    1.
 1.         1.         0.96875    0.96875    0.96774194 1.
 0.96774194 1.         1.         0.96875    1.         1.
 0.90625    0.96875    0.96774194 0.96774194 0.96774194 0.96774194
 1.         0.9375     1.         0.96875    1.         0.9375
 0.93548387 1.         0.96774194 0.96774194 0.96875    0.96875
 1.         0.90625    0.9375     0.96875    0.90322581 0.96774194
 1.         1.         0.96875    1.         0.96875    0.96875
 1.         0.90625    1.         0.96774194 0.96774194 1.
 0.96875    0.96875    0.96875    0.96875    1.         1.
 0.96774194 0.96774194 0.96774194 0.93548387]
Mean accuracy: 0.9746774193548388
Dev: 0.024503757224273576
XGB_BrdSMOTE Cross-Validation Results accuracy:
 [1.         1.         1.         0.96875    1.         0.96875
 1.         1.         1.         0.93548387 1.         1.
 1.         1.         0.96875    0.96875    1.         0.96774194
 0.96774194 1.         1.         1.         1.         1.
 0.9375     0.9375     1.         0.96774194 1.         1.
 1.         1.         1.         1.         0.96875    0.96875
 1.         0.96774194 1.         0.96774194 0.9375     1.
 1.         1.         1.         0.96875    1.         1.
 0.96774194 1.         1.         1.         1.         1.
 0.96875    1.         0.96774194 0.96774194 0.96774194 1.
 1.         0.96875    0.96875    1.         1.         0.96875
 0.93548387 1.         0.96774194 1.         1.         0.96875
 1.         0.96875    1.         0.96875    0.96774194 0.96774194
 1.         1.         1.         1.         0.96875    1.
 1.         0.96875    1.         0.93548387 1.         1.
 1.         1.         0.96875    0.96875    1.         1.
 1.         1.         0.96774194 0.96774194]
Mean accuracy: 0.9860483870967742
Dev: 0.019206060404036437
XGB_GAN Cross-Validation Results accuracy:
 [0.96153846 1.         1.         0.92       1.         0.96
 0.92       0.96       1.         0.96       0.96153846 0.96153846
 0.96       0.96       1.         1.         0.92       1.
 0.96       0.92       0.92307692 1.         0.96       0.92
 1.         1.         0.96       0.96       0.92       1.
 0.96153846 0.88461538 1.         0.96       0.88       0.96
 1.         0.96       1.         0.96       0.96153846 0.96153846
 1.         1.         0.96       0.96       1.         0.96
 0.88       0.88       0.96153846 0.96153846 0.92       0.96
 0.96       0.96       1.         0.96       0.92       0.92
 1.         0.96153846 1.         1.         0.96       0.96
 0.96       0.92       0.96       0.96       0.96153846 0.96153846
 0.96       1.         1.         1.         0.88       0.92
 0.96       0.92       0.92307692 0.96153846 0.92       1.
 0.96       0.96       0.92       0.96       1.         0.92
 0.96153846 0.96153846 1.         0.96       1.         0.92
 0.88       0.96       1.         1.        ]
Mean accuracy: 0.9603230769230768
Dev: 0.03376864902249915
XGB_RF Cross-Validation Results accuracy:
 [1.         0.95454545 0.95454545 0.86363636 0.90909091 0.95454545
 0.85714286 0.95238095 1.         1.         1.         1.
 0.95454545 1.         0.95454545 0.90909091 0.95238095 1.
 0.9047619  0.85714286 1.         0.86363636 0.95454545 0.90909091
 1.         1.         0.9047619  0.9047619  1.         0.95238095
 1.         1.         0.90909091 1.         0.95454545 0.95454545
 1.         0.9047619  0.9047619  1.         1.         1.
 0.95454545 0.95454545 0.95454545 0.95454545 0.95238095 1.
 0.9047619  0.95238095 0.90909091 1.         1.         0.90909091
 1.         1.         1.         1.         0.9047619  0.95238095
 0.95454545 0.95454545 1.         0.95454545 0.90909091 0.95454545
 0.9047619  1.         1.         1.         1.         0.95454545
 0.95454545 0.95454545 0.95454545 0.95454545 1.         0.95238095
 1.         0.95238095 0.86363636 1.         1.         1.
 0.95454545 0.95454545 0.95238095 0.95238095 1.         1.
 1.         1.         0.95454545 1.         1.         0.95454545
 0.95238095 0.95238095 0.95238095 0.95238095]
Mean accuracy: 0.9610389610389609
Dev: 0.039826839826839835
XGB_RF_SMOTE Cross-Validation Results accuracy:
 [1.         1.         0.96875    0.96875    1.         0.96875
 1.         0.93548387 1.         0.96774194 1.         1.
 1.         0.96875    0.96875    0.9375     1.         0.96774194
 0.96774194 1.         1.         1.         0.96875    1.
 0.9375     1.         0.96774194 0.96774194 0.96774194 0.96774194
 0.96875    0.96875    1.         1.         0.96875    0.96875
 0.96774194 0.96774194 1.         0.96774194 0.96875    1.
 0.96875    1.         1.         0.96875    0.96774194 0.96774194
 0.96774194 0.96774194 1.         0.96875    0.96875    1.
 0.96875    1.         0.96774194 0.93548387 0.96774194 1.
 1.         0.96875    0.96875    0.96875    1.         0.9375
 0.96774194 1.         1.         1.         1.         0.96875
 1.         0.96875    1.         1.         0.90322581 0.93548387
 1.         1.         0.96875    1.         0.96875    0.96875
 1.         0.96875    0.96774194 0.96774194 1.         0.96774194
 0.96875    1.         0.96875    0.96875    1.         1.
 1.         0.96774194 0.96774194 0.96774194]
Mean accuracy: 0.9790524193548387
Dev: 0.020240559890927694
XGB_RF_BrdSMOTE Cross-Validation Results accuracy:
 [0.96875    1.         0.96875    0.9375     0.96875    0.96875
 0.96774194 0.96774194 1.         0.96774194 1.         0.96875
 1.         1.         0.9375     0.9375     1.         0.93548387
 0.93548387 1.         0.96875    1.         1.         1.
 0.9375     0.96875    0.93548387 0.93548387 0.96774194 0.96774194
 1.         0.96875    1.         0.96875    0.96875    0.9375
 0.87096774 0.96774194 0.96774194 0.96774194 0.96875    1.
 0.96875    0.96875    0.96875    0.9375     1.         0.96774194
 0.93548387 1.         1.         1.         0.9375     1.
 0.96875    0.96875    0.93548387 0.93548387 0.96774194 1.
 1.         0.9375     0.96875    1.         1.         0.90625
 0.96774194 1.         0.96774194 1.         1.         0.96875
 1.         0.96875    0.96875    0.96875    0.93548387 0.93548387
 0.96774194 1.         1.         1.         0.96875    0.96875
 0.96875    0.96875    0.93548387 0.93548387 1.         0.96774194
 0.96875    1.         0.96875    0.96875    0.96875    0.96875
 0.96774194 0.96774194 0.96774194 0.96774194]
Mean accuracy: 0.9704939516129033
Dev: 0.025187437545593314
XGB_RF_GAN Cross-Validation Results accuracy:
 [0.96153846 0.92307692 0.96       0.96       1.         0.96
 0.92       1.         0.92       0.96       0.96153846 1.
 1.         0.92       0.96       0.96       0.88       1.
 0.92       0.88       0.92307692 1.         0.92       0.88
 0.92       1.         0.96       0.96       0.88       0.96
 0.96153846 0.92307692 1.         0.96       0.88       0.96
 1.         0.96       0.96       0.92       0.96153846 1.
 0.96       1.         0.96       0.92       0.96       0.92
 0.88       0.96       0.96153846 0.92307692 0.96       0.96
 1.         0.96       1.         0.96       0.92       0.88
 0.96153846 0.84615385 0.96       1.         0.96       0.92
 0.96       0.88       0.96       0.96       0.96153846 0.92307692
 1.         0.92       1.         0.96       0.92       0.92
 0.96       0.96       0.96153846 0.88461538 0.92       1.
 1.         1.         0.92       1.         1.         0.92
 0.96153846 0.96153846 1.         0.96       0.96       0.92
 0.92       0.92       1.         0.96      ]
Mean accuracy: 0.9512153846153845
Dev: 0.03711698760986361
