LR Cross-Validation Results precision:
 [1.         1.         0.66666667 1.         1.         1.
 0.83333333 0.83333333 0.83333333 1.         0.85714286 1.
 1.         1.         1.         0.85714286 0.8        1.
 1.         0.71428571 1.         1.         1.         1.
 0.71428571 1.         1.         0.71428571 1.         0.71428571
 0.71428571 1.         1.         0.85714286 0.75       0.85714286
 1.         1.         0.75       1.         0.75       1.
 1.         0.83333333 1.         0.75       0.8        0.83333333
 1.         1.         1.         1.         0.85714286 0.75
 0.8        0.85714286 1.         0.8        0.83333333 1.
 0.85714286 0.71428571 1.         0.83333333 0.75       1.
 1.         1.         1.         0.83333333 1.         1.
 1.         0.85714286 0.8        0.83333333 1.         0.71428571
 1.         1.         1.         1.         1.         1.
 0.66666667 0.85714286 1.         1.         0.75       1.
 1.         0.83333333 0.85714286 0.83333333 1.         1.
 1.         0.83333333 0.75       1.        ]
Mean precision: 0.909047619047619
Dev: 0.10971928725372242
LR Cross-Validation Results precision:
 [1.         1.         0.66666667 1.         1.         1.
 0.83333333 0.83333333 0.83333333 1.         0.85714286 1.
 1.         1.         1.         0.85714286 0.8        1.
 1.         0.71428571 1.         1.         1.         1.
 0.71428571 1.         1.         0.71428571 1.         0.71428571
 0.71428571 1.         1.         0.85714286 0.75       0.85714286
 1.         1.         0.75       1.         0.75       1.
 1.         0.83333333 1.         0.75       0.8        0.83333333
 1.         1.         1.         1.         0.85714286 0.75
 0.8        0.85714286 1.         0.8        0.83333333 1.
 0.85714286 0.71428571 1.         0.83333333 0.75       1.
 1.         1.         1.         0.83333333 1.         1.
 1.         0.85714286 0.8        0.83333333 1.         0.71428571
 1.         1.         1.         1.         1.         1.
 0.66666667 0.85714286 1.         1.         0.75       1.
 1.         0.83333333 0.85714286 0.83333333 1.         1.
 1.         0.83333333 0.75       1.        ]
Mean precision: 0.909047619047619
Dev: 0.10971928725372242
