LR +  Cross-Validation Results precision:
 [1.         0.8        1.         1.         1.         1.
 1.         1.         1.         0.71428571 1.         1.
 0.83333333 0.71428571 1.         0.8        1.         1.
 1.         1.         1.         1.         1.         1.
 1.         1.         1.         0.8        1.         0.83333333
 1.         1.         1.         0.83333333 1.         1.
 0.75       1.         1.         1.         1.         1.
 1.         0.71428571 1.         1.         1.         1.
 1.         1.         1.         1.         0.83333333 1.
 1.         1.         1.         1.         0.66666667 1.
 1.         0.83333333 1.         1.         1.         1.
 0.66666667 1.         1.         1.         0.71428571 1.
 1.         1.         1.         0.8        1.         1.
 1.         1.         0.75       1.         1.         1.
 1.         1.         0.8        1.         1.         0.83333333
 1.         1.         1.         0.75       1.         1.
 1.         1.         0.8        1.        ]
Mean precision: 0.952404761904762
Dev: 0.09572820024420947
LR_SMOTE +  Cross-Validation Results precision:
 [1.         1.         1.         1.         1.         1.
 0.94444444 1.         1.         0.88888889 1.         1.
 1.         1.         1.         0.94444444 0.94444444 1.
 1.         0.94444444 0.94444444 1.         1.         1.
 1.         0.94444444 0.94444444 1.         0.9375     0.94444444
 1.         1.         1.         0.94117647 0.94117647 1.
 1.         1.         1.         0.94444444 1.         1.
 1.         1.         0.94444444 0.94444444 0.94444444 1.
 1.         1.         1.         1.         1.         0.94444444
 1.         0.94117647 1.         1.         1.         1.
 0.94117647 0.89473684 1.         1.         1.         0.94444444
 0.94444444 1.         1.         1.         1.         1.
 1.         1.         0.94444444 1.         1.         0.94117647
 0.94117647 1.         1.         1.         1.         1.
 1.         1.         0.89473684 0.94117647 1.         1.
 1.         0.89473684 1.         1.         1.         1.
 1.         0.94117647 0.9375     0.94117647]
Mean precision: 0.9802979876160991
Dev: 0.030839395520375797
LR +  Cross-Validation Results precision:
 [1.         0.8        1.         1.         1.         1.
 1.         1.         1.         0.71428571 1.         1.
 0.83333333 0.71428571 1.         0.8        1.         1.
 1.         1.         1.         1.         1.         1.
 1.         1.         1.         0.8        1.         0.83333333
 1.         1.         1.         0.83333333 1.         1.
 0.75       1.         1.         1.         1.         1.
 1.         0.71428571 1.         1.         1.         1.
 1.         1.         1.         1.         0.83333333 1.
 1.         1.         1.         1.         0.66666667 1.
 1.         0.83333333 1.         1.         1.         1.
 0.66666667 1.         1.         1.         0.71428571 1.
 1.         1.         1.         0.8        1.         1.
 1.         1.         0.75       1.         1.         1.
 1.         1.         0.8        1.         1.         0.83333333
 1.         1.         1.         0.75       1.         1.
 1.         1.         0.8        1.        ]
Mean precision: 0.952404761904762
Dev: 0.09572820024420947
LR_SMOTE +  Cross-Validation Results precision:
 [1.         1.         1.         1.         1.         1.
 0.94444444 1.         1.         0.88888889 1.         1.
 1.         1.         1.         0.94444444 0.94444444 1.
 1.         0.94444444 0.94444444 1.         1.         1.
 1.         0.94444444 0.94444444 1.         0.9375     0.94444444
 1.         1.         1.         0.94117647 0.94117647 1.
 1.         1.         1.         0.94444444 1.         1.
 1.         1.         0.94444444 0.94444444 0.94444444 1.
 1.         1.         1.         1.         1.         0.94444444
 1.         0.94117647 1.         1.         1.         1.
 0.94117647 0.89473684 1.         1.         1.         0.94444444
 0.94444444 1.         1.         1.         1.         1.
 1.         1.         0.94444444 1.         1.         0.94117647
 0.94117647 1.         1.         1.         1.         1.
 1.         1.         0.89473684 0.94117647 1.         1.
 1.         0.89473684 1.         1.         1.         1.
 1.         0.94117647 0.9375     0.94117647]
Mean precision: 0.9802979876160991
Dev: 0.030839395520375797
LR +  Cross-Validation Results precision:
 [1.         1.         1.         1.         1.         1.
 0.94444444 1.         1.         0.88888889 1.         1.
 1.         1.         1.         0.94444444 0.94444444 1.
 1.         0.94444444 0.94444444 1.         1.         1.
 1.         0.94444444 0.94444444 1.         0.9375     0.94444444
 1.         1.         1.         0.94117647 0.94117647 1.
 1.         1.         1.         0.94444444 1.         1.
 1.         1.         0.94444444 0.94444444 0.94444444 1.
 1.         1.         1.         1.         1.         0.94444444
 1.         0.94117647 1.         1.         1.         1.
 0.94117647 0.89473684 1.         1.         1.         0.94444444
 0.94444444 1.         1.         1.         1.         1.
 1.         1.         0.94444444 1.         1.         0.94117647
 0.94117647 1.         1.         1.         1.         1.
 1.         1.         0.89473684 0.94117647 1.         1.
 1.         0.89473684 1.         1.         1.         1.
 1.         0.94117647 0.9375     0.94117647]
Mean precision: 0.9802979876160991
Dev: 0.030839395520375797
LR_SMOTE +  Cross-Validation Results precision:
 [1.         1.         1.         1.         1.         1.
 0.94444444 1.         1.         0.88888889 1.         1.
 1.         1.         1.         0.94444444 0.94444444 1.
 1.         0.94444444 0.94444444 1.         1.         1.
 1.         0.94444444 0.94444444 1.         0.9375     0.94444444
 1.         1.         1.         0.94117647 0.94117647 1.
 1.         1.         1.         0.94444444 1.         1.
 1.         1.         0.94444444 0.94444444 0.94444444 1.
 1.         1.         1.         1.         1.         0.94444444
 1.         0.94117647 1.         1.         1.         1.
 0.94117647 0.89473684 1.         1.         1.         0.94444444
 0.94444444 1.         1.         1.         1.         1.
 1.         1.         0.94444444 1.         1.         0.94117647
 0.94117647 1.         1.         1.         1.         1.
 1.         1.         0.89473684 0.94117647 1.         1.
 1.         0.89473684 1.         1.         1.         1.
 1.         0.94117647 0.9375     0.94117647]
Mean precision: 0.9802979876160991
Dev: 0.030839395520375797
LR_BrdSMOTE +  Cross-Validation Results precision:
 [1.         1.         0.94444444 1.         1.         1.
 0.94444444 1.         1.         0.88888889 1.         0.89473684
 1.         1.         1.         0.94444444 0.94444444 1.
 1.         0.94444444 0.94444444 1.         1.         0.94444444
 1.         0.89473684 1.         1.         0.9375     0.94444444
 0.94444444 1.         1.         0.88888889 0.94117647 1.
 1.         1.         1.         0.94444444 0.94117647 1.
 1.         1.         0.94444444 0.94444444 0.94444444 0.94444444
 1.         1.         1.         0.89473684 1.         0.94444444
 1.         0.89473684 1.         1.         1.         1.
 1.         0.80952381 1.         1.         1.         0.94444444
 0.94444444 1.         1.         1.         1.         0.94444444
 0.94444444 1.         0.94444444 1.         1.         0.94117647
 0.94117647 1.         0.94444444 0.94444444 1.         1.
 1.         1.         0.85       0.94117647 1.         1.
 1.         0.89473684 1.         1.         1.         1.
 1.         0.94117647 0.9375     0.89473684]
Mean precision: 0.9710555924124036
Dev: 0.04033009283473048
LR_GAN +  Cross-Validation Results precision:
 [1.         1.         0.94117647 0.88235294 1.         1.
 0.89473684 0.94444444 1.         0.9375     0.94117647 0.88888889
 0.94117647 0.88235294 1.         1.         0.94444444 1.
 1.         0.94117647 1.         1.         1.         1.
 1.         0.88888889 1.         1.         0.9375     0.88888889
 1.         1.         0.94117647 0.88235294 1.         1.
 0.94444444 0.94444444 0.88888889 1.         0.88888889 0.93333333
 0.94117647 1.         1.         0.94444444 1.         0.89473684
 1.         1.         1.         0.9375     1.         0.9375
 1.         0.89473684 0.88235294 1.         1.         1.
 0.88888889 0.94117647 0.9375     0.94117647 1.         0.9375
 0.94117647 1.         1.         1.         0.93333333 1.
 0.88888889 0.92857143 0.94444444 1.         0.88888889 1.
 1.         1.         1.         0.94117647 1.         0.94117647
 1.         0.94117647 0.84210526 1.         1.         1.
 1.         1.         0.9375     0.84210526 0.94444444 0.94117647
 1.         1.         1.         1.        ]
Mean precision: 0.9621308725244484
Dev: 0.044916197783835835
DT +  Cross-Validation Results precision:
 [1.         1.         1.         1.         1.         1.
 0.94444444 1.         1.         1.         1.         1.
 1.         1.         1.         1.         1.         1.
 1.         0.94444444 1.         1.         1.         1.
 1.         0.94444444 1.         1.         1.         1.
 1.         1.         1.         1.         0.94117647 1.
 1.         1.         1.         1.         1.         1.
 1.         1.         1.         1.         0.94444444 1.
 1.         1.         1.         1.         1.         1.
 1.         0.94444444 1.         1.         1.         1.
 1.         0.94444444 1.         1.         1.         1.
 1.         1.         1.         1.         1.         1.
 1.         1.         1.         1.         1.         0.94117647
 1.         1.         1.         1.         1.         1.
 1.         1.         1.         0.94444444 1.         1.
 1.         1.         1.         1.         1.         1.
 1.         1.         0.94117647 1.        ]
Mean precision: 0.9943464052287581
Dev: 0.016967394533408453
DT_SMOTE +  Cross-Validation Results precision:
 [1.         1.         1.         1.         1.         1.
 0.94444444 1.         1.         1.         1.         1.
 1.         1.         1.         1.         1.         1.
 1.         0.94444444 1.         1.         1.         1.
 1.         0.94444444 1.         1.         1.         1.
 1.         1.         1.         1.         0.94117647 1.
 1.         1.         1.         1.         1.         1.
 1.         1.         1.         1.         0.94444444 1.
 1.         1.         1.         1.         1.         1.
 1.         0.94444444 1.         1.         1.         1.
 1.         0.94444444 1.         1.         1.         1.
 1.         1.         1.         1.         1.         1.
 1.         1.         1.         1.         1.         0.94117647
 1.         1.         1.         1.         1.         1.
 1.         1.         1.         0.94444444 1.         1.
 1.         1.         1.         1.         1.         1.
 1.         1.         0.94117647 1.        ]
Mean precision: 0.9943464052287581
Dev: 0.016967394533408453
DT_BrdSMOTE +  Cross-Validation Results precision:
 [1.         1.         1.         1.         1.         1.
 0.94444444 1.         1.         1.         1.         1.
 1.         1.         1.         1.         1.         1.
 1.         0.94444444 1.         1.         1.         1.
 1.         0.94444444 1.         1.         1.         1.
 1.         1.         1.         1.         0.94117647 1.
 1.         1.         1.         1.         1.         1.
 1.         1.         1.         1.         0.94444444 1.
 1.         1.         1.         1.         1.         1.
 1.         0.94444444 1.         1.         1.         1.
 1.         0.94444444 1.         1.         1.         1.
 1.         1.         1.         1.         1.         1.
 1.         1.         1.         1.         1.         0.94117647
 1.         1.         1.         1.         1.         1.
 1.         1.         1.         0.94444444 1.         1.
 1.         1.         1.         1.         1.         1.
 1.         1.         0.94117647 1.        ]
Mean precision: 0.9943464052287581
Dev: 0.016967394533408453
DT_GAN +  Cross-Validation Results precision:
 [1.         1.         0.94117647 0.84210526 1.         1.
 1.         1.         1.         1.         1.         0.94117647
 1.         1.         0.9375     1.         0.88235294 1.
 1.         1.         1.         1.         1.         1.
 0.94444444 0.88888889 1.         1.         0.94117647 0.9375
 1.         1.         0.94117647 1.         1.         0.94444444
 0.94444444 0.94117647 1.         1.         0.94117647 0.93333333
 1.         1.         1.         1.         0.94117647 0.94117647
 1.         1.         0.94117647 0.9375     1.         1.
 1.         0.94444444 1.         1.         0.93333333 0.94117647
 0.94117647 1.         1.         1.         1.         0.9375
 0.94444444 1.         1.         1.         1.         1.
 1.         0.9375     0.94444444 1.         0.88888889 1.
 1.         1.         0.9375     1.         1.         1.
 1.         1.         0.89473684 1.         1.         1.
 1.         1.         1.         0.83333333 0.94444444 1.
 1.         1.         1.         1.        ]
Mean precision: 0.9768602511179911
Dev: 0.0375193096484971
RF +  Cross-Validation Results precision:
 [1.         1.         1.         1.         1.         1.
 0.94444444 1.         1.         1.         1.         1.
 1.         1.         1.         1.         1.         1.
 1.         0.94444444 1.         1.         1.         1.
 1.         0.94444444 1.         1.         1.         1.
 1.         1.         1.         1.         0.94117647 1.
 1.         1.         1.         1.         1.         1.
 1.         1.         1.         1.         0.94444444 1.
 1.         1.         1.         1.         1.         1.
 1.         0.94444444 1.         1.         1.         1.
 1.         0.94444444 1.         1.         1.         1.
 1.         1.         1.         1.         1.         1.
 1.         1.         1.         1.         1.         0.94117647
 1.         1.         1.         1.         1.         1.
 1.         1.         1.         0.94117647 1.         1.
 1.         1.         1.         1.         1.         1.
 1.         1.         0.93333333 1.        ]
Mean precision: 0.9942352941176472
Dev: 0.017326396742926607
RF_SMOTE +  Cross-Validation Results precision:
 [1.         1.         1.         1.         1.         1.
 0.94444444 1.         1.         1.         1.         1.
 1.         1.         1.         1.         1.         1.
 1.         0.94444444 1.         1.         1.         1.
 1.         0.94444444 1.         1.         1.         1.
 1.         1.         1.         1.         0.94117647 1.
 1.         1.         1.         1.         1.         1.
 1.         1.         1.         1.         0.94444444 1.
 1.         1.         1.         1.         1.         1.
 1.         0.94444444 1.         1.         1.         1.
 1.         0.94444444 1.         1.         1.         1.
 1.         1.         1.         1.         1.         1.
 1.         1.         1.         1.         1.         0.94117647
 1.         1.         1.         1.         1.         1.
 1.         1.         1.         0.94117647 1.         1.
 1.         1.         1.         1.         1.         1.
 1.         1.         0.93333333 1.        ]
Mean precision: 0.9942352941176472
Dev: 0.017326396742926607
RF_BrdSMOTE +  Cross-Validation Results precision:
 [1.         1.         1.         1.         1.         1.
 0.94444444 1.         1.         1.         1.         1.
 1.         1.         1.         1.         1.         1.
 1.         0.94444444 1.         1.         1.         1.
 1.         0.94444444 1.         1.         1.         1.
 1.         1.         1.         1.         0.94117647 1.
 1.         1.         1.         1.         1.         1.
 1.         1.         1.         1.         0.94444444 1.
 1.         1.         1.         1.         1.         1.
 1.         0.94444444 1.         1.         1.         1.
 1.         0.94444444 1.         1.         1.         1.
 1.         1.         1.         1.         1.         1.
 1.         1.         1.         1.         1.         0.94117647
 1.         1.         1.         1.         1.         1.
 1.         1.         1.         0.94444444 1.         1.
 1.         1.         1.         1.         1.         1.
 1.         1.         0.94117647 1.        ]
Mean precision: 0.9943464052287581
Dev: 0.016967394533408453
RF_GAN +  Cross-Validation Results precision:
 [1.         1.         0.94117647 0.88888889 1.         1.
 1.         1.         1.         1.         1.         0.94117647
 1.         1.         0.82352941 1.         0.94444444 1.
 1.         1.         0.88888889 1.         1.         1.
 1.         0.94444444 1.         1.         0.94117647 0.94117647
 1.         1.         0.94117647 1.         1.         0.94444444
 0.94444444 0.94117647 0.94117647 1.         0.9375     0.93333333
 1.         1.         1.         1.         0.94117647 0.94444444
 1.         1.         0.94117647 0.9375     1.         1.
 1.         0.94444444 1.         1.         1.         0.94117647
 0.94117647 1.         1.         1.         0.94444444 0.89473684
 0.94444444 1.         1.         1.         1.         0.88888889
 1.         1.         0.94444444 1.         0.88888889 1.
 1.         1.         0.9375     1.         1.         1.
 1.         1.         0.89473684 1.         1.         0.94117647
 1.         1.         1.         0.88888889 0.94444444 0.88888889
 1.         1.         1.         1.        ]
Mean precision: 0.9743073185414517
Dev: 0.038718871713658676
XGB +  Cross-Validation Results precision:
 [1.         1.         1.         1.         1.         1.
 0.94444444 1.         1.         1.         1.         1.
 1.         1.         1.         1.         1.         1.
 1.         0.94444444 1.         1.         1.         1.
 1.         0.94444444 1.         1.         1.         1.
 1.         1.         1.         1.         0.94117647 1.
 1.         1.         1.         1.         1.         1.
 1.         1.         1.         1.         0.94444444 1.
 1.         1.         1.         1.         1.         0.89473684
 1.         0.94444444 1.         1.         1.         1.
 1.         0.94444444 1.         1.         1.         1.
 1.         1.         1.         1.         1.         1.
 1.         1.         1.         1.         1.         0.94117647
 1.         1.         1.         1.         1.         1.
 1.         1.         1.         0.94117647 1.         1.
 1.         1.         1.         1.         1.         1.
 1.         1.         0.9375     1.        ]
Mean precision: 0.9932243292053664
Dev: 0.019822903998692
XGB_SMOTE +  Cross-Validation Results precision:
 [1.         1.         1.         1.         1.         1.
 0.94444444 1.         1.         1.         1.         1.
 1.         1.         1.         1.         1.         1.
 1.         0.94444444 1.         1.         1.         1.
 1.         0.94444444 1.         1.         1.         1.
 1.         1.         1.         1.         0.94117647 1.
 1.         1.         1.         1.         1.         1.
 1.         1.         1.         1.         0.94444444 1.
 1.         1.         1.         1.         1.         0.94444444
 1.         0.94444444 1.         1.         1.         1.
 1.         0.94444444 1.         1.         1.         1.
 1.         1.         1.         1.         1.         1.
 1.         1.         1.         1.         1.         0.94117647
 1.         1.         1.         1.         1.         1.
 1.         1.         1.         0.94117647 1.         1.
 1.         1.         1.         1.         1.         1.
 1.         1.         0.9375     1.        ]
Mean precision: 0.9937214052287581
Dev: 0.017874489049712353
XGB_BrdSMOTE +  Cross-Validation Results precision:
 [1.         1.         1.         1.         1.         1.
 0.94444444 1.         1.         1.         1.         1.
 1.         1.         1.         1.         1.         1.
 1.         0.94444444 1.         1.         1.         1.
 1.         0.94444444 1.         1.         1.         1.
 1.         1.         1.         1.         0.94117647 1.
 1.         1.         1.         1.         1.         1.
 1.         1.         1.         1.         0.94444444 1.
 1.         1.         1.         1.         1.         1.
 1.         0.94444444 1.         1.         1.         1.
 1.         0.94444444 1.         1.         1.         1.
 1.         1.         1.         1.         1.         1.
 1.         1.         1.         1.         1.         0.94117647
 1.         1.         1.         1.         1.         1.
 1.         1.         1.         0.94444444 1.         1.
 1.         1.         1.         1.         1.         1.
 1.         1.         0.94117647 1.        ]
Mean precision: 0.9943464052287581
Dev: 0.016967394533408453
XGB_GAN +  Cross-Validation Results precision:
 [1.         1.         0.94117647 0.84210526 1.         1.
 1.         1.         1.         1.         1.         0.94117647
 1.         1.         0.93333333 1.         0.89473684 1.
 1.         1.         1.         1.         1.         1.
 1.         0.94444444 1.         1.         0.94117647 0.94117647
 1.         1.         0.94117647 1.         1.         0.94444444
 0.94444444 0.94444444 1.         1.         0.9375     0.93333333
 1.         1.         1.         1.         0.94117647 0.85
 1.         1.         0.94117647 0.9375     1.         1.
 1.         0.94444444 1.         1.         1.         0.94117647
 0.94117647 1.         1.         1.         1.         0.89473684
 0.94444444 1.         1.         1.         1.         1.
 0.9375     1.         0.94444444 1.         0.89473684 1.
 1.         1.         0.9375     1.         1.         1.
 1.         1.         0.89473684 0.94444444 1.         1.
 1.         1.         1.         0.88888889 0.94444444 0.94117647
 1.         1.         1.         0.9375    ]
Mean precision: 0.9762587289301686
Dev: 0.037220015336480616
XGB_RF +  Cross-Validation Results precision:
 [1.         1.         1.         1.         1.         1.
 0.94444444 1.         1.         1.         1.         1.
 1.         1.         1.         1.         1.         1.
 1.         0.94444444 1.         1.         1.         1.
 1.         0.94444444 1.         1.         1.         1.
 1.         1.         1.         1.         0.94117647 1.
 1.         1.         1.         1.         1.         1.
 1.         1.         1.         1.         0.94444444 1.
 1.         1.         1.         1.         1.         1.
 1.         0.94444444 1.         1.         1.         1.
 1.         0.94444444 1.         1.         1.         1.
 1.         1.         1.         1.         1.         1.
 1.         1.         1.         1.         1.         0.94117647
 1.         1.         1.         1.         1.         1.
 1.         1.         1.         0.94444444 1.         1.
 1.         1.         1.         1.         1.         1.
 1.         1.         0.94117647 1.        ]
Mean precision: 0.9943464052287581
Dev: 0.016967394533408453
XGB_RF_SMOTE +  Cross-Validation Results precision:
 [1.         1.         1.         1.         1.         1.
 0.94444444 1.         1.         1.         1.         1.
 1.         1.         1.         1.         1.         1.
 1.         0.94444444 1.         1.         1.         1.
 1.         0.94444444 1.         1.         1.         1.
 1.         1.         1.         1.         0.94117647 1.
 1.         1.         1.         1.         1.         1.
 1.         1.         1.         1.         0.94444444 1.
 1.         1.         1.         1.         1.         1.
 1.         0.94444444 1.         1.         1.         1.
 1.         0.94444444 1.         1.         1.         1.
 1.         1.         1.         1.         1.         1.
 1.         1.         1.         1.         1.         0.94117647
 1.         1.         1.         1.         1.         1.
 1.         1.         1.         0.94444444 1.         1.
 1.         1.         1.         1.         1.         1.
 1.         1.         0.94117647 1.        ]
Mean precision: 0.9943464052287581
Dev: 0.016967394533408453
XGB_RF_BrdSMOTE +  Cross-Validation Results precision:
 [1.         1.         1.         1.         1.         1.
 0.94444444 1.         1.         1.         1.         1.
 1.         1.         1.         1.         1.         1.
 1.         0.94444444 1.         1.         1.         1.
 1.         0.94444444 1.         1.         1.         1.
 1.         1.         1.         1.         0.94117647 1.
 1.         1.         1.         1.         1.         1.
 1.         1.         1.         1.         0.94444444 1.
 1.         1.         1.         1.         1.         1.
 1.         0.94444444 1.         1.         1.         1.
 1.         0.94444444 1.         1.         1.         1.
 1.         1.         1.         1.         1.         1.
 1.         1.         1.         1.         1.         0.94117647
 1.         1.         1.         1.         1.         1.
 1.         1.         1.         0.94444444 1.         1.
 1.         1.         1.         1.         1.         1.
 1.         1.         0.94117647 1.        ]
Mean precision: 0.9943464052287581
Dev: 0.016967394533408453
XGB_RF_GAN +  Cross-Validation Results precision:
 [1.         1.         0.94117647 0.84210526 1.         1.
 1.         0.94444444 1.         1.         1.         0.94117647
 1.         1.         0.94117647 1.         0.89473684 1.
 1.         1.         1.         1.         1.         1.
 0.94444444 0.89473684 1.         1.         0.94117647 0.94117647
 1.         1.         0.94117647 1.         1.         0.94444444
 0.94444444 0.94444444 0.94117647 1.         0.94117647 0.9375
 1.         1.         1.         1.         0.94444444 0.85
 1.         1.         0.88888889 0.94117647 1.         1.
 1.         0.94444444 0.89473684 1.         1.         0.94117647
 0.94117647 1.         1.         1.         1.         0.89473684
 0.94444444 1.         1.         1.         1.         1.
 1.         0.9375     0.94444444 1.         0.89473684 1.
 1.         1.         0.94117647 1.         1.         0.94117647
 1.         1.         0.89473684 0.94117647 1.         0.94117647
 1.         1.         1.         0.88888889 0.94444444 0.94444444
 1.         1.         1.         0.94117647]
Mean precision: 0.971610165118679
Dev: 0.03938683371779899
LR +  Cross-Validation Results f1:
 [1.         0.96969697 1.         1.         1.         1.
 0.97142857 0.9375     1.         0.91428571 0.96969697 1.
 1.         0.90322581 1.         0.97142857 0.97142857 1.
 1.         0.97142857 0.97142857 1.         1.         1.
 0.9375     0.97142857 0.97142857 1.         0.9375     0.97142857
 1.         1.         1.         0.94117647 0.94117647 1.
 0.96969697 1.         1.         0.97142857 0.96969697 1.
 1.         0.96969697 0.97142857 0.97142857 0.97142857 1.
 1.         1.         1.         1.         1.         0.97142857
 1.         0.94117647 1.         1.         0.96774194 0.96969697
 0.94117647 0.94444444 0.96969697 0.96969697 1.         0.97142857
 0.97142857 1.         1.         1.         0.96969697 1.
 0.96969697 1.         0.97142857 1.         1.         0.94117647
 0.96969697 1.         1.         0.96969697 1.         0.96969697
 1.         0.96969697 0.94444444 0.94117647 1.         1.
 1.         0.94444444 1.         1.         1.         1.
 1.         0.94117647 0.9375     0.94117647]
Mean f1: 0.9801661327287512
Dev: 0.023853199498554717
LR_SMOTE +  Cross-Validation Results f1:
 [1.         0.96969697 1.         1.         1.         1.
 0.97142857 0.9375     1.         0.91428571 0.96969697 1.
 1.         0.90322581 1.         0.97142857 0.97142857 1.
 1.         0.97142857 0.97142857 1.         1.         1.
 0.9375     0.97142857 0.97142857 1.         0.9375     0.97142857
 1.         1.         1.         0.94117647 0.94117647 1.
 0.96969697 1.         1.         0.97142857 0.96969697 1.
 1.         0.96969697 0.97142857 0.97142857 0.97142857 1.
 1.         1.         1.         1.         1.         0.97142857
 1.         0.94117647 1.         1.         0.96774194 0.96969697
 0.94117647 0.94444444 0.96969697 0.96969697 1.         0.97142857
 0.97142857 1.         1.         1.         0.96969697 1.
 0.96969697 1.         0.97142857 1.         1.         0.94117647
 0.96969697 1.         1.         0.96969697 1.         0.96969697
 1.         0.96969697 0.94444444 0.94117647 1.         1.
 1.         0.94444444 1.         1.         1.         1.
 1.         0.94117647 0.9375     0.94117647]
Mean f1: 0.9801661327287512
Dev: 0.023853199498554717
LR_BrdSMOTE +  Cross-Validation Results f1:
 [1.         0.96969697 0.97142857 1.         1.         1.
 0.97142857 1.         1.         0.91428571 0.96969697 0.94444444
 1.         0.9375     1.         0.97142857 0.97142857 1.
 1.         0.97142857 0.97142857 1.         1.         0.97142857
 0.96969697 0.94444444 1.         1.         0.9375     0.97142857
 0.97142857 1.         1.         0.91428571 0.94117647 1.
 1.         1.         1.         0.97142857 0.94117647 1.
 1.         0.96969697 0.97142857 0.97142857 0.97142857 0.97142857
 1.         1.         1.         0.94444444 1.         0.97142857
 1.         0.94444444 1.         1.         0.96774194 0.96969697
 1.         0.89473684 0.96969697 0.96969697 1.         0.97142857
 0.97142857 1.         1.         1.         0.96969697 0.97142857
 0.97142857 1.         0.97142857 1.         1.         0.94117647
 0.96969697 1.         0.97142857 0.97142857 1.         1.
 1.         0.96969697 0.91891892 0.94117647 1.         1.
 1.         0.94444444 1.         1.         1.         1.
 1.         0.94117647 0.9375     0.94444444]
Mean f1: 0.9786341641308559
Dev: 0.024983848155880905
LR_GAN +  Cross-Validation Results f1:
 [1.         0.89655172 0.96969697 0.90909091 1.         0.96969697
 0.94444444 0.97142857 0.96774194 0.9375     0.96969697 0.94117647
 0.96969697 0.90909091 0.90322581 0.96969697 0.97142857 0.96969697
 1.         0.96969697 1.         0.89655172 1.         1.
 0.96969697 0.91428571 1.         1.         0.9375     0.94117647
 0.89655172 0.96774194 0.96969697 0.90909091 1.         1.
 0.97142857 0.97142857 0.94117647 0.96774194 0.94117647 0.90322581
 0.96969697 1.         1.         0.97142857 0.90322581 0.94444444
 1.         1.         1.         0.9375     1.         0.9375
 1.         0.94444444 0.88235294 0.96969697 0.96774194 1.
 0.94117647 0.96969697 0.9375     0.96969697 1.         0.90909091
 0.94117647 1.         0.96774194 0.96774194 0.90322581 1.
 0.94117647 0.86666667 0.97142857 0.96969697 0.91428571 1.
 1.         1.         0.96774194 0.96969697 1.         0.96969697
 1.         0.94117647 0.88888889 0.96969697 1.         0.96774194
 0.96774194 1.         0.9375     0.91428571 0.97142857 0.94117647
 1.         1.         0.96774194 0.96774194]
Mean f1: 0.9617861901797157
Dev: 0.03452665921311671
DT +  Cross-Validation Results f1:
 [1.         0.96969697 1.         1.         1.         1.
 0.97142857 1.         1.         1.         0.96969697 1.
 1.         1.         1.         1.         1.         1.
 1.         0.97142857 1.         1.         1.         1.
 1.         0.97142857 1.         1.         0.96774194 1.
 1.         1.         1.         1.         0.94117647 1.
 1.         1.         1.         1.         1.         1.
 1.         0.96969697 1.         1.         0.97142857 1.
 1.         1.         1.         1.         1.         1.
 1.         0.97142857 1.         1.         1.         0.96969697
 1.         0.97142857 0.96969697 1.         1.         1.
 1.         1.         1.         1.         1.         1.
 1.         1.         1.         1.         1.         0.94117647
 1.         1.         1.         1.         1.         1.
 1.         0.96969697 1.         0.97142857 1.         1.
 1.         1.         1.         1.         1.         1.
 1.         0.96969697 0.96969697 1.        ]
Mean f1: 0.994076706342361
Dev: 0.01323364350979513
DT_SMOTE +  Cross-Validation Results f1:
 [1.         0.96969697 1.         1.         1.         1.
 0.97142857 1.         1.         1.         0.96969697 1.
 1.         1.         1.         1.         1.         1.
 1.         0.97142857 1.         1.         1.         1.
 1.         0.97142857 1.         1.         0.96774194 1.
 1.         1.         1.         1.         0.94117647 1.
 1.         1.         1.         1.         1.         1.
 1.         0.96969697 1.         1.         0.97142857 1.
 1.         1.         1.         1.         1.         1.
 1.         0.97142857 1.         1.         1.         0.96969697
 1.         0.97142857 0.96969697 1.         1.         1.
 1.         1.         1.         1.         1.         1.
 1.         1.         1.         1.         1.         0.94117647
 1.         1.         1.         1.         1.         1.
 1.         0.96969697 1.         0.97142857 1.         1.
 1.         1.         1.         1.         1.         1.
 1.         0.96969697 0.96969697 1.        ]
Mean f1: 0.994076706342361
Dev: 0.01323364350979513
DT_BrdSMOTE +  Cross-Validation Results f1:
 [1.         0.96969697 1.         1.         1.         1.
 0.97142857 1.         1.         1.         0.96969697 1.
 1.         1.         1.         1.         1.         1.
 1.         0.97142857 1.         1.         1.         1.
 1.         0.97142857 1.         1.         0.96774194 1.
 1.         1.         1.         1.         0.94117647 1.
 1.         1.         1.         1.         1.         1.
 1.         0.96969697 1.         1.         0.97142857 1.
 1.         1.         1.         1.         1.         1.
 1.         0.97142857 1.         1.         1.         0.96969697
 1.         0.97142857 0.96969697 1.         1.         1.
 1.         1.         1.         1.         1.         1.
 1.         1.         1.         1.         1.         0.94117647
 1.         1.         1.         1.         1.         1.
 1.         0.96969697 1.         0.97142857 1.         1.
 1.         1.         1.         1.         1.         1.
 1.         0.96969697 0.96969697 1.        ]
Mean f1: 0.994076706342361
Dev: 0.01323364350979513
DT_GAN +  Cross-Validation Results f1:
 [0.96774194 0.96774194 0.96969697 0.91428571 0.96969697 1.
 1.         1.         0.89655172 0.96774194 1.         0.96969697
 1.         0.96774194 0.90909091 0.96969697 0.88235294 1.
 1.         1.         1.         0.89655172 1.         0.96774194
 0.97142857 0.91428571 1.         1.         0.96969697 0.9375
 0.96774194 1.         0.96969697 0.93333333 1.         0.97142857
 0.97142857 0.94117647 1.         0.96774194 0.96969697 0.90322581
 1.         1.         1.         1.         0.94117647 0.94117647
 1.         0.93333333 0.96969697 0.9375     1.         1.
 1.         0.97142857 0.96969697 0.96969697 0.90322581 0.96969697
 0.96969697 1.         0.96774194 1.         0.96969697 0.90909091
 0.97142857 1.         0.96774194 0.96774194 0.93333333 0.96774194
 1.         0.9375     0.97142857 1.         0.91428571 1.
 1.         1.         0.9375     1.         0.93333333 1.
 1.         1.         0.94444444 0.96969697 1.         0.96774194
 0.96774194 1.         0.96774194 0.88235294 0.97142857 0.96969697
 1.         1.         0.96774194 0.96774194]
Mean f1: 0.9700593260730994
Dev: 0.03158292613815511
RF +  Cross-Validation Results f1:
 [1.         0.96969697 1.         1.         1.         1.
 0.97142857 1.         1.         1.         0.96969697 1.
 1.         0.90322581 1.         1.         1.         1.
 1.         0.97142857 1.         1.         1.         1.
 0.9375     0.97142857 1.         1.         0.96774194 1.
 1.         1.         1.         1.         0.94117647 1.
 1.         1.         1.         1.         1.         0.96969697
 1.         0.96969697 1.         1.         0.97142857 0.96969697
 1.         1.         1.         1.         1.         1.
 1.         0.97142857 1.         1.         1.         0.96969697
 1.         0.97142857 0.96969697 1.         1.         1.
 1.         1.         1.         1.         0.96969697 1.
 1.         1.         1.         1.         1.         0.94117647
 0.93333333 1.         1.         1.         1.         1.
 1.         0.96969697 1.         0.94117647 1.         1.
 1.         1.         1.         1.         1.         1.
 1.         0.96969697 0.90322581 1.        ]
Mean f1: 0.9899409741902626
Dev: 0.020606961128964096
RF_SMOTE +  Cross-Validation Results f1:
 [1.         0.96969697 1.         1.         1.         1.
 0.97142857 1.         1.         1.         0.96969697 1.
 1.         0.90322581 1.         1.         1.         1.
 1.         0.97142857 1.         1.         1.         1.
 0.9375     0.97142857 1.         1.         0.96774194 1.
 1.         1.         1.         1.         0.94117647 1.
 1.         1.         1.         1.         1.         0.96969697
 1.         0.96969697 1.         1.         0.97142857 0.96969697
 1.         1.         1.         1.         1.         1.
 1.         0.97142857 1.         1.         1.         0.96969697
 1.         0.97142857 0.96969697 1.         1.         1.
 1.         1.         1.         1.         0.96969697 1.
 1.         1.         1.         1.         1.         0.94117647
 0.93333333 1.         1.         1.         1.         1.
 1.         0.96969697 1.         0.94117647 1.         1.
 1.         1.         1.         1.         1.         1.
 1.         0.96969697 0.90322581 1.        ]
Mean f1: 0.9899409741902626
Dev: 0.020606961128964096
RF_BrdSMOTE +  Cross-Validation Results f1:
 [1.         0.96969697 1.         1.         1.         1.
 0.97142857 1.         1.         1.         0.96969697 1.
 1.         1.         1.         0.96969697 1.         1.
 1.         0.97142857 1.         1.         1.         1.
 1.         0.97142857 1.         1.         0.96774194 1.
 1.         1.         1.         1.         0.94117647 1.
 1.         1.         1.         1.         1.         1.
 1.         0.96969697 1.         1.         0.97142857 1.
 1.         1.         1.         1.         1.         1.
 1.         0.97142857 1.         1.         1.         0.96969697
 1.         0.97142857 0.96969697 1.         1.         1.
 1.         1.         1.         1.         1.         1.
 1.         1.         1.         1.         1.         0.94117647
 1.         1.         1.         1.         1.         1.
 1.         0.96969697 1.         0.97142857 1.         1.
 1.         1.         1.         1.         1.         1.
 1.         0.96969697 0.96969697 1.        ]
Mean f1: 0.9937736760393306
Dev: 0.013439879266244476
RF_GAN +  Cross-Validation Results f1:
 [1.         0.93333333 0.96969697 0.94117647 1.         1.
 1.         1.         0.96774194 0.96774194 1.         0.96969697
 1.         0.96774194 0.82352941 1.         0.97142857 1.
 1.         1.         0.94117647 0.89655172 1.         1.
 1.         0.97142857 1.         0.96969697 0.96969697 0.96969697
 0.96774194 0.96774194 0.96969697 0.96774194 1.         0.97142857
 0.97142857 0.94117647 0.96969697 0.96774194 0.9375     0.90322581
 1.         1.         0.96969697 1.         0.94117647 0.97142857
 1.         0.96774194 0.96969697 0.9375     1.         1.
 1.         0.97142857 1.         0.9375     0.93333333 0.96969697
 0.96969697 1.         0.96774194 1.         0.97142857 0.94444444
 0.97142857 0.96969697 0.96774194 0.96774194 0.93333333 0.94117647
 0.96774194 0.96774194 0.97142857 1.         0.91428571 0.96969697
 1.         1.         0.9375     1.         1.         1.
 1.         1.         0.94444444 0.96969697 1.         0.96969697
 0.96774194 1.         1.         0.94117647 0.97142857 0.91428571
 1.         1.         0.93333333 0.96774194]
Mean f1: 0.9724702870867564
Dev: 0.029664288448108023
XGB +  Cross-Validation Results f1:
 [1.         0.96969697 1.         1.         1.         1.
 0.97142857 0.96969697 1.         0.96969697 0.96969697 1.
 1.         0.90322581 1.         1.         1.         1.
 1.         0.97142857 1.         1.         1.         1.
 0.9375     0.97142857 1.         1.         0.96774194 1.
 1.         1.         1.         0.96969697 0.94117647 1.
 1.         1.         1.         1.         0.96969697 1.
 1.         0.96969697 1.         1.         0.97142857 1.
 1.         1.         1.         1.         1.         0.94444444
 1.         0.97142857 1.         1.         0.93333333 0.96969697
 1.         0.97142857 0.96969697 0.96969697 1.         1.
 1.         1.         1.         1.         0.96969697 1.
 0.96969697 1.         1.         1.         1.         0.94117647
 1.         1.         1.         1.         1.         0.96969697
 1.         0.96969697 1.         0.94117647 1.         1.
 1.         1.         1.         1.         1.         0.96969697
 1.         0.96969697 0.9375     1.        ]
Mean f1: 0.9879099787520091
Dev: 0.02027394644189849
XGB_SMOTE +  Cross-Validation Results f1:
 [1.         0.96969697 1.         1.         1.         1.
 0.97142857 0.9375     1.         0.96969697 0.96969697 1.
 1.         0.90322581 1.         1.         1.         1.
 1.         0.97142857 1.         1.         1.         1.
 0.9375     0.97142857 1.         1.         0.96774194 1.
 1.         1.         1.         0.96969697 0.94117647 1.
 0.96969697 1.         1.         1.         0.96969697 1.
 1.         0.96969697 1.         1.         0.97142857 1.
 1.         1.         1.         1.         1.         0.97142857
 1.         0.97142857 1.         1.         0.93333333 0.96969697
 0.96969697 0.97142857 0.96969697 0.96969697 1.         1.
 1.         1.         1.         1.         0.96969697 1.
 0.96969697 1.         1.         1.         1.         0.94117647
 1.         1.         1.         1.         1.         0.96969697
 1.         0.96969697 1.         0.94117647 1.         1.
 1.         1.         1.         1.         1.         0.96969697
 1.         0.96969697 0.9375     1.        ]
Mean f1: 0.98725178971882
Dev: 0.02049948674877935
