LR Cross-Validation Results precision:
 [1.         1.         0.66666667 1.         1.         1.
 0.83333333 0.83333333 0.83333333 1.         0.85714286 1.
 1.         1.         1.         0.85714286 0.8        1.
 1.         0.71428571 1.         1.         1.         1.
 0.71428571 1.         1.         0.71428571 1.         0.71428571
 0.71428571 1.         1.         0.85714286 0.75       0.85714286
 1.         1.         0.75       1.         0.75       1.
 1.         0.83333333 1.         0.75       0.8        0.83333333
 1.         1.         1.         1.         0.85714286 0.75
 0.8        0.85714286 1.         0.8        0.83333333 1.
 0.85714286 0.71428571 1.         0.83333333 0.75       1.
 1.         1.         1.         0.83333333 1.         1.
 1.         0.85714286 0.8        0.83333333 1.         0.71428571
 1.         1.         1.         1.         1.         1.
 0.66666667 0.85714286 1.         1.         0.75       1.
 1.         0.83333333 0.85714286 0.83333333 1.         1.
 1.         0.83333333 0.75       1.        ]
Mean precision: 0.909047619047619
Dev: 0.10971928725372242
LR_SMOTE Cross-Validation Results precision:
 [1.         0.9375     0.83333333 0.88235294 1.         0.94117647
 0.93333333 0.875      0.9375     0.93333333 0.94117647 0.94117647
 0.94117647 1.         0.875      0.84210526 1.         1.
 0.88888889 1.         0.9375     0.9375     0.88235294 1.
 0.9375     0.88888889 0.9375     0.83333333 0.9375     0.9375
 1.         0.94117647 0.88888889 0.94117647 1.         0.88888889
 0.83333333 0.88235294 0.92857143 0.94117647 1.         0.83333333
 0.94117647 1.         0.88888889 0.93333333 0.875      0.93333333
 0.88888889 1.         1.         0.93333333 0.78947368 0.94117647
 1.         1.         0.93333333 0.83333333 0.94117647 0.94117647
 1.         0.875      0.94117647 0.9375     0.94117647 0.88888889
 0.93333333 0.875      0.94117647 0.875      0.9375     0.9375
 1.         0.86666667 0.94117647 1.         0.82352941 0.88235294
 0.94117647 1.         0.9375     1.         0.84210526 0.9375
 0.94117647 0.875      0.875      1.         0.94117647 0.9375
 0.94117647 0.94117647 0.9375     1.         0.88888889 0.9375
 0.93333333 1.         0.82352941 0.8       ]
Mean precision: 0.9281336675020887
Dev: 0.05367930299703107
LR_BrdSMOTE Cross-Validation Results precision:
 [0.94117647 0.93333333 0.8        0.88235294 1.         0.93333333
 0.88235294 0.88235294 0.9375     0.93333333 0.94117647 0.88888889
 0.94117647 0.88888889 0.78947368 0.82352941 1.         0.93333333
 0.88235294 1.         0.88888889 0.9375     0.82352941 1.
 0.88235294 0.82352941 0.9375     0.83333333 0.88888889 0.9375
 0.83333333 0.88888889 0.84210526 0.94117647 1.         0.88888889
 0.8        0.88235294 0.88235294 0.94117647 1.         0.78947368
 0.88235294 0.88888889 0.88235294 0.94117647 0.88235294 0.9375
 0.88888889 1.         1.         0.84210526 0.77777778 0.94117647
 0.93333333 0.9375     0.9375     0.85714286 0.875      0.88888889
 0.94117647 0.875      0.93333333 0.94117647 0.9375     0.88888889
 0.875      0.93333333 0.88235294 0.88235294 0.94117647 0.94117647
 0.88888889 0.875      0.88888889 1.         0.83333333 0.88235294
 0.94117647 0.9375     0.94117647 1.         0.73684211 0.88235294
 0.94117647 0.88235294 0.83333333 0.93333333 0.94117647 0.84210526
 0.88888889 0.94117647 0.88235294 1.         0.88888889 0.94117647
 0.9375     1.         0.83333333 0.8       ]
Mean precision: 0.9041803896997397
Dev: 0.05717402914587547
LR_GAN Cross-Validation Results precision:
 [1.         1.         0.85714286 1.         1.         0.92857143
 0.78571429 1.         1.         1.         1.         1.
 1.         1.         0.92857143 0.92857143 0.92307692 1.
 0.91666667 0.91666667 0.92307692 0.92857143 1.         0.85714286
 1.         1.         1.         1.         0.92307692 1.
 1.         1.         0.92307692 1.         0.92307692 1.
 1.         0.92307692 0.91666667 0.92307692 0.92857143 0.92857143
 1.         0.92857143 0.92857143 1.         1.         1.
 0.91666667 1.         0.91666667 1.         1.         1.
 1.         1.         1.         0.91666667 0.9        0.85714286
 1.         0.92857143 1.         1.         1.         1.
 0.91666667 0.92307692 0.92307692 0.91666667 0.92857143 1.
 0.92857143 1.         0.92307692 1.         1.         0.92307692
 1.         0.90909091 0.8        1.         0.91666667 1.
 1.         1.         0.85714286 1.         1.         1.
 1.         1.         1.         0.92307692 1.         0.8
 1.         0.9        1.         1.        ]
Mean precision: 0.9606458541458542
Dev: 0.05201624455557103
DT Cross-Validation Results precision:
 [0.85714286 1.         1.         0.85714286 1.         0.85714286
 1.         0.83333333 1.         1.         1.         0.83333333
 1.         1.         1.         0.85714286 1.         1.
 0.85714286 1.         1.         1.         1.         0.8
 1.         1.         1.         0.83333333 1.         1.
 0.85714286 1.         1.         1.         0.85714286 1.
 1.         1.         0.85714286 1.         1.         1.
 0.85714286 1.         1.         0.85714286 1.         1.
 1.         0.85714286 1.         1.         1.         1.
 1.         1.         1.         0.83333333 0.83333333 0.85714286
 1.         1.         1.         1.         1.         0.83333333
 0.83333333 1.         1.         0.83333333 1.         0.85714286
 1.         1.         1.         1.         1.         1.
 1.         0.75       0.85714286 1.         1.         1.
 1.         1.         1.         0.83333333 0.85714286 1.
 1.         1.         1.         1.         1.         1.
 1.         0.83333333 1.         0.85714286]
Mean precision: 0.9559761904761905
Dev: 0.07162393521189754
DT_SMOTE Cross-Validation Results precision:
 [0.94117647 1.         1.         0.94117647 1.         0.94117647
 1.         0.93333333 1.         1.         1.         1.
 1.         1.         0.88888889 0.94117647 1.         1.
 1.         1.         1.         1.         1.         1.
 0.94117647 0.94117647 1.         0.9375     1.         1.
 1.         0.94117647 1.         1.         1.         0.94117647
 1.         0.9375     0.94117647 1.         1.         1.
 0.94117647 1.         1.         0.94117647 1.         1.
 0.94117647 0.94117647 0.94117647 1.         1.         1.
 1.         1.         0.9375     1.         0.94117647 1.
 1.         1.         1.         1.         1.         0.94117647
 0.875      1.         1.         1.         0.94117647 1.
 1.         0.94117647 1.         1.         1.         0.9375
 0.94117647 1.         1.         1.         0.875      1.
 1.         0.94117647 1.         0.9375     1.         1.
 1.         1.         0.94117647 1.         1.         1.
 1.         0.93333333 0.94117647 0.94117647]
Mean precision: 0.9784011437908496
Dev: 0.032395915488435366
DT_BrdSMOTE Cross-Validation Results precision:
 [0.94117647 1.         1.         0.88888889 1.         0.94117647
 0.9375     0.9375     1.         1.         1.         1.
 1.         1.         0.84210526 0.94117647 1.         0.93333333
 0.94117647 1.         0.94117647 1.         1.         1.
 0.9375     0.94117647 0.9375     0.88235294 1.         1.
 1.         1.         1.         0.94117647 1.         0.88888889
 1.         0.9375     0.88888889 1.         1.         1.
 1.         0.94117647 1.         0.88888889 1.         1.
 0.88888889 0.94117647 0.94117647 1.         0.94117647 1.
 1.         0.94117647 0.88235294 1.         0.94117647 1.
 1.         0.9375     1.         1.         1.         0.88888889
 0.88235294 1.         0.94117647 1.         0.94117647 1.
 1.         0.94117647 0.94117647 0.94117647 1.         0.9375
 0.94117647 1.         1.         1.         0.94117647 1.
 0.94117647 0.94117647 0.9375     0.93333333 1.         1.
 1.         1.         1.         1.         0.94117647 1.
 0.9375     0.88235294 0.93333333 0.94117647]
Mean precision: 0.9653058565531475
Dev: 0.040685912903244255
DT_GAN Cross-Validation Results precision:
 [1.         1.         1.         1.         1.         1.
 0.85714286 1.         1.         0.92307692 1.         1.
 1.         1.         1.         1.         0.85714286 1.
 0.91666667 0.92307692 1.         1.         1.         1.
 1.         1.         0.92307692 1.         0.92307692 1.
 1.         0.92857143 1.         1.         0.86666667 1.
 1.         1.         1.         1.         0.92857143 1.
 0.92307692 1.         1.         1.         1.         0.92307692
 0.84615385 1.         1.         0.92857143 1.         1.
 1.         1.         1.         1.         1.         0.85714286
 0.92307692 1.         1.         1.         1.         1.
 1.         0.84615385 1.         1.         1.         1.
 1.         0.92857143 1.         1.         0.92307692 0.92307692
 1.         1.         0.92857143 1.         1.         1.
 1.         1.         0.92307692 1.         1.         1.
 1.         1.         1.         1.         1.         0.92307692
 0.91666667 1.         1.         1.        ]
Mean precision: 0.9776043956043956
Dev: 0.0425054215862794
RF Cross-Validation Results precision:
 [1.         1.         1.         0.8        1.         0.85714286
 1.         0.83333333 1.         1.         1.         0.85714286
 1.         1.         1.         0.85714286 1.         1.
 0.85714286 0.66666667 1.         1.         1.         0.85714286
 1.         1.         1.         0.83333333 1.         1.
 1.         1.         1.         1.         0.85714286 1.
 1.         1.         0.85714286 1.         1.         1.
 0.83333333 1.         1.         0.85714286 1.         1.
 1.         1.         1.         1.         1.         1.
 1.         1.         1.         0.83333333 0.83333333 1.
 1.         1.         1.         1.         1.         0.8
 0.83333333 1.         1.         0.83333333 1.         0.85714286
 1.         1.         1.         1.         1.         1.
 1.         0.85714286 0.83333333 1.         1.         1.
 1.         1.         1.         1.         1.         1.
 1.         1.         1.         1.         1.         1.
 1.         0.83333333 1.         0.85714286]
Mean precision: 0.961952380952381
Dev: 0.07216916069279206
RF_SMOTE Cross-Validation Results precision:
 [0.94117647 1.         1.         0.94117647 1.         0.94117647
 1.         0.93333333 1.         1.         1.         1.
 1.         1.         0.88888889 0.94117647 1.         1.
 1.         1.         1.         1.         1.         1.
 0.9375     0.94117647 1.         0.9375     1.         0.94117647
 1.         1.         1.         1.         1.         0.94117647
 1.         0.9375     0.93333333 1.         1.         1.
 1.         1.         1.         0.94117647 1.         1.
 0.94117647 0.94117647 0.94117647 1.         1.         1.
 1.         1.         0.9375     1.         0.94117647 1.
 1.         1.         1.         1.         1.         0.94117647
 0.93333333 1.         1.         1.         1.         1.
 1.         0.94117647 1.         1.         1.         0.9375
 0.94117647 1.         1.         1.         0.94117647 1.
 1.         0.94117647 1.         1.         1.         1.
 1.         1.         1.         1.         1.         1.
 1.         0.93333333 0.94117647 0.94117647]
Mean precision: 0.981920751633987
Dev: 0.028759820805909594
RF_BrdSMOTE Cross-Validation Results precision:
 [0.94117647 1.         1.         0.94117647 1.         0.94117647
 1.         1.         1.         1.         1.         1.
 1.         1.         0.88888889 0.94117647 1.         0.93333333
 0.94117647 1.         0.94117647 1.         1.         1.
 0.9375     0.94117647 0.9375     0.88235294 1.         0.94117647
 1.         1.         1.         1.         1.         0.88888889
 1.         0.9375     0.88888889 1.         1.         1.
 1.         0.94117647 1.         0.88888889 1.         1.
 0.88888889 0.94117647 0.94117647 1.         0.94117647 1.
 1.         0.94117647 0.88235294 0.88235294 0.94117647 1.
 1.         0.94117647 1.         1.         1.         0.88888889
 0.88235294 1.         0.94117647 1.         1.         1.
 1.         0.94117647 0.94117647 1.         1.         0.9375
 0.94117647 1.         1.         1.         0.94117647 1.
 0.94117647 0.94117647 0.9375     0.93333333 1.         1.
 0.94117647 1.         1.         1.         1.         1.
 0.9375     1.         0.94117647 0.94117647]
Mean precision: 0.9688382352941176
Dev: 0.038879739854481045
RF_GAN Cross-Validation Results precision:
 [0.92857143 0.92857143 1.         1.         1.         1.
 0.85714286 1.         1.         0.92307692 0.92857143 1.
 1.         1.         1.         1.         0.85714286 1.
 0.91666667 1.         1.         1.         0.92307692 0.92307692
 1.         1.         0.92307692 1.         0.91666667 1.
 1.         1.         1.         0.92857143 0.85714286 0.92857143
 1.         1.         1.         1.         0.92857143 1.
 1.         1.         1.         0.92307692 1.         0.92307692
 0.92307692 1.         1.         1.         1.         0.92857143
 1.         0.92857143 1.         1.         1.         0.85714286
 1.         0.92307692 1.         1.         1.         1.
 1.         0.85714286 0.92307692 1.         1.         1.
 1.         1.         1.         1.         1.         0.85714286
 0.92307692 1.         1.         1.         0.92857143 1.
 1.         1.         0.92307692 1.         1.         0.85714286
 0.92857143 1.         1.         1.         1.         0.92307692
 0.92307692 0.91666667 1.         1.        ]
Mean precision: 0.9703571428571429
Dev: 0.04514023297654042
XGB Cross-Validation Results precision:
 [1.         1.         1.         0.85714286 1.         0.85714286
 1.         1.         1.         1.         1.         1.
 1.         1.         1.         0.85714286 1.         1.
 0.85714286 1.         1.         1.         1.         0.85714286
 1.         1.         1.         0.83333333 1.         1.
 1.         1.         1.         1.         0.85714286 1.
 1.         1.         0.85714286 1.         1.         1.
 0.85714286 1.         1.         0.85714286 1.         1.
 1.         1.         1.         1.         1.         1.
 1.         1.         1.         1.         0.83333333 0.83333333
 1.         1.         1.         1.         1.         0.83333333
 0.83333333 1.         1.         1.         1.         0.85714286
 1.         1.         1.         1.         1.         1.
 1.         0.85714286 0.83333333 1.         1.         1.
 1.         1.         1.         0.83333333 1.         1.
 1.         1.         1.         1.         1.         1.
 1.         0.83333333 1.         0.85714286]
Mean precision: 0.9695238095238095
Dev: 0.06117518801048277
XGB_SMOTE Cross-Validation Results precision:
 [0.9375     1.         1.         0.94117647 1.         0.94117647
 1.         1.         1.         1.         1.         1.
 1.         1.         0.94117647 0.94117647 1.         1.
 1.         1.         1.         1.         1.         1.
 0.9375     1.         1.         0.93333333 1.         1.
 1.         1.         1.         1.         1.         0.94117647
 1.         0.93333333 1.         0.94117647 1.         1.
 1.         1.         1.         0.94117647 1.         1.
 0.94117647 1.         1.         1.         1.         1.
 1.         1.         0.9375     0.9375     0.94117647 1.
 1.         1.         1.         1.         1.         0.9375
 0.93333333 1.         0.94117647 0.94117647 1.         1.
 1.         0.93333333 1.         1.         0.875      0.9375
 1.         1.         1.         1.         0.94117647 0.94117647
 1.         0.93333333 1.         1.         1.         1.
 0.94117647 1.         1.         1.         1.         1.
 0.9375     1.         0.94117647 0.9375    ]
Mean precision: 0.9815931372549019
Dev: 0.029515940912900888
XGB_BrdSMOTE Cross-Validation Results precision:
 [1.         1.         1.         0.94117647 1.         0.94117647
 1.         1.         1.         1.         1.         1.
 1.         1.         0.94117647 0.94117647 1.         1.
 1.         1.         1.         1.         1.         1.
 0.9375     0.9375     1.         0.9375     1.         1.
 1.         1.         1.         1.         1.         0.94117647
 1.         0.9375     1.         1.         1.         1.
 1.         1.         1.         0.94117647 1.         1.
 0.94117647 1.         1.         1.         1.         1.
 1.         1.         0.9375     0.9375     0.94117647 1.
 1.         1.         0.94117647 1.         1.         0.94117647
 0.88235294 1.         1.         1.         1.         1.
 1.         0.94117647 1.         1.         0.9375     0.9375
 1.         1.         1.         1.         0.94117647 1.
 1.         0.94117647 1.         1.         1.         1.
 1.         1.         1.         1.         1.         1.
 1.         1.         0.94117647 0.94117647]
Mean precision: 0.985
Dev: 0.027293578848637316
XGB_GAN Cross-Validation Results precision:
 [0.92857143 1.         1.         1.         1.         0.92857143
 0.85714286 1.         1.         0.92307692 0.92857143 1.
 1.         1.         1.         1.         0.85714286 1.
 1.         0.85714286 0.92307692 1.         1.         0.86666667
 1.         1.         0.92307692 1.         0.91666667 1.
 1.         0.85714286 1.         1.         0.85714286 0.92857143
 1.         0.92307692 1.         1.         0.92857143 1.
 1.         1.         0.92857143 0.92857143 1.         0.92307692
 0.8        0.90909091 1.         0.92857143 1.         0.92857143
 1.         0.92857143 1.         0.92307692 1.         0.85714286
 1.         1.         1.         1.         1.         1.
 0.92307692 0.85714286 0.92307692 1.         0.92857143 1.
 0.92857143 1.         1.         1.         0.90909091 0.85714286
 0.92307692 0.91666667 0.92307692 1.         0.86666667 1.
 1.         1.         0.85714286 0.92307692 1.         0.91666667
 0.92857143 1.         1.         1.         1.         0.86666667
 0.90909091 0.92307692 1.         1.        ]
Mean precision: 0.9573991008991009
Dev: 0.05277142331183455
XGB_RF Cross-Validation Results precision:
 [1.         1.         0.85714286 0.8        0.83333333 0.85714286
 1.         0.83333333 1.         1.         1.         1.
 1.         1.         1.         0.75       1.         1.
 0.75       0.8        1.         1.         1.         0.75
 1.         1.         1.         0.71428571 1.         0.85714286
 1.         1.         1.         1.         0.85714286 0.85714286
 1.         0.8        0.75       1.         1.         1.
 0.85714286 0.85714286 1.         0.85714286 1.         1.
 0.83333333 0.85714286 1.         1.         1.         0.75
 1.         1.         1.         1.         0.83333333 0.85714286
 0.85714286 0.85714286 1.         1.         0.83333333 0.85714286
 0.8        1.         1.         1.         1.         0.85714286
 1.         0.85714286 0.85714286 1.         1.         0.83333333
 1.         0.85714286 0.71428571 1.         1.         1.
 0.85714286 0.85714286 1.         0.83333333 1.         1.
 1.         1.         0.85714286 1.         1.         1.
 1.         0.83333333 0.85714286 0.85714286]
Mean precision: 0.9290238095238097
Dev: 0.08962171381591398
XGB_RF_SMOTE Cross-Validation Results precision:
 [1.         1.         0.94117647 0.94117647 1.         0.94117647
 1.         0.93333333 1.         1.         1.         1.
 1.         1.         0.94117647 0.88888889 1.         1.
 0.94117647 1.         1.         1.         1.         1.
 0.9375     1.         0.9375     0.9375     0.94117647 0.94117647
 1.         0.94117647 1.         1.         1.         0.94117647
 0.9375     0.9375     1.         0.94117647 1.         1.
 0.94117647 1.         1.         0.94117647 1.         0.9375
 0.94117647 0.94117647 1.         1.         0.94117647 1.
 1.         1.         0.9375     0.88235294 0.94117647 1.
 1.         1.         0.94117647 1.         1.         0.88888889
 0.9375     1.         1.         1.         1.         1.
 1.         0.94117647 1.         1.         0.875      0.88235294
 1.         1.         1.         1.         0.94117647 0.94117647
 1.         0.94117647 0.9375     1.         1.         0.94117647
 0.94117647 1.         0.94117647 1.         1.         1.
 1.         1.         0.94117647 0.94117647]
Mean precision: 0.9725890522875816
Dev: 0.034989727898823715
XGB_RF_BrdSMOTE Cross-Validation Results precision:
 [0.94117647 1.         0.94117647 0.88888889 0.94117647 0.94117647
 0.9375     0.9375     1.         1.         1.         0.94117647
 1.         1.         0.88888889 0.88888889 1.         0.93333333
 0.88888889 1.         0.94117647 1.         1.         1.
 0.9375     0.94117647 0.88235294 0.88235294 0.94117647 0.94117647
 1.         0.94117647 1.         0.94117647 1.         0.88888889
 0.92307692 0.9375     0.94117647 0.94117647 1.         1.
 0.94117647 0.94117647 0.94117647 0.88888889 1.         0.9375
 0.88888889 1.         1.         1.         0.88888889 1.
 1.         0.94117647 0.88235294 0.88235294 0.94117647 1.
 1.         0.9375     0.94117647 1.         1.         0.84210526
 0.9375     1.         0.94117647 1.         1.         1.
 1.         0.94117647 0.94117647 0.94117647 0.88235294 0.88235294
 0.94117647 1.         1.         1.         0.94117647 0.94117647
 0.94117647 0.94117647 0.88235294 0.93333333 1.         0.94117647
 0.94117647 1.         0.94117647 1.         0.94117647 0.94117647
 0.9375     0.9375     0.94117647 0.94117647]
Mean precision: 0.9529810702283612
Dev: 0.041300554786970006
XGB_RF_GAN Cross-Validation Results precision:
 [0.92857143 0.92307692 0.92857143 1.         1.         0.92857143
 0.85714286 1.         0.85714286 0.92307692 0.92857143 1.
 1.         1.         0.92857143 0.92857143 0.8        1.
 0.91666667 0.84615385 0.92307692 1.         0.92307692 0.8125
 1.         1.         0.92307692 0.92307692 0.84615385 0.92307692
 1.         0.92307692 1.         0.92857143 0.85714286 0.92857143
 1.         0.92307692 1.         0.85714286 0.92857143 1.
 0.92857143 1.         0.92857143 0.92307692 0.92307692 0.85714286
 0.8        1.         1.         0.86666667 1.         0.92857143
 1.         0.92857143 1.         0.92307692 1.         0.8
 0.92857143 0.76470588 1.         1.         1.         1.
 0.92307692 0.8        0.92307692 1.         0.92857143 0.92307692
 1.         0.92307692 1.         0.92857143 0.91666667 0.85714286
 0.92307692 0.92307692 0.92857143 0.91666667 0.86666667 1.
 1.         1.         0.85714286 1.         1.         0.85714286
 0.92857143 1.         1.         1.         0.92857143 0.86666667
 0.91666667 0.85714286 1.         0.92307692]
Mean precision: 0.9363178463693171
Dev: 0.060536317389948156
