LR Cross-Validation Results recall:
 [1.         0.83333333 0.66666667 1.         0.83333333 1.
 1.         1.         0.83333333 1.         1.         1.
 1.         0.66666667 0.66666667 1.         0.8        1.
 0.83333333 0.83333333 0.66666667 0.66666667 0.83333333 1.
 0.83333333 0.83333333 1.         1.         1.         0.83333333
 0.83333333 0.66666667 0.5        1.         1.         1.
 1.         0.8        1.         1.         1.         0.83333333
 0.83333333 0.83333333 0.83333333 1.         0.8        1.
 0.83333333 1.         0.83333333 1.         1.         1.
 0.66666667 1.         1.         0.8        0.83333333 0.83333333
 1.         0.83333333 1.         0.83333333 0.5        0.83333333
 1.         1.         1.         0.83333333 1.         0.83333333
 0.83333333 1.         0.66666667 0.83333333 1.         1.
 0.83333333 0.83333333 0.83333333 1.         0.83333333 0.66666667
 1.         1.         0.6        1.         1.         0.83333333
 1.         0.83333333 1.         0.83333333 1.         0.5
 0.6        1.         1.         0.83333333]
Mean recall: 0.8839999999999999
Dev: 0.1342038250820992
LR_SMOTE Cross-Validation Results recall:
 [1.         0.9375     0.9375     0.9375     1.         1.
 0.93333333 0.93333333 0.9375     0.875      1.         1.
 1.         0.9375     0.875      1.         0.93333333 0.86666667
 1.         1.         0.9375     0.9375     0.9375     0.9375
 0.9375     1.         1.         1.         0.9375     0.9375
 0.875      1.         1.         1.         0.9375     1.
 1.         1.         0.8125     1.         0.9375     0.9375
 1.         0.9375     1.         0.875      0.93333333 0.93333333
 1.         1.         0.9375     0.875      0.9375     1.
 0.9375     1.         0.93333333 1.         1.         1.
 0.9375     0.875      1.         0.9375     1.         1.
 0.93333333 0.93333333 1.         0.875      0.9375     0.9375
 1.         0.8125     1.         1.         0.93333333 1.
 1.         1.         0.9375     0.9375     1.         0.9375
 1.         0.875      0.93333333 0.93333333 1.         0.9375
 1.         1.         0.9375     0.9375     1.         0.9375
 0.93333333 0.93333333 0.875      1.        ]
Mean recall: 0.95625
Dev: 0.046073235783430234
LR_BrdSMOTE Cross-Validation Results recall:
 [1.         0.875      1.         0.9375     0.875      0.875
 1.         1.         0.9375     0.875      1.         1.
 1.         1.         0.9375     0.875      0.93333333 0.93333333
 0.9375     0.9375     1.         0.9375     0.875      1.
 0.9375     0.875      1.         1.         1.         0.9375
 0.9375     1.         1.         1.         0.9375     1.
 0.8        1.         0.9375     1.         0.8125     0.9375
 0.9375     1.         0.9375     1.         1.         1.
 1.         1.         1.         1.         0.875      1.
 0.875      0.9375     1.         0.8        0.875      1.
 1.         0.875      0.875      1.         0.9375     1.
 0.93333333 0.93333333 0.9375     0.9375     1.         1.
 1.         0.875      1.         0.8125     1.         1.
 1.         0.9375     1.         1.         0.875      0.9375
 1.         0.9375     1.         0.93333333 1.         1.
 1.         1.         0.9375     0.9375     1.         1.
 1.         0.86666667 0.9375     1.        ]
Mean recall: 0.9550833333333333
Dev: 0.054869099277786174
LR_GAN Cross-Validation Results recall:
 [1.         0.92307692 0.92307692 0.92307692 1.         1.
 0.91666667 1.         1.         0.91666667 1.         0.92307692
 1.         0.92307692 1.         1.         1.         0.91666667
 0.91666667 0.91666667 0.92307692 1.         0.84615385 0.92307692
 0.92307692 1.         1.         1.         1.         1.
 0.92307692 0.92307692 0.92307692 1.         0.92307692 1.
 1.         1.         0.91666667 1.         1.         1.
 0.92307692 1.         1.         0.92307692 0.91666667 1.
 0.91666667 0.91666667 0.84615385 1.         1.         1.
 1.         1.         1.         0.91666667 0.75       1.
 0.92307692 1.         0.92307692 1.         0.92307692 0.92307692
 0.91666667 1.         1.         0.91666667 1.         0.92307692
 1.         0.92307692 0.92307692 1.         1.         1.
 1.         0.83333333 0.92307692 0.92307692 0.84615385 1.
 1.         1.         1.         0.83333333 0.91666667 1.
 1.         0.92307692 1.         0.92307692 1.         0.92307692
 1.         0.75       1.         1.        ]
Mean recall: 0.9562179487179489
Dev: 0.05513606831220681
DT Cross-Validation Results recall:
 [1.         0.83333333 0.83333333 1.         0.83333333 1.
 0.6        1.         0.83333333 1.         1.         0.83333333
 0.5        0.83333333 0.83333333 1.         0.8        1.
 1.         0.83333333 0.83333333 0.66666667 0.83333333 0.66666667
 1.         0.83333333 1.         1.         1.         0.83333333
 1.         0.66666667 0.66666667 0.83333333 1.         1.
 0.8        0.8        1.         1.         1.         0.83333333
 1.         0.83333333 0.83333333 1.         0.6        0.8
 0.83333333 1.         1.         1.         1.         0.83333333
 0.83333333 0.83333333 0.8        1.         0.83333333 1.
 0.83333333 1.         0.83333333 0.83333333 0.66666667 0.83333333
 1.         1.         1.         0.83333333 1.         1.
 0.83333333 1.         0.83333333 0.83333333 1.         0.8
 0.66666667 1.         1.         0.83333333 0.83333333 1.
 0.83333333 0.83333333 0.6        1.         1.         1.
 1.         1.         0.83333333 0.83333333 1.         0.83333333
 0.6        1.         0.83333333 1.        ]
Mean recall: 0.8853333333333333
Dev: 0.12286578042726137
DT_SMOTE Cross-Validation Results recall:
 [1.         1.         1.         1.         1.         1.
 1.         0.93333333 1.         0.9375     1.         1.
 1.         0.9375     1.         1.         1.         0.93333333
 1.         1.         1.         1.         0.9375     1.
 1.         1.         1.         1.         1.         1.
 0.9375     1.         1.         1.         0.9375     1.
 1.         1.         1.         1.         0.9375     1.
 1.         1.         1.         1.         0.93333333 1.
 1.         1.         1.         0.9375     1.         1.
 0.6875     1.         1.         1.         1.         1.
 1.         0.9375     1.         0.9375     1.         1.
 0.93333333 1.         1.         1.         1.         0.9375
 1.         1.         1.         1.         0.93333333 1.
 1.         1.         0.9375     1.         0.875      1.
 1.         1.         1.         1.         1.         1.
 1.         1.         1.         0.9375     1.         1.
 1.         0.93333333 1.         1.        ]
Mean recall: 0.9841249999999999
Dev: 0.04020215842049611
DT_BrdSMOTE Cross-Validation Results recall:
 [1.         1.         1.         1.         1.         1.
 1.         1.         1.         0.9375     1.         1.
 1.         1.         1.         1.         1.         0.93333333
 1.         1.         1.         1.         1.         1.
 0.9375     1.         1.         1.         1.         1.
 1.         1.         1.         1.         0.9375     1.
 1.         1.         1.         1.         0.9375     1.
 1.         1.         1.         1.         1.         1.
 1.         1.         1.         1.         1.         1.
 0.9375     1.         1.         1.         1.         1.
 1.         0.9375     1.         1.         1.         1.
 1.         1.         1.         1.         1.         0.9375
 1.         1.         1.         1.         1.         1.
 1.         1.         1.         1.         1.         1.
 1.         1.         1.         0.93333333 1.         1.
 1.         1.         1.         0.9375     1.         1.
 1.         1.         0.875      1.        ]
Mean recall: 0.9924166666666667
Dev: 0.022363629947851585
DT_GAN Cross-Validation Results recall:
 [0.92307692 1.         1.         0.92307692 0.92307692 1.
 1.         0.91666667 1.         1.         1.         1.
 1.         0.84615385 1.         1.         1.         1.
 0.91666667 1.         1.         0.92307692 0.92307692 0.92307692
 0.84615385 1.         1.         1.         1.         1.
 1.         1.         1.         1.         1.         0.92307692
 1.         0.91666667 1.         1.         1.         1.
 0.92307692 1.         1.         1.         1.         1.
 0.91666667 0.91666667 0.92307692 1.         1.         1.
 0.92307692 1.         1.         1.         0.91666667 1.
 0.92307692 1.         0.92307692 1.         0.92307692 0.84615385
 0.91666667 0.91666667 1.         0.83333333 0.92307692 0.92307692
 1.         1.         1.         1.         1.         1.
 0.91666667 1.         1.         1.         0.84615385 1.
 1.         1.         1.         1.         1.         0.91666667
 1.         1.         1.         0.92307692 1.         0.92307692
 0.91666667 0.91666667 1.         1.        ]
Mean recall: 0.9691025641025642
Dev: 0.04592518141464921
RF Cross-Validation Results recall:
 [1.         0.83333333 0.83333333 0.66666667 0.83333333 1.
 0.4        1.         1.         1.         1.         1.
 1.         0.83333333 0.83333333 1.         0.8        1.
 1.         0.33333333 1.         0.5        0.83333333 1.
 1.         0.83333333 0.6        1.         1.         0.83333333
 1.         1.         0.66666667 1.         1.         0.83333333
 1.         0.8        1.         1.         1.         1.
 0.83333333 1.         0.83333333 1.         0.6        1.
 0.83333333 1.         0.83333333 1.         0.83333333 0.83333333
 1.         1.         1.         1.         0.83333333 0.66666667
 1.         1.         1.         0.83333333 0.66666667 0.66666667
 1.         1.         1.         0.83333333 1.         1.
 0.83333333 1.         1.         0.83333333 1.         0.8
 0.83333333 1.         0.83333333 0.83333333 0.83333333 1.
 1.         0.66666667 0.6        1.         1.         1.
 1.         1.         1.         0.83333333 1.         0.66666667
 0.6        1.         0.83333333 1.        ]
Mean recall: 0.8936666666666666
Dev: 0.14777573097997748
RF_SMOTE Cross-Validation Results recall:
 [1.         1.         1.         1.         0.9375     1.
 1.         0.93333333 1.         0.9375     1.         0.9375
 1.         0.9375     1.         1.         1.         0.93333333
 1.         1.         1.         1.         0.9375     1.
 0.9375     1.         1.         1.         1.         1.
 0.9375     1.         1.         1.         0.9375     1.
 1.         1.         0.875      1.         0.9375     1.
 1.         1.         1.         1.         0.93333333 1.
 1.         1.         1.         0.9375     1.         1.
 0.9375     1.         1.         1.         1.         1.
 1.         0.9375     1.         0.9375     1.         1.
 0.93333333 1.         1.         1.         1.         0.9375
 1.         1.         0.9375     1.         0.93333333 1.
 1.         1.         0.9375     1.         1.         1.
 1.         1.         1.         0.93333333 0.9375     1.
 1.         1.         1.         0.9375     1.         1.
 1.         0.93333333 1.         1.        ]
Mean recall: 0.9828333333333333
Dev: 0.02959377749910725
RF_BrdSMOTE Cross-Validation Results recall:
 [1.         1.         1.         1.         1.         1.
 1.         1.         1.         0.9375     1.         1.
 1.         1.         1.         1.         1.         0.93333333
 1.         1.         1.         1.         1.         1.
 0.9375     1.         1.         1.         1.         1.
 1.         1.         1.         1.         0.9375     1.
 1.         1.         1.         1.         1.         1.
 1.         1.         1.         1.         1.         1.
 1.         1.         1.         1.         1.         1.
 0.9375     1.         1.         1.         1.         1.
 1.         1.         1.         1.         1.         1.
 1.         1.         1.         1.         1.         0.9375
 1.         1.         1.         1.         1.         1.
 1.         1.         1.         1.         1.         1.
 1.         1.         1.         0.93333333 1.         1.
 1.         1.         1.         0.9375     1.         1.
 1.         1.         1.         1.        ]
Mean recall: 0.9949166666666668
Dev: 0.017245973765233177
RF_GAN Cross-Validation Results recall:
 [1.         1.         0.92307692 0.84615385 1.         1.
 1.         1.         1.         1.         1.         0.92307692
 0.92307692 0.84615385 1.         1.         1.         1.
 0.91666667 0.91666667 1.         1.         0.92307692 0.92307692
 0.84615385 1.         1.         1.         0.91666667 1.
 0.92307692 0.92307692 1.         1.         0.92307692 1.
 1.         1.         0.91666667 0.91666667 1.         1.
 1.         1.         1.         0.92307692 1.         1.
 1.         0.83333333 0.92307692 1.         1.         1.
 1.         1.         1.         1.         0.83333333 1.
 1.         0.92307692 1.         1.         0.92307692 0.84615385
 1.         1.         1.         1.         1.         0.92307692
 1.         0.92307692 1.         1.         0.91666667 1.
 1.         0.91666667 0.92307692 0.84615385 1.         1.
 1.         1.         1.         1.         1.         1.
 1.         0.84615385 1.         0.92307692 0.92307692 0.92307692
 1.         0.91666667 1.         1.        ]
Mean recall: 0.9669230769230769
Dev: 0.05002234872000855
XGB Cross-Validation Results recall:
 [1.         0.83333333 1.         1.         0.83333333 1.
 0.6        1.         1.         1.         1.         1.
 0.83333333 0.66666667 0.83333333 1.         0.8        1.
 1.         0.66666667 1.         0.66666667 0.83333333 1.
 1.         0.83333333 0.8        1.         1.         1.
 1.         0.66666667 0.66666667 1.         1.         1.
 1.         0.8        1.         1.         1.         1.
 1.         0.83333333 0.83333333 1.         0.6        0.8
 0.83333333 1.         0.83333333 1.         1.         0.83333333
 1.         1.         1.         1.         0.83333333 0.83333333
 1.         1.         1.         0.83333333 0.66666667 0.83333333
 1.         1.         1.         1.         1.         1.
 0.83333333 1.         0.83333333 0.66666667 1.         0.8
 0.83333333 1.         0.83333333 1.         0.83333333 1.
 1.         0.83333333 0.6        1.         1.         1.
 1.         1.         1.         1.         1.         0.83333333
 0.6        1.         0.83333333 1.        ]
Mean recall: 0.9123333333333332
Dev: 0.12198861513363543
XGB_SMOTE Cross-Validation Results recall:
 [0.9375     1.         1.         1.         0.9375     1.
 1.         0.93333333 1.         0.9375     1.         0.9375
 1.         0.9375     1.         1.         1.         0.93333333
 1.         1.         1.         1.         0.9375     1.
 0.9375     0.9375     1.         0.93333333 0.9375     1.
 0.9375     1.         1.         0.9375     0.9375     1.
 1.         0.93333333 0.875      1.         0.9375     1.
 1.         1.         0.9375     1.         0.93333333 1.
 1.         1.         1.         0.9375     1.         1.
 0.8125     0.9375     1.         1.         1.         0.9375
 1.         0.875      1.         0.9375     1.         0.9375
 0.93333333 1.         1.         1.         0.9375     0.9375
 1.         0.875      0.875      0.9375     0.93333333 1.
 1.         1.         0.9375     1.         1.         1.
 1.         0.875      1.         0.93333333 0.9375     1.
 1.         0.9375     0.9375     0.9375     1.         1.
 1.         0.93333333 1.         0.9375    ]
Mean recall: 0.9683750000000001
Dev: 0.04032892107408776
XGB_BrdSMOTE Cross-Validation Results recall:
 [1.         1.         1.         1.         1.         1.
 1.         1.         1.         0.875      1.         1.
 1.         1.         1.         1.         1.         0.93333333
 0.9375     1.         1.         1.         1.         1.
 0.9375     0.9375     1.         1.         1.         1.
 1.         1.         1.         1.         0.9375     1.
 1.         1.         1.         0.9375     0.875      1.
 1.         1.         1.         1.         1.         1.
 1.         1.         1.         1.         1.         1.
 0.9375     1.         1.         1.         1.         1.
 1.         0.9375     1.         1.         1.         1.
 1.         1.         0.9375     1.         1.         0.9375
 1.         1.         1.         0.9375     1.         1.
 1.         1.         1.         1.         1.         1.
 1.         1.         1.         0.86666667 1.         1.
 1.         1.         0.9375     0.9375     1.         1.
 1.         1.         1.         1.        ]
Mean recall: 0.9880000000000001
Dev: 0.02931675667979359
XGB_GAN Cross-Validation Results recall:
 [1.         1.         1.         0.84615385 1.         1.
 1.         0.91666667 1.         1.         1.         0.92307692
 0.92307692 0.92307692 1.         1.         1.         1.
 0.91666667 1.         0.92307692 1.         0.92307692 1.
 1.         1.         1.         0.91666667 0.91666667 1.
 0.92307692 0.92307692 1.         0.92307692 0.92307692 1.
 1.         1.         1.         0.91666667 1.         0.92307692
 1.         1.         1.         1.         1.         1.
 1.         0.83333333 0.92307692 1.         0.84615385 1.
 0.92307692 1.         1.         1.         0.83333333 1.
 1.         0.92307692 1.         1.         0.92307692 0.92307692
 1.         1.         1.         0.91666667 1.         0.92307692
 1.         1.         1.         1.         0.83333333 1.
 1.         0.91666667 0.92307692 0.92307692 1.         1.
 0.92307692 0.92307692 1.         1.         1.         0.91666667
 1.         0.92307692 1.         0.92307692 1.         1.
 0.83333333 1.         1.         1.        ]
Mean recall: 0.9666666666666667
Dev: 0.04827735995836597
XGB_RF Cross-Validation Results recall:
 [1.         0.83333333 1.         0.66666667 0.83333333 1.
 0.4        1.         1.         1.         1.         1.
 0.83333333 1.         0.83333333 1.         0.8        1.
 1.         0.66666667 1.         0.5        0.83333333 1.
 1.         1.         0.6        1.         1.         1.
 1.         1.         0.66666667 1.         1.         1.
 1.         0.8        1.         1.         1.         1.
 1.         1.         0.83333333 1.         0.8        1.
 0.83333333 1.         0.66666667 1.         1.         1.
 1.         1.         1.         1.         0.83333333 1.
 1.         1.         1.         0.83333333 0.83333333 1.
 0.8        1.         1.         1.         1.         1.
 0.83333333 1.         1.         0.83333333 1.         1.
 1.         1.         0.83333333 1.         1.         1.
 1.         1.         0.8        1.         1.         1.
 1.         1.         1.         1.         1.         0.83333333
 0.8        1.         1.         1.        ]
Mean recall: 0.9363333333333334
Dev: 0.11991617442567491
XGB_RF_SMOTE Cross-Validation Results recall:
 [1.         1.         1.         1.         1.         1.
 1.         0.93333333 1.         0.9375     1.         1.
 1.         0.9375     1.         1.         1.         0.93333333
 1.         1.         1.         1.         0.9375     1.
 0.9375     1.         1.         1.         1.         1.
 0.9375     1.         1.         1.         0.9375     1.
 1.         1.         1.         1.         0.9375     1.
 1.         1.         1.         1.         0.93333333 1.
 1.         1.         1.         0.9375     1.         1.
 0.9375     1.         1.         1.         1.         1.
 1.         0.9375     1.         0.9375     1.         1.
 1.         1.         1.         1.         1.         0.9375
 1.         1.         1.         1.         0.93333333 1.
 1.         1.         0.9375     1.         1.         1.
 1.         1.         1.         0.93333333 1.         1.
 1.         1.         1.         0.9375     1.         1.
 1.         0.93333333 1.         1.        ]
Mean recall: 0.9872500000000001
Dev: 0.025514293379724756
XGB_RF_BrdSMOTE Cross-Validation Results recall:
 [1.         1.         1.         1.         1.         1.
 1.         1.         1.         0.9375     1.         1.
 1.         1.         1.         1.         1.         0.93333333
 1.         1.         1.         1.         1.         1.
 0.9375     1.         1.         1.         1.         1.
 1.         1.         1.         1.         0.9375     1.
 0.8        1.         1.         1.         0.9375     1.
 1.         1.         1.         1.         1.         1.
 1.         1.         1.         1.         1.         1.
 0.9375     1.         1.         1.         1.         1.
 1.         0.9375     1.         1.         1.         1.
 1.         1.         1.         1.         1.         0.9375
 1.         1.         1.         1.         1.         1.
 1.         1.         1.         1.         1.         1.
 1.         1.         1.         0.93333333 1.         1.
 1.         1.         1.         0.9375     1.         1.
 1.         1.         1.         1.        ]
Mean recall: 0.9916666666666667
Dev: 0.027054471801246534
XGB_RF_GAN Cross-Validation Results recall:
 [1.         0.92307692 1.         0.92307692 1.         1.
 1.         1.         1.         1.         1.         1.
 1.         0.84615385 1.         1.         1.         1.
 0.91666667 0.91666667 0.92307692 1.         0.92307692 1.
 0.84615385 1.         1.         1.         0.91666667 1.
 0.92307692 0.92307692 1.         1.         0.92307692 1.
 1.         1.         0.91666667 1.         1.         1.
 1.         1.         1.         0.92307692 1.         1.
 1.         0.91666667 0.92307692 1.         0.92307692 1.
 1.         1.         1.         1.         0.83333333 1.
 1.         1.         0.92307692 1.         0.92307692 0.84615385
 1.         1.         1.         0.91666667 1.         0.92307692
 1.         0.92307692 1.         1.         0.91666667 1.
 1.         1.         1.         0.84615385 1.         1.
 1.         1.         1.         1.         1.         1.
 1.         0.92307692 1.         0.92307692 1.         1.
 0.91666667 1.         1.         1.        ]
Mean recall: 0.9732051282051283
Dev: 0.044820300122713055
