LR Unbalanced Cross-Validation Results accuracy: [0.95652174 0.95652174 0.95652174 1.         0.86956522 0.91304348
 0.95454545 0.95454545 1.         0.95454545 0.95652174 0.95652174
 0.95652174 0.95652174 0.91304348 0.91304348 1.         1.
 1.         0.95454545 0.95652174 0.95652174 1.         0.95652174
 1.         0.91304348 0.86363636 1.         1.         0.90909091
 0.95652174 0.95652174 0.91304348 0.95652174 0.95652174 0.95652174
 0.95454545 0.90909091 0.95454545 1.         0.95652174 0.91304348
 1.         0.95652174 0.91304348 0.91304348 1.         1.
 1.         0.90909091 1.         1.         1.         0.95652174
 0.91304348 0.86956522 0.95454545 0.95454545 0.95454545 0.95454545
 0.82608696 1.         1.         1.         0.95652174 0.91304348
 0.95454545 0.90909091 0.95454545 1.         0.91304348 0.86956522
 1.         0.82608696 1.         1.         0.95454545 1.
 1.         0.95454545 0.95652174 0.95652174 1.         1.
 0.95652174 0.91304348 0.95454545 0.95454545 0.86363636 0.95454545
 1.         1.         0.91304348 0.86956522 0.91304348 0.95652174
 0.95454545 0.86363636 0.95454545 0.95454545]
Mean accuracy: 0.9523122529644268
Dev: 0.04250129001040864
LR Balanced Cross-Validation Results (accuracy): [0.97142857 0.94285714 0.94117647 0.94117647 0.97058824 1.
 0.94117647 0.97058824 0.88235294 1.         1.         1.
 1.         0.97058824 1.         0.94117647 0.94117647 0.94117647
 0.97058824 0.88235294 0.88571429 1.         1.         1.
 1.         0.94117647 0.91176471 0.91176471 0.97058824 0.94117647
 1.         0.97142857 0.97058824 0.91176471 0.94117647 0.97058824
 0.97058824 0.97058824 0.94117647 0.97058824 0.94285714 0.94285714
 0.94117647 0.94117647 0.94117647 1.         0.97058824 0.88235294
 1.         0.97058824 1.         0.91428571 0.97058824 0.94117647
 0.91176471 0.91176471 1.         1.         0.97058824 1.
 0.94285714 1.         0.94117647 1.         0.91176471 0.94117647
 1.         0.91176471 0.97058824 0.97058824 0.91428571 1.
 1.         0.97058824 0.97058824 0.94117647 0.94117647 0.97058824
 0.91176471 0.94117647 0.97142857 1.         1.         0.94117647
 0.97058824 0.94117647 0.94117647 0.91176471 0.94117647 0.94117647
 0.97142857 0.97142857 0.97058824 0.88235294 0.91176471 0.97058824
 0.97058824 0.94117647 1.         0.97058824]
Mean accuracy: 0.9581344537815127
Dev: 0.03318282571333958
DT Unbalanced Cross-Validation Results (accuracy): [1.         0.91304348 1.         0.95652174 0.95652174 0.95652174
 1.         1.         1.         1.         0.95652174 0.86956522
 0.95652174 0.95652174 1.         0.95652174 1.         1.
 1.         1.         1.         0.95652174 1.         0.95652174
 1.         1.         0.95454545 0.90909091 0.95454545 0.95454545
 1.         1.         0.95652174 0.91304348 1.         0.95652174
 0.90909091 1.         0.95454545 0.95454545 0.95652174 1.
 0.95652174 0.95652174 0.91304348 1.         0.95454545 1.
 1.         0.95454545 1.         0.95652174 1.         1.
 1.         0.95652174 1.         1.         1.         0.90909091
 1.         1.         1.         0.95652174 0.95652174 1.
 0.95454545 0.95454545 1.         0.95454545 0.91304348 0.95652174
 1.         0.95652174 1.         1.         0.95454545 1.
 1.         0.95454545 0.95652174 1.         1.         0.95652174
 0.86956522 1.         0.95454545 0.95454545 1.         1.
 1.         0.95652174 0.95652174 0.95652174 0.95652174 1.
 0.95454545 0.95454545 1.         0.95454545]
Mean accuracy: 0.9721541501976284
Dev: 0.030951537981947726
DT Balanced Cross-Validation Results (accuracy): [1.         1.         1.         0.97058824 0.97058824 1.
 1.         1.         1.         1.         1.         1.
 1.         1.         1.         1.         0.97058824 0.97058824
 0.97058824 1.         1.         1.         1.         1.
 1.         1.         1.         0.94117647 0.97058824 1.
 1.         1.         0.97058824 1.         1.         1.
 0.94117647 0.97058824 1.         1.         1.         1.
 0.97058824 1.         1.         1.         1.         0.91176471
 1.         0.97058824 1.         1.         0.97058824 1.
 1.         0.94117647 1.         1.         1.         1.
 1.         1.         0.97058824 0.97058824 0.97058824 1.
 1.         0.97058824 1.         0.97058824 1.         1.
 1.         1.         1.         1.         0.97058824 1.
 1.         0.97058824 1.         1.         1.         1.
 0.97058824 1.         0.94117647 0.97058824 1.         1.
 1.         1.         1.         0.97058824 0.97058824 0.97058824
 0.97058824 1.         1.         1.        ]
Mean accuracy: 0.9897058823529412
Dev: 0.01782993478379727
RF Unbalanced Cross-Validation Results (accuracy): [1.         1.         0.91304348 0.91304348 0.91304348 0.91304348
 1.         0.95454545 1.         1.         1.         0.7826087
 1.         1.         1.         0.86956522 1.         1.
 1.         1.         1.         0.86956522 1.         1.
 0.95652174 1.         0.90909091 1.         0.95454545 0.95454545
 0.95652174 0.91304348 0.95652174 1.         1.         1.
 0.90909091 1.         0.95454545 1.         0.91304348 1.
 0.95652174 0.95652174 0.95652174 1.         0.95454545 1.
 0.95454545 0.90909091 0.95652174 0.95652174 1.         0.86956522
 1.         0.95652174 0.90909091 1.         1.         0.95454545
 0.95652174 0.95652174 1.         0.95652174 0.95652174 0.95652174
 0.95454545 0.95454545 1.         1.         0.91304348 0.95652174
 1.         0.95652174 0.91304348 0.95652174 1.         1.
 1.         0.95454545 0.95652174 1.         1.         1.
 0.95652174 0.86956522 0.90909091 0.95454545 0.95454545 1.
 0.95652174 0.91304348 0.95652174 1.         0.95652174 0.95652174
 0.95454545 0.95454545 1.         0.90909091]
Mean accuracy: 0.9629644268774703
Dev: 0.04101123373318911
RF Balanced Cross-Validation Results (accuracy): [1.         1.         1.         0.97058824 0.97058824 1.
 1.         1.         1.         1.         1.         1.
 1.         1.         1.         0.97058824 0.97058824 1.
 0.97058824 1.         1.         1.         1.         1.
 1.         1.         1.         0.94117647 1.         1.
 1.         1.         0.97058824 0.97058824 1.         1.
 0.97058824 1.         1.         1.         1.         0.94285714
 0.97058824 1.         1.         1.         1.         1.
 1.         0.97058824 1.         1.         0.97058824 1.
 0.97058824 0.97058824 1.         1.         1.         1.
 0.97142857 1.         1.         1.         0.97058824 1.
 1.         0.97058824 1.         1.         1.         1.
 1.         1.         1.         1.         0.97058824 1.
 1.         0.97058824 1.         1.         1.         1.
 1.         1.         0.94117647 1.         1.         1.
 1.         1.         1.         0.97058824 0.97058824 1.
 0.97058824 1.         1.         1.        ]
Mean accuracy: 0.9920840336134455
Dev: 0.014844808370926249
XGBoost Unbalanced Cross-Validation Results (accuracy): [1.         0.95652174 0.95652174 1.         0.82608696 0.91304348
 1.         0.95454545 1.         1.         1.         0.82608696
 0.95652174 0.95652174 1.         0.86956522 1.         1.
 0.95454545 1.         0.95652174 0.95652174 1.         1.
 0.95652174 1.         0.95454545 1.         0.90909091 0.95454545
 0.95652174 0.95652174 0.91304348 0.95652174 1.         0.95652174
 0.90909091 1.         1.         1.         0.95652174 0.95652174
 0.95652174 0.95652174 1.         0.95652174 0.95454545 1.
 0.95454545 0.95454545 0.95652174 0.95652174 1.         0.86956522
 1.         0.95652174 0.90909091 1.         1.         0.95454545
 0.95652174 0.95652174 1.         0.95652174 0.95652174 0.95652174
 0.95454545 0.90909091 1.         0.95454545 0.91304348 0.95652174
 1.         1.         0.91304348 0.95652174 0.95454545 1.
 1.         0.95454545 0.95652174 1.         1.         0.95652174
 0.95652174 0.91304348 0.90909091 0.95454545 0.95454545 1.
 0.95652174 0.95652174 0.95652174 1.         0.95652174 1.
 0.95454545 0.95454545 1.         0.90909091]
Mean accuracy: 0.9624901185770751
Dev: 0.03696653919315513
XGBoost Balanced Cross-Validation Results (accuracy): [1.         0.97142857 0.97058824 0.97058824 0.97058824 1.
 1.         0.97058824 0.97058824 1.         1.         1.
 1.         1.         0.97058824 0.94117647 0.97058824 0.97058824
 0.97058824 1.         0.97142857 1.         0.97058824 1.
 1.         1.         0.97058824 0.94117647 0.97058824 1.
 1.         0.97142857 0.97058824 1.         1.         1.
 0.97058824 0.97058824 1.         1.         1.         0.94285714
 0.97058824 1.         1.         1.         1.         0.94117647
 1.         0.97058824 0.97142857 1.         0.97058824 1.
 0.97058824 0.94117647 1.         1.         1.         1.
 0.94285714 1.         1.         1.         0.97058824 1.
 1.         0.97058824 1.         1.         1.         1.
 1.         0.97058824 1.         0.94117647 0.97058824 0.97058824
 0.97058824 0.94117647 1.         1.         1.         1.
 0.97058824 0.97058824 0.94117647 0.97058824 1.         0.97058824
 1.         1.         0.94117647 0.97058824 0.94117647 0.97058824
 0.97058824 1.         1.         1.        ]
Mean accuracy: 0.9830084033613445
Dev: 0.019936903507324025
XGBoost RF Unbalanced Cross-Validation Results (accuracy): [1.         0.95652174 0.95652174 1.         0.86956522 0.91304348
 1.         0.95454545 1.         1.         1.         0.7826087
 1.         0.91304348 1.         0.86956522 1.         1.
 1.         1.         1.         0.95652174 1.         1.
 1.         0.95652174 0.95454545 0.90909091 0.95454545 0.95454545
 0.95652174 1.         0.86956522 1.         1.         0.95652174
 1.         0.95454545 0.95454545 1.         0.95652174 1.
 1.         0.95652174 0.95652174 1.         0.90909091 1.
 0.90909091 0.95454545 0.95652174 0.95652174 1.         0.86956522
 0.95652174 0.95652174 0.90909091 1.         1.         1.
 0.95652174 0.95652174 1.         0.86956522 0.95652174 0.95652174
 0.95454545 0.95454545 1.         1.         0.91304348 0.95652174
 1.         1.         0.91304348 1.         0.95454545 1.
 0.95454545 0.95454545 0.95652174 1.         1.         1.
 0.95652174 1.         0.90909091 0.90909091 0.95454545 0.95454545
 0.91304348 0.86956522 0.95652174 1.         0.95652174 1.
 1.         0.95454545 1.         0.95454545]
Mean accuracy: 0.9633596837944665
Dev: 0.04208643609196468
XGBoost RF Balanced Cross-Validation Results (accuracy): [1.         1.         1.         0.97058824 0.97058824 1.
 1.         1.         0.94117647 1.         1.         1.
 1.         1.         1.         1.         0.97058824 0.94117647
 0.97058824 1.         0.94285714 1.         1.         1.
 1.         1.         1.         0.94117647 1.         1.
 1.         1.         0.97058824 1.         1.         1.
 0.97058824 1.         1.         1.         0.97142857 1.
 0.97058824 1.         1.         1.         1.         0.94117647
 1.         0.97058824 1.         1.         0.97058824 1.
 1.         0.97058824 1.         1.         1.         1.
 0.97142857 1.         0.97058824 1.         0.91176471 1.
 1.         0.97058824 1.         1.         1.         1.
 1.         1.         1.         1.         0.97058824 1.
 0.97058824 0.97058824 1.         1.         1.         1.
 1.         1.         0.94117647 0.97058824 1.         1.
 1.         1.         0.94117647 1.         0.97058824 1.
 0.97058824 1.         1.         1.        ]
Mean accuracy: 0.9891512605042017
Dev: 0.019299246456203303
