LR + BoarderLineSMOTE Cross-Validation Results precision: [0.94117647 0.89473684 0.89473684 0.89473684 0.83333333 0.88235294
 0.89473684 0.80952381 1.         0.89473684 0.8        0.85
 1.         0.94444444 0.85       0.84210526 0.89473684 1.
 0.84210526 0.89473684 0.94444444 0.89473684 0.9375     0.89473684
 0.94444444 0.8        0.88888889 0.94444444 0.89473684 0.94117647
 0.89473684 0.94444444 0.83333333 0.85       0.89473684 0.85
 0.89473684 0.89473684 1.         0.89473684 0.94444444 0.89473684
 0.89473684 1.         1.         0.8        0.86666667 0.89473684
 0.9375     0.84210526 0.85       0.9375     1.         0.89473684
 0.94117647 1.         0.85       1.         0.85       0.77272727
 0.9375     0.94444444 0.89473684 0.88888889 0.84210526 0.84210526
 0.80952381 0.94444444 0.88888889 0.8        0.85       0.94444444
 0.80952381 0.88888889 0.89473684 0.94444444 0.9375     0.86666667
 0.89473684 0.89473684 0.84210526 0.77272727 1.         0.89473684
 1.         0.94444444 0.89473684 0.89473684 0.85       0.88888889
 1.         0.88235294 0.9375     0.89473684 0.88888889 0.88888889
 0.94117647 0.77272727 0.85       1.        ]
Mean precision: 0.8982280243835971
Dev: 0.058158718043745346
DT + BoarderLineSMOTE Cross-Validation Results precision: [1.         0.94444444 1.         0.94444444 1.         1.
 1.         0.94444444 0.94444444 0.94444444 0.94444444 0.94117647
 0.94444444 0.94444444 1.         1.         1.         0.89473684
 1.         1.         1.         0.94444444 0.89473684 1.
 0.94444444 0.94444444 1.         0.94444444 1.         1.
 1.         0.89473684 0.94117647 0.94444444 1.         1.
 1.         1.         0.94444444 0.94444444 0.94444444 1.
 1.         1.         0.94444444 1.         1.         0.94444444
 1.         0.89473684 0.94444444 1.         1.         0.94444444
 1.         0.94117647 0.94444444 1.         1.         0.94444444
 0.94444444 0.94444444 1.         0.88888889 1.         1.
 0.94444444 0.94444444 1.         1.         0.94444444 1.
 1.         1.         0.94444444 1.         1.         0.94117647
 0.89473684 0.94444444 0.89473684 0.94444444 1.         1.
 1.         1.         0.94444444 1.         0.94444444 0.94444444
 1.         1.         0.94444444 0.94444444 1.         1.
 0.94444444 0.89473684 1.         0.94444444]
Mean precision: 0.9686119711042313
Dev: 0.034557999276580584
RF + BoarderLineSMOTE Cross-Validation Results precision: [1.         0.94444444 1.         0.94444444 1.         1.
 1.         1.         1.         0.94444444 1.         0.88888889
 1.         0.94444444 1.         1.         1.         0.89473684
 1.         1.         1.         0.94444444 0.89473684 1.
 1.         0.94444444 1.         1.         1.         1.
 1.         0.89473684 0.94444444 1.         0.94444444 1.
 1.         1.         1.         0.94444444 1.         1.
 1.         1.         1.         1.         0.94444444 0.94444444
 1.         0.89473684 0.94444444 1.         1.         0.94444444
 1.         1.         1.         1.         1.         0.94444444
 1.         0.94444444 1.         0.84210526 1.         1.
 0.94444444 1.         1.         1.         0.94444444 1.
 1.         1.         1.         1.         1.         1.
 0.94444444 1.         0.89473684 1.         1.         1.
 1.         1.         1.         1.         0.94444444 0.94444444
 1.         1.         0.94444444 0.94444444 1.         1.
 1.         0.89473684 1.         0.94444444]
Mean precision: 0.9782163742690058
Dev: 0.03567820633339095
XGBoost + BoarderLineSMOTE Cross-Validation Results precision: [1.         1.         1.         0.94444444 1.         1.
 1.         0.94444444 1.         1.         0.94444444 1.
 1.         0.94444444 1.         1.         1.         1.
 1.         1.         1.         1.         1.         1.
 1.         0.94444444 1.         1.         1.         1.
 1.         1.         1.         1.         1.         1.
 1.         1.         1.         0.94444444 1.         1.
 1.         1.         1.         1.         1.         0.94117647
 1.         0.94444444 1.         1.         1.         0.94444444
 1.         1.         1.         1.         1.         0.94444444
 1.         1.         1.         0.88888889 1.         1.
 1.         1.         1.         0.94444444 0.89473684 1.
 1.         1.         1.         1.         1.         1.
 1.         1.         1.         1.         1.         1.
 1.         1.         1.         1.         0.94444444 1.
 1.         1.         0.94444444 1.         1.         1.
 1.         1.         1.         1.        ]
Mean precision: 0.9905813553491573
Dev: 0.02346319870902662
XGBoost RF + BoarderLineSMOTE Cross-Validation Results precision: [1.         1.         1.         0.94444444 0.94117647 0.94117647
 1.         0.94444444 0.94444444 1.         0.94444444 0.94117647
 1.         0.94444444 1.         1.         1.         1.
 0.94444444 1.         1.         0.89473684 0.89473684 0.94444444
 0.94444444 0.94444444 1.         1.         1.         1.
 1.         0.89473684 0.89473684 0.89473684 1.         1.
 1.         1.         1.         0.94444444 0.94444444 1.
 1.         1.         0.94444444 1.         0.94444444 1.
 0.94444444 0.89473684 0.94444444 1.         1.         0.94444444
 1.         0.94117647 1.         1.         1.         0.94444444
 1.         0.94444444 1.         0.88888889 1.         1.
 1.         1.         1.         0.94117647 0.89473684 1.
 1.         1.         1.         1.         1.         1.
 0.85       1.         0.84210526 1.         1.         1.
 1.         1.         1.         1.         0.94444444 0.94444444
 1.         1.         0.94444444 0.94444444 1.         0.94444444
 0.94444444 0.89473684 1.         0.94444444]
Mean precision: 0.9705588235294118
Dev: 0.03952244057580127
