LR + BoarderLineSMOTE Cross-Validation Results accuracy: [0.94117647 0.94117647 0.94117647 0.94117647 0.85294118 0.88235294
 0.94117647 0.88235294 1.         0.94117647 0.85294118 0.91176471
 0.97058824 0.97058824 0.91176471 0.88235294 0.94117647 1.
 0.88235294 0.94117647 0.97058824 0.94117647 0.91176471 0.94117647
 0.97058824 0.85294118 0.91176471 0.97058824 0.94117647 0.94117647
 0.94117647 0.97058824 0.85294118 0.91176471 0.94117647 0.91176471
 0.94117647 0.94117647 0.97058824 0.94117647 0.97058824 0.94117647
 0.94117647 1.         1.         0.85294118 0.82352941 0.94117647
 0.91176471 0.88235294 0.91176471 0.91176471 1.         0.94117647
 0.94117647 1.         0.91176471 0.94117647 0.91176471 0.85294118
 0.91176471 0.97058824 0.94117647 0.91176471 0.88235294 0.88235294
 0.88235294 0.97058824 0.91176471 0.85294118 0.91176471 0.97058824
 0.88235294 0.91176471 0.94117647 0.97058824 0.91176471 0.82352941
 0.94117647 0.94117647 0.88235294 0.85294118 0.94117647 0.94117647
 0.91176471 0.97058824 0.94117647 0.94117647 0.91176471 0.91176471
 0.91176471 0.88235294 0.91176471 0.94117647 0.91176471 0.91176471
 0.94117647 0.85294118 0.91176471 0.91176471]
Mean accuracy: 0.9241176470588236
Dev: 0.04015109869783888
DT + BoarderLineSMOTE Cross-Validation Results accuracy: [1.         0.97058824 1.         0.97058824 0.97058824 1.
 1.         0.97058824 0.97058824 0.97058824 0.97058824 0.94117647
 0.97058824 0.97058824 1.         1.         1.         0.94117647
 1.         1.         1.         0.97058824 0.94117647 1.
 0.97058824 0.97058824 1.         0.97058824 1.         0.97058824
 1.         0.94117647 0.94117647 0.97058824 1.         1.
 1.         1.         0.97058824 0.97058824 0.97058824 1.
 1.         1.         0.97058824 0.97058824 1.         0.97058824
 1.         0.94117647 0.97058824 1.         1.         0.97058824
 1.         0.94117647 0.97058824 1.         1.         0.97058824
 0.97058824 0.97058824 1.         0.91176471 1.         1.
 0.97058824 0.97058824 1.         1.         0.97058824 1.
 1.         1.         0.97058824 1.         1.         0.94117647
 0.94117647 0.97058824 0.94117647 0.97058824 1.         1.
 0.94117647 1.         0.97058824 1.         0.97058824 0.97058824
 1.         0.97058824 0.97058824 0.97058824 1.         1.
 0.97058824 0.94117647 1.         0.97058824]
Mean accuracy: 0.98
Dev: 0.021160124410123472
RF + BoarderLineSMOTE Cross-Validation Results accuracy: [1.         0.97058824 1.         0.97058824 0.97058824 1.
 1.         1.         1.         0.97058824 1.         0.91176471
 1.         0.97058824 1.         1.         1.         0.94117647
 1.         1.         1.         0.97058824 0.94117647 1.
 1.         0.97058824 1.         1.         1.         0.97058824
 1.         0.94117647 0.97058824 1.         0.97058824 1.
 1.         1.         1.         0.97058824 1.         1.
 1.         1.         1.         0.97058824 0.97058824 0.97058824
 1.         0.94117647 0.97058824 1.         1.         0.97058824
 1.         0.97058824 1.         1.         1.         0.97058824
 1.         0.97058824 1.         0.88235294 1.         1.
 0.97058824 1.         1.         1.         0.97058824 1.
 1.         1.         1.         1.         1.         0.97058824
 0.97058824 1.         0.94117647 1.         1.         1.
 1.         1.         1.         1.         0.97058824 0.97058824
 1.         0.97058824 0.97058824 0.97058824 1.         1.
 1.         0.94117647 1.         0.97058824]
Mean accuracy: 0.9858823529411765
Dev: 0.021804415285706643
XGBoost + BoarderLineSMOTE Cross-Validation Results accuracy: [1.         1.         0.97058824 0.97058824 0.97058824 0.97058824
 1.         0.97058824 1.         1.         0.97058824 0.94117647
 1.         0.97058824 1.         1.         1.         1.
 1.         1.         1.         1.         1.         0.97058824
 1.         0.97058824 1.         1.         1.         0.97058824
 1.         1.         0.97058824 1.         0.97058824 1.
 1.         1.         1.         0.97058824 1.         1.
 1.         1.         1.         0.97058824 1.         0.94117647
 1.         0.97058824 1.         0.97058824 1.         0.97058824
 1.         0.97058824 1.         1.         1.         0.97058824
 0.97058824 1.         1.         0.91176471 1.         1.
 1.         1.         1.         0.97058824 0.94117647 1.
 1.         0.97058824 1.         1.         1.         0.94117647
 1.         1.         1.         1.         0.97058824 1.
 0.94117647 1.         1.         1.         0.97058824 1.
 0.97058824 0.97058824 0.97058824 1.         1.         1.
 1.         1.         1.         1.        ]
Mean accuracy: 0.9882352941176471
Dev: 0.018601633295108114
XGBoost RF + BoarderLineSMOTE Cross-Validation Results accuracy: [1.         1.         1.         0.97058824 0.94117647 0.94117647
 1.         0.97058824 0.97058824 1.         0.97058824 0.94117647
 1.         0.97058824 1.         1.         1.         1.
 0.97058824 0.97058824 1.         0.94117647 0.94117647 0.97058824
 0.97058824 0.97058824 1.         1.         1.         0.97058824
 1.         0.94117647 0.94117647 0.94117647 1.         1.
 1.         1.         1.         0.97058824 0.97058824 1.
 1.         1.         0.97058824 0.97058824 0.97058824 1.
 0.97058824 0.94117647 0.97058824 1.         0.97058824 0.97058824
 1.         0.94117647 1.         1.         1.         0.97058824
 1.         0.97058824 1.         0.91176471 1.         0.97058824
 1.         1.         1.         0.94117647 0.94117647 1.
 1.         0.97058824 1.         1.         1.         0.97058824
 0.91176471 1.         0.88235294 1.         1.         1.
 0.97058824 1.         1.         1.         0.97058824 0.97058824
 1.         0.97058824 0.97058824 0.97058824 1.         0.97058824
 0.97058824 0.94117647 1.         0.97058824]
Mean accuracy: 0.9794117647058823
Dev: 0.024782793450518707
