LR Unbalanced Cross-Validation Results recall: [1.         1.         0.83333333 1.         0.5        1.
 0.8        1.         1.         0.8        1.         0.83333333
 0.83333333 0.83333333 0.66666667 1.         1.         1.
 1.         0.8        1.         0.83333333 1.         0.83333333
 1.         0.8        0.8        1.         1.         0.8
 0.83333333 1.         1.         0.83333333 0.83333333 1.
 0.8        0.8        0.8        1.         0.83333333 0.83333333
 1.         0.83333333 0.83333333 0.6        1.         1.
 1.         0.8        1.         1.         1.         1.
 0.66666667 0.8        0.8        1.         0.8        0.8
 0.83333333 1.         1.         1.         1.         0.8
 0.8        0.6        1.         1.         0.83333333 0.66666667
 1.         0.33333333 1.         1.         1.         1.
 1.         1.         0.83333333 0.83333333 1.         1.
 1.         0.8        1.         0.8        0.6        1.
 1.         1.         0.83333333 1.         0.66666667 1.
 0.8        1.         0.8        0.8       ]
Mean recall: 0.8909999999999999
Dev: 0.13307099191367325
LR Balanced Cross-Validation Results (recall): [1.         0.94117647 0.94117647 1.         1.         1.
 0.88235294 1.         0.82352941 1.         1.         1.
 1.         0.94117647 1.         0.94117647 0.94117647 0.94117647
 1.         1.         0.88888889 1.         1.         1.
 1.         1.         0.88235294 0.94117647 0.94117647 0.94117647
 1.         0.94117647 1.         0.94117647 0.94117647 0.94117647
 1.         1.         1.         1.         0.88888889 0.94117647
 1.         1.         0.94117647 1.         1.         0.88235294
 1.         1.         1.         0.88235294 1.         0.94117647
 0.94117647 0.94117647 1.         1.         1.         1.
 0.88888889 1.         1.         1.         1.         0.94117647
 1.         0.88235294 0.94117647 1.         0.94444444 1.
 1.         0.94117647 1.         0.94117647 1.         0.94117647
 0.88235294 0.94117647 0.94444444 1.         1.         0.88235294
 0.94117647 1.         1.         0.94117647 0.94117647 0.94117647
 0.94444444 1.         1.         0.82352941 0.94117647 0.94117647
 1.         1.         1.         1.        ]
Mean recall: 0.9655882352941176
Dev: 0.04368696828869087
DT Unbalanced Cross-Validation Results (recall): [1.         0.66666667 1.         0.83333333 1.         1.
 1.         1.         1.         1.         0.83333333 0.5
 0.83333333 1.         1.         1.         1.         1.
 1.         1.         1.         0.83333333 1.         0.83333333
 1.         1.         1.         0.6        1.         0.8
 1.         1.         1.         0.66666667 1.         1.
 0.6        1.         0.8        0.8        0.83333333 1.
 0.83333333 0.83333333 0.66666667 1.         1.         1.
 1.         1.         1.         1.         1.         1.
 1.         1.         1.         1.         1.         0.6
 1.         1.         1.         0.83333333 0.83333333 1.
 1.         1.         1.         0.8        0.83333333 0.83333333
 1.         0.83333333 1.         1.         1.         1.
 1.         0.8        0.83333333 1.         1.         0.83333333
 0.5        1.         1.         1.         1.         1.
 1.         1.         0.83333333 0.83333333 0.83333333 1.
 0.8        1.         1.         0.8       ]
Mean recall: 0.924
Dev: 0.12311512227721391
DT Balanced Cross-Validation Results (recall): [1.         1.         1.         1.         1.         1.
 1.         1.         1.         1.         1.         1.
 1.         1.         1.         1.         1.         0.94117647
 1.         1.         1.         1.         1.         1.
 1.         1.         1.         1.         0.94117647 1.
 1.         1.         1.         1.         1.         1.
 0.94117647 0.94117647 1.         1.         1.         1.
 1.         1.         1.         1.         1.         0.88235294
 1.         1.         1.         1.         1.         1.
 1.         0.94117647 1.         1.         1.         1.
 1.         1.         0.94117647 0.94117647 1.         1.
 1.         1.         1.         0.94117647 1.         1.
 1.         1.         1.         1.         1.         1.
 1.         1.         1.         1.         1.         1.
 0.94117647 1.         1.         0.94117647 1.         1.
 1.         1.         1.         0.94117647 1.         0.94117647
 1.         1.         1.         1.        ]
Mean recall: 0.9917647058823529
Dev: 0.022041169406111998
RF Unbalanced Cross-Validation Results (recall): [1.         1.         0.66666667 0.66666667 0.83333333 0.8
 1.         0.8        1.         1.         1.         0.16666667
 1.         1.         1.         0.6        1.         1.
 1.         1.         1.         0.5        1.         1.
 0.83333333 1.         0.8        1.         1.         0.8
 0.83333333 0.66666667 1.         1.         1.         1.
 0.6        1.         0.8        1.         0.66666667 1.
 0.83333333 0.83333333 0.83333333 1.         1.         1.
 0.8        0.8        0.83333333 1.         1.         0.5
 1.         1.         0.6        1.         1.         0.8
 0.83333333 0.83333333 1.         0.83333333 0.83333333 0.8
 1.         1.         1.         1.         0.83333333 0.83333333
 1.         0.83333333 0.66666667 0.8        1.         1.
 1.         0.8        0.83333333 1.         1.         1.
 0.83333333 0.6        0.8        1.         0.8        1.
 0.83333333 0.83333333 0.83333333 1.         0.83333333 0.8
 0.8        1.         1.         0.6       ]
Mean recall: 0.8816666666666667
Dev: 0.15183141235520986
RF Balanced Cross-Validation Results (recall): [1.         1.         1.         1.         1.         1.
 1.         1.         1.         1.         1.         1.
 1.         1.         1.         1.         1.         1.
 1.         1.         1.         1.         1.         1.
 1.         1.         1.         1.         1.         1.
 1.         1.         1.         0.94117647 1.         1.
 1.         1.         1.         1.         1.         0.88235294
 1.         1.         1.         1.         1.         1.
 1.         1.         1.         1.         1.         1.
 0.94117647 1.         1.         1.         1.         1.
 0.94444444 1.         1.         1.         1.         1.
 1.         1.         1.         1.         1.         1.
 1.         1.         1.         1.         1.         1.
 1.         1.         1.         1.         1.         1.
 1.         1.         1.         1.         1.         1.
 1.         1.         1.         0.94117647 1.         1.
 1.         1.         1.         1.        ]
Mean recall: 0.9965032679738564
Dev: 0.016150900765597474
XGBoost Unbalanced Cross-Validation Results (recall): [1.         0.83333333 0.83333333 1.         0.83333333 0.8
 1.         0.8        1.         1.         1.         0.33333333
 0.83333333 1.         1.         0.6        1.         1.
 0.8        1.         0.83333333 0.83333333 1.         1.
 0.83333333 1.         1.         1.         0.8        0.8
 0.83333333 0.83333333 1.         0.83333333 1.         1.
 0.6        1.         1.         1.         0.83333333 0.83333333
 0.83333333 0.83333333 1.         0.8        1.         1.
 0.8        1.         0.83333333 1.         1.         0.5
 1.         1.         0.6        1.         1.         0.8
 0.83333333 0.83333333 1.         0.83333333 0.83333333 0.8
 1.         0.8        1.         0.8        0.83333333 0.83333333
 1.         1.         0.66666667 0.8        1.         1.
 1.         0.8        0.83333333 1.         1.         0.83333333
 0.83333333 0.6        0.8        1.         0.8        1.
 0.83333333 1.         0.83333333 1.         0.83333333 1.
 0.8        1.         1.         0.6       ]
Mean recall: 0.888
Dev: 0.1319528535332054
XGBoost Balanced Cross-Validation Results (recall): [1.         0.94117647 1.         1.         1.         1.
 1.         0.94117647 0.94117647 1.         1.         1.
 1.         1.         0.94117647 0.94117647 1.         0.94117647
 1.         1.         0.94444444 1.         0.94117647 1.
 1.         1.         0.94117647 1.         0.94117647 1.
 1.         0.94117647 1.         1.         1.         1.
 1.         0.94117647 1.         1.         1.         0.88235294
 1.         1.         1.         1.         1.         0.88235294
 1.         1.         0.94444444 1.         1.         1.
 0.94117647 0.94117647 1.         1.         1.         1.
 0.88888889 1.         1.         1.         1.         1.
 1.         1.         1.         1.         1.         1.
 1.         0.94117647 1.         0.88235294 1.         0.94117647
 0.94117647 0.94117647 1.         1.         1.         1.
 0.94117647 0.94117647 1.         1.         1.         0.94117647
 1.         1.         0.94117647 0.94117647 0.94117647 0.94117647
 1.         1.         1.         1.        ]
Mean recall: 0.9801307189542484
Dev: 0.03218806605552047
XGBoost RF Unbalanced Cross-Validation Results (recall): [1.         0.83333333 0.83333333 1.         1.         1.
 1.         0.8        1.         1.         1.         0.33333333
 1.         1.         1.         0.6        1.         1.
 1.         1.         1.         0.83333333 1.         1.
 1.         1.         1.         1.         1.         1.
 0.83333333 1.         1.         1.         1.         1.
 1.         1.         0.8        1.         1.         1.
 1.         0.83333333 1.         1.         1.         1.
 0.8        1.         1.         1.         1.         0.5
 1.         1.         0.8        1.         1.         1.
 1.         1.         1.         0.83333333 0.83333333 0.8
 1.         1.         1.         1.         0.83333333 1.
 1.         1.         0.66666667 1.         1.         1.
 1.         1.         0.83333333 1.         1.         1.
 1.         1.         0.8        1.         0.8        1.
 0.83333333 0.83333333 1.         1.         0.83333333 1.
 1.         1.         1.         0.8       ]
Mean recall: 0.9450000000000002
Dev: 0.11473399186330478
XGBoost RF Balanced Cross-Validation Results (recall): [1.         1.         1.         1.         1.         1.
 1.         1.         1.         1.         1.         1.
 1.         1.         1.         1.         1.         1.
 1.         1.         1.         1.         1.         1.
 1.         1.         1.         1.         1.         1.
 1.         1.         1.         1.         1.         1.
 1.         1.         1.         1.         0.94444444 1.
 1.         1.         1.         1.         1.         0.88235294
 1.         1.         1.         1.         1.         1.
 1.         1.         1.         1.         1.         1.
 0.94444444 1.         0.94117647 1.         1.         1.
 1.         1.         1.         1.         1.         1.
 1.         1.         1.         1.         1.         1.
 0.94117647 1.         1.         1.         1.         1.
 1.         1.         1.         0.94117647 1.         1.
 1.         1.         1.         1.         1.         1.
 1.         1.         1.         1.        ]
Mean recall: 0.9959477124183006
Dev: 0.016956470543391576