LR Unbalanced Cross-Validation Results f1: [0.92307692 0.92307692 0.90909091 1.         0.66666667 0.83333333
 0.88888889 0.90909091 1.         0.88888889 0.92307692 0.90909091
 0.90909091 0.90909091 0.8        0.83333333 1.         1.
 1.         0.88888889 0.92307692 0.90909091 1.         0.90909091
 1.         0.8        0.72727273 1.         1.         0.8
 0.90909091 0.92307692 0.85714286 0.90909091 0.90909091 0.90909091
 0.88888889 0.8        0.88888889 1.         0.90909091 0.83333333
 1.         0.90909091 0.83333333 0.75       1.         1.
 1.         0.8        1.         1.         1.         0.92307692
 0.8        0.72727273 0.88888889 0.90909091 0.88888889 0.88888889
 0.71428571 1.         1.         1.         0.92307692 0.8
 0.88888889 0.75       0.90909091 1.         0.83333333 0.72727273
 1.         0.5        1.         1.         0.90909091 1.
 1.         0.90909091 0.90909091 0.90909091 1.         1.
 0.92307692 0.8        0.90909091 0.88888889 0.66666667 0.90909091
 1.         1.         0.83333333 0.8        0.8        0.90909091
 0.88888889 0.76923077 0.88888889 0.88888889]
Mean f1: 0.8979598179598178
Dev: 0.09437976748005084
LR Balanced Cross-Validation Results (f1): [0.97297297 0.94117647 0.94117647 0.94444444 0.97142857 1.
 0.9375     0.97142857 0.875      1.         1.         1.
 1.         0.96969697 1.         0.94117647 0.94117647 0.94117647
 0.97142857 0.89473684 0.88888889 1.         1.         1.
 1.         0.94444444 0.90909091 0.91428571 0.96969697 0.94117647
 1.         0.96969697 0.97142857 0.91428571 0.94117647 0.96969697
 0.97142857 0.97142857 0.94444444 0.97142857 0.94117647 0.94117647
 0.94444444 0.94444444 0.94117647 1.         0.97142857 0.88235294
 1.         0.97142857 1.         0.90909091 0.97142857 0.94117647
 0.91428571 0.91428571 1.         1.         0.97142857 1.
 0.94117647 1.         0.94444444 1.         0.91891892 0.94117647
 1.         0.90909091 0.96969697 0.97142857 0.91891892 1.
 1.         0.96969697 0.97142857 0.94117647 0.94444444 0.96969697
 0.90909091 0.94117647 0.97142857 1.         1.         0.9375
 0.96969697 0.94444444 0.94444444 0.91428571 0.94117647 0.94117647
 0.97142857 0.97142857 0.97142857 0.875      0.91428571 0.96969697
 0.97142857 0.94444444 1.         0.97142857]
Mean f1: 0.9585272743391939
Dev: 0.03298655268952472
DT Unbalanced Cross-Validation Results (f1): [1.         0.8        1.         0.90909091 0.92307692 0.90909091
 1.         1.         1.         1.         0.90909091 0.66666667
 0.90909091 0.92307692 1.         0.90909091 1.         1.
 1.         1.         1.         0.90909091 1.         0.90909091
 1.         1.         0.90909091 0.75       0.90909091 0.88888889
 1.         1.         0.92307692 0.8        1.         0.90909091
 0.75       1.         0.88888889 0.88888889 0.90909091 1.
 0.90909091 0.90909091 0.8        1.         0.90909091 1.
 1.         0.90909091 1.         0.92307692 1.         1.
 1.         0.90909091 1.         1.         1.         0.75
 1.         1.         1.         0.90909091 0.90909091 1.
 0.90909091 0.90909091 1.         0.88888889 0.83333333 0.90909091
 1.         0.90909091 1.         1.         0.90909091 1.
 1.         0.88888889 0.90909091 1.         1.         0.90909091
 0.66666667 1.         0.90909091 0.90909091 1.         1.
 1.         0.92307692 0.90909091 0.90909091 0.90909091 1.
 0.88888889 0.90909091 1.         0.88888889]
Mean f1: 0.9383609168609166
Dev: 0.07414622323407616
DT Balanced Cross-Validation Results (f1): [1.         1.         1.         0.97142857 0.97142857 1.
 1.         1.         1.         1.         1.         1.
 1.         1.         1.         1.         0.97142857 0.96969697
 0.97142857 1.         1.         1.         1.         1.
 1.         1.         1.         0.94444444 0.96969697 1.
 1.         1.         0.97142857 1.         1.         1.
 0.94117647 0.96969697 1.         1.         1.         1.
 0.97142857 1.         1.         1.         1.         0.90909091
 1.         0.97142857 1.         1.         0.97142857 1.
 1.         0.94117647 1.         1.         1.         1.
 1.         1.         0.96969697 0.96969697 0.97142857 1.
 1.         0.97142857 1.         0.96969697 1.         1.
 1.         1.         1.         1.         0.97142857 1.
 1.         0.97142857 1.         1.         1.         1.
 0.96969697 1.         0.94444444 0.96969697 1.         1.
 1.         1.         1.         0.96969697 0.97142857 0.96969697
 0.97142857 1.         1.         1.        ]
Mean f1: 0.9897730243612597
Dev: 0.017751034435632196
RF Unbalanced Cross-Validation Results (f1): [1.         1.         0.8        0.8        0.83333333 0.8
 1.         0.88888889 1.         1.         1.         0.28571429
 1.         1.         1.         0.66666667 1.         1.
 1.         1.         1.         0.66666667 1.         1.
 0.90909091 1.         0.8        1.         0.90909091 0.88888889
 0.90909091 0.8        0.92307692 1.         1.         1.
 0.75       1.         0.88888889 1.         0.8        1.
 0.90909091 0.90909091 0.90909091 1.         0.90909091 1.
 0.88888889 0.8        0.90909091 0.92307692 1.         0.66666667
 1.         0.90909091 0.75       1.         1.         0.88888889
 0.90909091 0.90909091 1.         0.90909091 0.90909091 0.88888889
 0.90909091 0.90909091 1.         1.         0.83333333 0.90909091
 1.         0.90909091 0.8        0.88888889 1.         1.
 1.         0.88888889 0.90909091 1.         1.         1.
 0.90909091 0.66666667 0.8        0.90909091 0.88888889 1.
 0.90909091 0.83333333 0.90909091 1.         0.90909091 0.88888889
 0.88888889 0.90909091 1.         0.75      ]
Mean f1: 0.9134449439449438
Dev: 0.10873306684911851
RF Balanced Cross-Validation Results (f1): [1.         1.         1.         0.97142857 0.97142857 1.
 1.         1.         1.         1.         1.         1.
 1.         1.         1.         0.97142857 0.97142857 1.
 0.97142857 1.         1.         1.         1.         1.
 1.         1.         1.         0.94444444 1.         1.
 1.         1.         0.97142857 0.96969697 1.         1.
 0.97142857 1.         1.         1.         1.         0.9375
 0.97142857 1.         1.         1.         1.         1.
 1.         0.97142857 1.         1.         0.97142857 1.
 0.96969697 0.97142857 1.         1.         1.         1.
 0.97142857 1.         1.         1.         0.97142857 1.
 1.         0.97142857 1.         1.         1.         1.
 1.         1.         1.         1.         0.97142857 1.
 1.         0.97142857 1.         1.         1.         1.
 1.         1.         0.94444444 1.         1.         1.
 1.         1.         1.         0.96969697 0.97142857 1.
 0.97142857 1.         1.         1.        ]
Mean f1: 0.9922119408369409
Dev: 0.014650051686291554
XGBoost Unbalanced Cross-Validation Results (f1): [1.         0.90909091 0.90909091 1.         0.71428571 0.8
 1.         0.88888889 1.         1.         1.         0.5
 0.90909091 0.92307692 1.         0.66666667 1.         1.
 0.88888889 1.         0.90909091 0.90909091 1.         1.
 0.90909091 1.         0.90909091 1.         0.8        0.88888889
 0.90909091 0.90909091 0.85714286 0.90909091 1.         0.90909091
 0.75       1.         1.         1.         0.90909091 0.90909091
 0.90909091 0.90909091 1.         0.88888889 0.90909091 1.
 0.88888889 0.90909091 0.90909091 0.92307692 1.         0.66666667
 1.         0.90909091 0.75       1.         1.         0.88888889
 0.90909091 0.90909091 1.         0.90909091 0.90909091 0.88888889
 0.90909091 0.8        1.         0.88888889 0.83333333 0.90909091
 1.         1.         0.8        0.88888889 0.90909091 1.
 1.         0.88888889 0.90909091 1.         1.         0.90909091
 0.90909091 0.75       0.8        0.90909091 0.88888889 1.
 0.90909091 0.92307692 0.90909091 1.         0.90909091 1.
 0.88888889 0.90909091 1.         0.75      ]
Mean f1: 0.9158308358308358
Dev: 0.08890935606606533
XGBoost Balanced Cross-Validation Results (f1): [1.         0.96969697 0.97142857 0.97142857 0.97142857 1.
 1.         0.96969697 0.96969697 1.         1.         1.
 1.         1.         0.96969697 0.94117647 0.97142857 0.96969697
 0.97142857 1.         0.97142857 1.         0.96969697 1.
 1.         1.         0.96969697 0.94444444 0.96969697 1.
 1.         0.96969697 0.97142857 1.         1.         1.
 0.97142857 0.96969697 1.         1.         1.         0.9375
 0.97142857 1.         1.         1.         1.         0.9375
 1.         0.97142857 0.97142857 1.         0.97142857 1.
 0.96969697 0.94117647 1.         1.         1.         1.
 0.94117647 1.         1.         1.         0.97142857 1.
 1.         0.97142857 1.         1.         1.         1.
 1.         0.96969697 1.         0.9375     0.97142857 0.96969697
 0.96969697 0.94117647 1.         1.         1.         1.
 0.96969697 0.96969697 0.94444444 0.97142857 1.         0.96969697
 1.         1.         0.94117647 0.96969697 0.94117647 0.96969697
 0.97142857 1.         1.         1.        ]
Mean f1: 0.9828697585094645
Dev: 0.020157645724214874
XGBoost RF Unbalanced Cross-Validation Results (f1): [1.         0.90909091 0.90909091 1.         0.8        0.83333333
 1.         0.88888889 1.         1.         1.         0.44444444
 1.         0.85714286 1.         0.66666667 1.         1.
 1.         1.         1.         0.90909091 1.         1.
 1.         0.90909091 0.90909091 0.83333333 0.90909091 0.90909091
 0.90909091 1.         0.8        1.         1.         0.90909091
 1.         0.90909091 0.88888889 1.         0.92307692 1.
 1.         0.90909091 0.92307692 1.         0.83333333 1.
 0.8        0.90909091 0.92307692 0.92307692 1.         0.66666667
 0.92307692 0.90909091 0.8        1.         1.         1.
 0.92307692 0.92307692 1.         0.76923077 0.90909091 0.88888889
 0.90909091 0.90909091 1.         1.         0.83333333 0.92307692
 1.         1.         0.8        1.         0.90909091 1.
 0.90909091 0.90909091 0.90909091 1.         1.         1.
 0.92307692 1.         0.8        0.83333333 0.88888889 0.90909091
 0.83333333 0.76923077 0.92307692 1.         0.90909091 1.
 1.         0.90909091 1.         0.88888889]
Mean f1: 0.9255768675768675
Dev: 0.0906394106643647
XGBoost RF Balanced Cross-Validation Results (f1): [1.         1.         1.         0.97142857 0.97142857 1.
 1.         1.         0.94444444 1.         1.         1.
 1.         1.         1.         1.         0.97142857 0.94444444
 0.97142857 1.         0.94736842 1.         1.         1.
 1.         1.         1.         0.94444444 1.         1.
 1.         1.         0.97142857 1.         1.         1.
 0.97142857 1.         1.         1.         0.97142857 1.
 0.97142857 1.         1.         1.         1.         0.9375
 1.         0.97142857 1.         1.         0.97142857 1.
 1.         0.97142857 1.         1.         1.         1.
 0.97142857 1.         0.96969697 1.         0.91891892 1.
 1.         0.97142857 1.         1.         1.         1.
 1.         1.         1.         1.         0.97142857 1.
 0.96969697 0.97142857 1.         1.         1.         1.
 1.         1.         0.94444444 0.96969697 1.         1.
 1.         1.         0.94444444 1.         0.97142857 1.
 0.97142857 1.         1.         1.        ]
Mean f1: 0.9894938618557039
Dev: 0.01851406267234345