LR Balanced Cross-Validation Results accuracy: [0.88571429 0.94285714 0.88571429 0.94285714 0.91428571 0.97142857
 0.97142857 0.97142857 0.94117647 1.         0.97142857 0.94285714
 0.88571429 0.91428571 1.         0.94285714 0.97142857 0.94285714
 0.97058824 0.88235294 0.94285714 0.94285714 0.94285714 0.97142857
 0.94285714 1.         0.85714286 0.91428571 0.97058824 0.97058824
 0.97142857 0.85714286 0.97142857 0.91428571 0.94285714 0.97142857
 0.91428571 0.91428571 0.97058824 0.97058824 0.94285714 0.94285714
 0.94285714 0.94285714 0.94285714 1.         0.94285714 0.94285714
 0.97058824 0.88235294 0.91428571 0.97142857 1.         0.88571429
 0.85714286 1.         0.91428571 0.91428571 0.97058824 0.94117647
 0.91428571 0.94285714 0.97142857 1.         0.91428571 1.
 0.91428571 0.91428571 0.91176471 0.97058824 0.91428571 0.97142857
 0.88571429 1.         0.91428571 0.91428571 0.94285714 1.
 0.97058824 0.91176471 0.85714286 0.97142857 0.97142857 0.94285714
 0.88571429 0.97142857 0.94285714 1.         0.94117647 0.94117647
 0.94285714 0.91428571 0.97142857 0.97142857 0.94285714 0.97142857
 0.82857143 0.97142857 0.94117647 0.97058824]
Mean accuracy: 0.9425714285714285
Dev: 0.03798658049892823
DT Unbalanced Cross-Validation Results accuracy: [1.         1.         0.95652174 0.91304348 1.         0.91304348
 1.         1.         0.95454545 0.95454545 0.95652174 1.
 1.         0.95652174 0.95652174 0.95652174 0.90909091 1.
 0.95454545 0.90909091 1.         1.         1.         0.91304348
 0.91304348 0.95652174 0.90909091 1.         0.95454545 0.95454545
 1.         1.         0.95652174 1.         1.         0.91304348
 0.90909091 0.95454545 1.         0.95454545 1.         1.
 0.95652174 0.95652174 1.         0.86956522 0.90909091 0.90909091
 1.         0.95454545 1.         0.95652174 1.         0.95652174
 0.91304348 0.95652174 0.95454545 1.         1.         0.95454545
 0.95652174 0.95652174 1.         1.         0.95652174 0.95652174
 0.90909091 0.95454545 1.         0.90909091 1.         0.95652174
 1.         0.95652174 0.91304348 1.         0.86363636 0.90909091
 0.95454545 1.         0.91304348 1.         0.95652174 0.95652174
 0.91304348 0.91304348 1.         0.95454545 1.         0.95454545
 1.         0.95652174 0.86956522 1.         0.91304348 1.
 0.95454545 1.         1.         0.95454545]
Mean accuracy: 0.9618774703557312
Dev: 0.03709449314487365
DT Balanced Cross-Validation Results accuracy: [0.97142857 1.         0.88571429 0.97142857 0.97142857 1.
 0.94285714 1.         1.         0.97058824 0.97142857 0.94285714
 0.97142857 0.97142857 0.97142857 0.94285714 0.97142857 0.97142857
 1.         0.94117647 1.         1.         0.97142857 1.
 1.         1.         0.91428571 0.97142857 0.94117647 0.97058824
 1.         0.97142857 0.97142857 1.         1.         0.94285714
 0.97142857 0.94285714 1.         0.97058824 0.94285714 0.97142857
 0.97142857 0.94285714 0.97142857 1.         0.94285714 0.94285714
 0.97058824 0.94117647 0.94285714 0.94285714 1.         0.97142857
 0.97142857 0.97142857 0.97142857 0.97142857 0.97058824 0.97058824
 0.94285714 0.97142857 0.97142857 1.         0.91428571 0.97142857
 1.         0.94285714 0.97058824 0.97058824 0.97142857 1.
 0.97142857 0.97142857 1.         0.94285714 1.         1.
 0.94117647 0.94117647 0.97142857 1.         0.94285714 0.94285714
 1.         0.97142857 0.94285714 1.         0.97058824 1.
 1.         0.97142857 1.         0.94285714 1.         0.97142857
 0.94285714 1.         0.97058824 0.97058824]
Mean accuracy: 0.9709663865546218
Dev: 0.024174347017844
RF Unbalanced Cross-Validation Results accuracy: [1.         1.         0.91304348 0.95652174 1.         0.95652174
 1.         0.90909091 1.         0.95454545 0.95652174 0.95652174
 1.         0.95652174 1.         0.95652174 0.90909091 1.
 0.95454545 0.90909091 1.         1.         1.         1.
 0.95652174 0.95652174 0.90909091 0.95454545 0.95454545 0.95454545
 1.         1.         0.95652174 0.91304348 1.         0.95652174
 0.90909091 0.86363636 1.         0.95454545 1.         1.
 1.         0.91304348 1.         0.95652174 0.81818182 0.95454545
 0.95454545 0.95454545 1.         0.95652174 0.91304348 0.91304348
 0.91304348 0.95652174 1.         1.         1.         0.95454545
 1.         0.95652174 1.         1.         0.95652174 1.
 0.95454545 0.90909091 1.         0.86363636 1.         1.
 1.         0.95652174 0.91304348 0.91304348 0.86363636 1.
 0.95454545 1.         1.         1.         1.         0.95652174
 0.95652174 0.91304348 0.95454545 1.         1.         1.
 1.         0.86956522 0.91304348 1.         1.         1.
 0.95454545 1.         1.         0.95454545]
Mean accuracy: 0.96399209486166
Dev: 0.04079443940420666
RF Balanced Cross-Validation Results accuracy: [1.         1.         0.91428571 0.97142857 1.         1.
 0.97142857 1.         1.         0.97058824 0.94285714 1.
 1.         0.97142857 1.         1.         1.         0.97142857
 1.         0.94117647 1.         0.97142857 1.         1.
 1.         1.         0.97142857 0.97142857 0.97058824 1.
 1.         0.94285714 1.         0.94285714 1.         0.94285714
 0.97142857 1.         1.         0.97058824 0.97142857 0.97142857
 1.         1.         1.         0.97142857 1.         0.97142857
 0.97058824 0.97058824 0.97142857 1.         1.         1.
 0.94285714 0.97142857 1.         0.97142857 0.97058824 1.
 0.97142857 0.94285714 1.         1.         1.         1.
 1.         0.97142857 0.97058824 0.97058824 0.97142857 1.
 0.97142857 1.         0.97142857 0.94285714 1.         1.
 0.97058824 1.         1.         1.         0.97142857 0.97142857
 1.         0.97142857 0.97142857 1.         0.97058824 0.97058824
 1.         0.97142857 1.         1.         1.         1.
 0.97142857 1.         0.97058824 0.97058824]
Mean accuracy: 0.9833025210084035
Dev: 0.019558597422625047
XGBoost Unbalanced Cross-Validation Results accuracy: [1.         1.         0.91304348 0.91304348 0.95652174 0.95652174
 1.         0.90909091 1.         1.         1.         0.91304348
 1.         0.95652174 0.95652174 0.95652174 0.90909091 1.
 1.         0.95454545 1.         0.95652174 1.         0.95652174
 0.86956522 0.95652174 0.95454545 1.         1.         0.95454545
 1.         1.         0.95652174 0.91304348 1.         1.
 0.90909091 0.86363636 0.95454545 0.95454545 1.         1.
 1.         1.         1.         0.95652174 0.86363636 1.
 0.95454545 0.95454545 0.95652174 0.95652174 0.91304348 0.91304348
 0.95652174 0.95652174 1.         0.95454545 1.         0.95454545
 0.95652174 0.95652174 0.95652174 1.         0.95652174 0.95652174
 0.95454545 0.90909091 1.         0.95454545 1.         1.
 0.95652174 0.95652174 0.95652174 0.95652174 0.86363636 0.95454545
 1.         1.         0.95652174 1.         1.         0.95652174
 0.95652174 0.91304348 1.         0.95454545 1.         1.
 1.         0.91304348 0.95652174 1.         0.86956522 0.95652174
 1.         1.         1.         1.        ]
Mean accuracy: 0.9646245059288537
Dev: 0.037149419428026874
XGBoost Balanced Cross-Validation Results accuracy: [1.         1.         0.88571429 0.94285714 0.97142857 1.
 0.97142857 1.         1.         1.         0.97142857 0.97142857
 1.         0.97142857 1.         0.97142857 1.         0.94285714
 1.         0.91176471 0.97142857 0.97142857 1.         1.
 1.         1.         0.94285714 0.97142857 0.97058824 0.97058824
 1.         0.97142857 1.         0.91428571 0.97142857 0.97142857
 0.97142857 1.         1.         0.97058824 0.97142857 1.
 0.97142857 0.97142857 0.97142857 0.97142857 1.         0.97142857
 0.97058824 1.         0.97142857 0.91428571 1.         0.94285714
 0.94285714 1.         1.         0.97142857 0.97058824 1.
 0.94285714 0.97142857 1.         1.         0.91428571 1.
 0.97142857 0.97142857 0.97058824 0.97058824 0.94285714 0.94285714
 0.97142857 1.         0.97142857 0.94285714 1.         1.
 1.         0.97058824 1.         0.97142857 0.97142857 0.97142857
 0.97142857 1.         0.97142857 1.         0.94117647 0.97058824
 1.         0.97142857 0.97142857 0.97142857 1.         0.97142857
 0.91428571 1.         0.97058824 0.97058824]
Mean accuracy: 0.9755798319327731
Dev: 0.02480623875094446
XGBoost RF Unbalanced Cross-Validation Results accuracy: [1.         1.         0.91304348 0.91304348 0.95652174 0.95652174
 1.         0.90909091 1.         1.         1.         0.91304348
 1.         0.95652174 0.95652174 0.95652174 0.90909091 1.
 1.         0.95454545 1.         0.95652174 1.         0.95652174
 0.86956522 0.95652174 0.95454545 1.         1.         0.95454545
 1.         1.         0.95652174 0.91304348 1.         1.
 0.90909091 0.86363636 0.95454545 0.95454545 1.         1.
 1.         1.         1.         0.95652174 0.86363636 1.
 0.95454545 0.95454545 0.95652174 0.95652174 0.91304348 0.91304348
 0.95652174 0.95652174 1.         0.95454545 1.         0.95454545
 0.95652174 0.95652174 0.95652174 1.         0.95652174 0.95652174
 0.95454545 0.90909091 1.         0.95454545 1.         1.
 0.95652174 0.95652174 0.95652174 0.95652174 0.86363636 0.95454545
 1.         1.         0.95652174 1.         1.         0.95652174
 0.95652174 0.91304348 1.         0.95454545 1.         1.
 1.         0.91304348 0.95652174 1.         0.86956522 0.95652174
 1.         1.         1.         1.        ]
Mean accuracy: 0.9646245059288537
Dev: 0.037149419428026874
XGBoost RF Balanced Cross-Validation Results accuracy: [1.         1.         0.88571429 0.94285714 0.97142857 1.
 0.97142857 1.         1.         1.         0.97142857 0.97142857
 1.         0.97142857 1.         0.97142857 1.         0.94285714
 1.         0.91176471 0.97142857 0.97142857 1.         1.
 1.         1.         0.94285714 0.97142857 0.97058824 0.97058824
 1.         0.97142857 1.         0.91428571 0.97142857 0.97142857
 0.97142857 1.         1.         0.97058824 0.97142857 1.
 0.97142857 0.97142857 0.97142857 0.97142857 1.         0.97142857
 0.97058824 1.         0.97142857 0.91428571 1.         0.94285714
 0.94285714 1.         1.         0.97142857 0.97058824 1.
 0.94285714 0.97142857 1.         1.         0.91428571 1.
 0.97142857 0.97142857 0.97058824 0.97058824 0.94285714 0.94285714
 0.97142857 1.         0.97142857 0.94285714 1.         1.
 1.         0.97058824 1.         0.97142857 0.97142857 0.97142857
 0.97142857 1.         0.97142857 1.         0.94117647 0.97058824
 1.         0.97142857 0.97142857 0.97142857 1.         0.97142857
 0.91428571 1.         0.97058824 0.97058824]
Mean accuracy: 0.9755798319327731
Dev: 0.02480623875094446
