LR Unbalanced Cross-Validation Results precision: [0.85714286 0.85714286 1.         1.         1.         0.71428571
 1.         0.83333333 1.         1.         0.85714286 1.
 1.         1.         1.         0.71428571 1.         1.
 1.         1.         0.85714286 1.         1.         1.
 1.         0.8        0.66666667 1.         1.         0.8
 1.         0.85714286 0.75       1.         1.         0.83333333
 1.         0.8        1.         1.         1.         0.83333333
 1.         1.         0.83333333 1.         1.         1.
 1.         0.8        1.         1.         1.         0.85714286
 1.         0.66666667 1.         0.83333333 1.         1.
 0.625      1.         1.         1.         0.85714286 0.8
 1.         1.         0.83333333 1.         0.83333333 0.8
 1.         1.         1.         1.         0.83333333 1.
 1.         0.83333333 1.         1.         1.         1.
 0.85714286 0.8        0.83333333 1.         0.75       0.83333333
 1.         1.         0.83333333 0.66666667 1.         0.83333333
 1.         0.625      1.         1.        ]
Mean precision: 0.9246904761904762
Dev: 0.10677418316464045
LR Balanced Cross-Validation Results (precision): [0.94736842 0.94117647 0.94117647 0.89473684 0.94444444 1.
 1.         0.94444444 0.93333333 1.         1.         1.
 1.         1.         1.         0.94117647 0.94117647 0.94117647
 0.94444444 0.80952381 0.88888889 1.         1.         1.
 1.         0.89473684 0.9375     0.88888889 1.         0.94117647
 1.         1.         0.94444444 0.88888889 0.94117647 1.
 0.94444444 0.94444444 0.89473684 0.94444444 1.         0.94117647
 0.89473684 0.89473684 0.94117647 1.         0.94444444 0.88235294
 1.         0.94444444 1.         0.9375     0.94444444 0.94117647
 0.88888889 0.88888889 1.         1.         0.94444444 1.
 1.         1.         0.89473684 1.         0.85       0.94117647
 1.         0.9375     1.         0.94444444 0.89473684 1.
 1.         1.         0.94444444 0.94117647 0.89473684 1.
 0.9375     0.94117647 1.         1.         1.         1.
 1.         0.89473684 0.89473684 0.88888889 0.94117647 0.94117647
 1.         0.94444444 0.94444444 0.93333333 0.88888889 1.
 0.94444444 0.89473684 1.         0.94444444]
Mean precision: 0.9534344193817879
Dev: 0.044243226750977874
DT Unbalanced Cross-Validation Results (precision): [1.         1.         1.         1.         0.85714286 0.83333333
 1.         1.         1.         1.         1.         1.
 1.         0.85714286 1.         0.83333333 1.         1.
 1.         1.         1.         1.         1.         1.
 1.         1.         0.83333333 1.         0.83333333 1.
 1.         1.         0.85714286 1.         1.         0.83333333
 1.         1.         1.         1.         1.         1.
 1.         1.         1.         1.         0.83333333 1.
 1.         0.83333333 1.         0.85714286 1.         1.
 1.         0.83333333 1.         1.         1.         1.
 1.         1.         1.         1.         1.         1.
 0.83333333 0.83333333 1.         1.         0.83333333 1.
 1.         1.         1.         1.         0.83333333 1.
 1.         1.         1.         1.         1.         1.
 1.         1.         0.83333333 0.83333333 1.         1.
 1.         0.85714286 1.         1.         1.         1.
 1.         0.83333333 1.         1.        ]
Mean precision: 0.967857142857143
Dev: 0.06445084611256743
DT Balanced Cross-Validation Results (precision): [1.         1.         1.         0.94444444 0.94444444 1.
 1.         1.         1.         1.         1.         1.
 1.         1.         1.         1.         0.94444444 1.
 0.94444444 1.         1.         1.         1.         1.
 1.         1.         1.         0.89473684 1.         1.
 1.         1.         0.94444444 1.         1.         1.
 0.94117647 1.         1.         1.         1.         1.
 0.94444444 1.         1.         1.         1.         0.9375
 1.         0.94444444 1.         1.         0.94444444 1.
 1.         0.94117647 1.         1.         1.         1.
 1.         1.         1.         1.         0.94444444 1.
 1.         0.94444444 1.         1.         1.         1.
 1.         1.         1.         1.         0.94444444 1.
 1.         0.94444444 1.         1.         1.         1.
 1.         1.         0.89473684 1.         1.         1.
 1.         1.         1.         1.         0.94444444 1.
 0.94444444 1.         1.         1.        ]
Mean precision: 0.9883154884760921
Dev: 0.025008883548218338
RF Unbalanced Cross-Validation Results (precision): [1.         1.         1.         1.         0.83333333 0.8
 1.         1.         1.         1.         1.         1.
 1.         1.         1.         0.75       1.         1.
 1.         1.         1.         1.         1.         1.
 1.         1.         0.8        1.         0.83333333 1.
 1.         1.         0.85714286 1.         1.         1.
 1.         1.         1.         1.         1.         1.
 1.         1.         1.         1.         0.83333333 1.
 1.         0.8        1.         0.85714286 1.         1.
 1.         0.83333333 1.         1.         1.         1.
 1.         1.         1.         1.         1.         1.
 0.83333333 0.83333333 1.         1.         0.83333333 1.
 1.         1.         1.         1.         1.         1.
 1.         1.         1.         1.         1.         1.
 1.         0.75       0.8        0.83333333 1.         1.
 1.         0.83333333 1.         1.         1.         1.
 1.         0.83333333 1.         1.        ]
Mean precision: 0.9674761904761904
Dev: 0.07055595550442822
RF Balanced Cross-Validation Results (precision): [1.         1.         1.         0.94444444 0.94444444 1.
 1.         1.         1.         1.         1.         1.
 1.         1.         1.         0.94444444 0.94444444 1.
 0.94444444 1.         1.         1.         1.         1.
 1.         1.         1.         0.89473684 1.         1.
 1.         1.         0.94444444 1.         1.         1.
 0.94444444 1.         1.         1.         1.         1.
 0.94444444 1.         1.         1.         1.         1.
 1.         0.94444444 1.         1.         0.94444444 1.
 1.         0.94444444 1.         1.         1.         1.
 1.         1.         1.         1.         0.94444444 1.
 1.         0.94444444 1.         1.         1.         1.
 1.         1.         1.         1.         0.94444444 1.
 1.         0.94444444 1.         1.         1.         1.
 1.         1.         0.89473684 1.         1.         1.
 1.         1.         1.         1.         0.94444444 1.
 0.94444444 1.         1.         1.        ]
Mean precision: 0.9884502923976608
Dev: 0.024756862897479685
XGBoost Unbalanced Cross-Validation Results (precision): [1.         1.         1.         1.         0.625      0.8
 1.         1.         1.         1.         1.         1.
 1.         0.85714286 1.         0.75       1.         1.
 1.         1.         1.         1.         1.         1.
 1.         1.         0.83333333 1.         0.8        1.
 1.         1.         0.75       1.         1.         0.83333333
 1.         1.         1.         1.         1.         1.
 1.         1.         1.         1.         0.83333333 1.
 1.         0.83333333 1.         0.85714286 1.         1.
 1.         0.83333333 1.         1.         1.         1.
 1.         1.         1.         1.         1.         1.
 0.83333333 0.8        1.         1.         0.83333333 1.
 1.         1.         1.         1.         0.83333333 1.
 1.         1.         1.         1.         1.         1.
 1.         1.         0.8        0.83333333 1.         1.
 1.         0.85714286 1.         1.         1.         1.
 1.         0.83333333 1.         1.        ]
Mean precision: 0.962297619047619
Dev: 0.07889742167053687
XGBoost Balanced Cross-Validation Results (precision): [1.         1.         0.94444444 0.94444444 0.94444444 1.
 1.         1.         1.         1.         1.         1.
 1.         1.         1.         0.94117647 0.94444444 1.
 0.94444444 1.         1.         1.         1.         1.
 1.         1.         1.         0.89473684 1.         1.
 1.         1.         0.94444444 1.         1.         1.
 0.94444444 1.         1.         1.         1.         1.
 0.94444444 1.         1.         1.         1.         1.
 1.         0.94444444 1.         1.         0.94444444 1.
 1.         0.94117647 1.         1.         1.         1.
 1.         1.         1.         1.         0.94444444 1.
 1.         0.94444444 1.         1.         1.         1.
 1.         1.         1.         1.         0.94444444 1.
 1.         0.94117647 1.         1.         1.         1.
 1.         1.         0.89473684 0.94444444 1.         1.
 1.         1.         0.94117647 1.         0.94117647 1.
 0.94444444 1.         1.         1.        ]
Mean precision: 0.9866202270381838
Dev: 0.02604921625069545
XGBoost RF Unbalanced Cross-Validation Results (precision): [1.         1.         1.         1.         0.66666667 0.71428571
 1.         1.         1.         1.         1.         0.66666667
 1.         0.75       1.         0.75       1.         1.
 1.         1.         1.         1.         1.         1.
 1.         0.83333333 0.83333333 0.71428571 0.83333333 0.83333333
 1.         1.         0.66666667 1.         1.         0.83333333
 1.         0.83333333 1.         1.         0.85714286 1.
 1.         1.         0.85714286 1.         0.71428571 1.
 0.8        0.83333333 0.85714286 0.85714286 1.         1.
 0.85714286 0.83333333 0.8        1.         1.         1.
 0.85714286 0.85714286 1.         0.71428571 1.         1.
 0.83333333 0.83333333 1.         1.         0.83333333 0.85714286
 1.         1.         1.         1.         0.83333333 1.
 0.83333333 0.83333333 1.         1.         1.         1.
 0.85714286 1.         0.8        0.71428571 1.         0.83333333
 0.83333333 0.71428571 0.85714286 1.         1.         1.
 1.         0.83333333 1.         1.        ]
Mean precision: 0.9192380952380952
Dev: 0.10450763515164174
XGBoost RF Balanced Cross-Validation Results (precision): [1.         1.         1.         0.94444444 0.94444444 1.
 1.         1.         0.89473684 1.         1.         1.
 1.         1.         1.         1.         0.94444444 0.89473684
 0.94444444 1.         0.9        1.         1.         1.
 1.         1.         1.         0.89473684 1.         1.
 1.         1.         0.94444444 1.         1.         1.
 0.94444444 1.         1.         1.         1.         1.
 0.94444444 1.         1.         1.         1.         1.
 1.         0.94444444 1.         1.         0.94444444 1.
 1.         0.94444444 1.         1.         1.         1.
 1.         1.         1.         1.         0.85       1.
 1.         0.94444444 1.         1.         1.         1.
 1.         1.         1.         1.         0.94444444 1.
 1.         0.94444444 1.         1.         1.         1.
 1.         1.         0.89473684 1.         1.         1.
 1.         1.         0.89473684 1.         0.94444444 1.
 0.94444444 1.         1.         1.        ]
Mean precision: 0.9839035087719299
Dev: 0.03290718088208466