LR + BoarderLineSMOTE Cross-Validation Results recall: [0.94117647 1.         1.         1.         0.88235294 0.88235294
 1.         1.         1.         1.         0.94117647 1.
 0.94117647 1.         1.         0.94117647 1.         1.
 0.94117647 1.         1.         1.         0.88235294 1.
 1.         0.94117647 0.94117647 1.         1.         0.94117647
 1.         1.         0.88235294 1.         1.         1.
 1.         1.         0.94117647 1.         1.         1.
 1.         1.         1.         0.94117647 0.76470588 1.
 0.88235294 0.94117647 1.         0.88235294 1.         1.
 0.94117647 1.         1.         0.88235294 1.         1.
 0.88235294 1.         1.         0.94117647 0.94117647 0.94117647
 1.         1.         0.94117647 0.94117647 1.         1.
 1.         0.94117647 1.         1.         0.88235294 0.76470588
 1.         1.         0.94117647 1.         0.88235294 1.
 0.82352941 1.         1.         1.         1.         0.94117647
 0.82352941 0.88235294 0.88235294 1.         0.94117647 0.94117647
 0.94117647 1.         1.         0.82352941]
Mean recall: 0.9623529411764706
Dev: 0.05550647582157859
DT + BoarderLineSMOTE Cross-Validation Results recall: [1.         1.         1.         1.         0.94117647 1.
 1.         1.         1.         1.         1.         0.94117647
 1.         1.         1.         1.         1.         1.
 1.         1.         1.         1.         1.         1.
 1.         1.         1.         1.         1.         0.94117647
 1.         1.         0.94117647 1.         1.         1.
 1.         1.         1.         1.         1.         1.
 1.         1.         1.         0.94117647 1.         1.
 1.         1.         1.         1.         1.         1.
 1.         0.94117647 1.         1.         1.         1.
 1.         1.         1.         0.94117647 1.         1.
 1.         1.         1.         1.         1.         1.
 1.         1.         1.         1.         1.         0.94117647
 1.         1.         1.         1.         1.         1.
 0.88235294 1.         1.         1.         1.         1.
 1.         0.94117647 1.         1.         1.         1.
 1.         1.         1.         1.        ]
Mean recall: 0.993529411764706
Dev: 0.020197982015752233
RF + BoarderLineSMOTE Cross-Validation Results recall: [1.         1.         1.         1.         0.94117647 1.
 1.         1.         1.         1.         1.         0.94117647
 1.         1.         1.         1.         1.         1.
 1.         1.         1.         1.         1.         1.
 1.         1.         1.         1.         1.         0.94117647
 1.         1.         1.         1.         1.         1.
 1.         1.         1.         1.         1.         1.
 1.         1.         1.         0.94117647 1.         1.
 1.         1.         1.         1.         1.         1.
 1.         0.94117647 1.         1.         1.         1.
 1.         1.         1.         0.94117647 1.         1.
 1.         1.         1.         1.         1.         1.
 1.         1.         1.         1.         1.         0.94117647
 1.         1.         1.         1.         1.         1.
 1.         1.         1.         1.         1.         1.
 1.         0.94117647 1.         1.         1.         1.
 1.         1.         1.         1.        ]
Mean recall: 0.9952941176470589
Dev: 0.01595842348970652
XGBoost + BoarderLineSMOTE Cross-Validation Results recall: [1.         1.         0.94117647 1.         0.94117647 0.94117647
 1.         1.         1.         1.         1.         0.88235294
 1.         1.         1.         1.         1.         1.
 1.         1.         1.         1.         1.         0.94117647
 1.         1.         1.         1.         1.         0.94117647
 1.         1.         0.94117647 1.         0.94117647 1.
 1.         1.         1.         1.         1.         1.
 1.         1.         1.         0.94117647 1.         0.94117647
 1.         1.         1.         0.94117647 1.         1.
 1.         0.94117647 1.         1.         1.         1.
 0.94117647 1.         1.         0.94117647 1.         1.
 1.         1.         1.         1.         1.         1.
 1.         0.94117647 1.         1.         1.         0.88235294
 1.         1.         1.         1.         0.94117647 1.
 0.88235294 1.         1.         1.         1.         1.
 0.94117647 0.94117647 1.         1.         1.         1.
 1.         1.         1.         1.        ]
Mean recall: 0.9864705882352942
Dev: 0.02864289135044671
XGBoost RF + BoarderLineSMOTE Cross-Validation Results recall: [1.         1.         1.         1.         0.94117647 0.94117647
 1.         1.         1.         1.         1.         0.94117647
 1.         1.         1.         1.         1.         1.
 1.         0.94117647 1.         1.         1.         1.
 1.         1.         1.         1.         1.         0.94117647
 1.         1.         1.         1.         1.         1.
 1.         1.         1.         1.         1.         1.
 1.         1.         1.         0.94117647 1.         1.
 1.         1.         1.         1.         0.94117647 1.
 1.         0.94117647 1.         1.         1.         1.
 1.         1.         1.         0.94117647 1.         0.94117647
 1.         1.         1.         0.94117647 1.         1.
 1.         0.94117647 1.         1.         1.         0.94117647
 1.         1.         0.94117647 1.         1.         1.
 0.94117647 1.         1.         1.         1.         1.
 1.         0.94117647 1.         1.         1.         1.
 1.         1.         1.         1.        ]
Mean recall: 0.9905882352941177
Dev: 0.02156506209390984
