LR Balanced Cross-Validation Results recall: [0.94117647 1.         0.82352941 0.94117647 1.         0.94444444
 0.94444444 0.94444444 1.         1.         0.94117647 0.88235294
 0.94117647 1.         1.         0.94444444 1.         0.94444444
 1.         0.94117647 0.94117647 1.         0.94117647 1.
 0.94444444 1.         0.83333333 0.94444444 1.         1.
 0.94117647 1.         1.         0.94117647 0.94444444 1.
 0.88888889 0.94444444 1.         0.94117647 0.94117647 0.94117647
 0.94117647 0.88235294 1.         1.         0.94444444 1.
 0.94117647 0.94117647 1.         0.94117647 1.         0.82352941
 0.88888889 1.         0.94444444 0.94444444 1.         0.94117647
 0.88235294 1.         0.94117647 1.         0.83333333 1.
 1.         1.         1.         1.         0.94117647 0.94117647
 1.         1.         0.88888889 0.88888889 1.         1.
 0.94117647 0.88235294 0.88235294 1.         1.         0.88235294
 0.94444444 0.94444444 1.         1.         0.94117647 1.
 1.         0.94117647 1.         0.94117647 1.         0.94444444
 0.83333333 1.         0.94117647 0.94117647]
Mean recall: 0.9563398692810456
Dev: 0.04729542915403707
DT Unbalanced Cross-Validation Results recall: [1.         1.         1.         0.8        1.         0.66666667
 1.         1.         0.8        1.         0.8        1.
 1.         0.8        0.83333333 0.83333333 1.         1.
 0.8        0.8        1.         1.         1.         0.6
 0.83333333 0.83333333 1.         1.         0.8        0.8
 1.         1.         0.8        1.         1.         0.83333333
 0.8        0.8        1.         1.         1.         1.
 0.8        1.         1.         0.5        1.         0.6
 1.         0.8        1.         1.         1.         0.8
 0.83333333 0.83333333 0.8        1.         1.         1.
 1.         1.         1.         1.         0.83333333 0.83333333
 0.6        0.8        1.         0.8        1.         0.8
 1.         0.8        0.83333333 1.         0.6        0.8
 0.8        1.         0.8        1.         0.8        1.
 1.         0.66666667 1.         0.8        1.         0.8
 1.         0.8        0.8        1.         0.83333333 1.
 0.8        1.         1.         0.8       ]
Mean recall: 0.8960000000000001
Dev: 0.12231834603925028
DT Balanced Cross-Validation Results recall: [1.         1.         0.82352941 1.         1.         1.
 0.94444444 1.         1.         1.         1.         0.88235294
 0.94117647 0.94117647 0.94444444 0.94444444 1.         0.94444444
 1.         1.         1.         1.         1.         1.
 1.         1.         0.88888889 0.94444444 0.94117647 1.
 1.         1.         1.         1.         1.         1.
 0.94444444 0.94444444 1.         0.94117647 0.88235294 0.94117647
 0.94117647 0.88235294 1.         1.         0.94444444 0.94444444
 1.         1.         1.         0.88235294 1.         0.94117647
 1.         1.         0.94444444 0.94444444 1.         0.94117647
 0.88235294 0.94117647 0.94117647 1.         0.88888889 1.
 1.         0.94444444 1.         1.         1.         1.
 1.         0.94117647 1.         0.94444444 1.         1.
 0.94117647 0.88235294 0.94117647 1.         0.94117647 0.88235294
 1.         0.94444444 1.         1.         1.         1.
 1.         1.         1.         0.94117647 1.         0.94444444
 0.88888889 1.         1.         1.        ]
Mean recall: 0.9695098039215688
Dev: 0.04126729013286009
RF Unbalanced Cross-Validation Results recall: [1.         1.         0.8        0.8        1.         0.83333333
 1.         0.6        1.         1.         0.8        0.8
 1.         0.8        1.         0.83333333 1.         1.
 0.8        0.8        1.         1.         1.         1.
 0.83333333 0.83333333 1.         0.8        0.8        0.8
 1.         1.         0.8        0.6        1.         1.
 0.8        0.6        1.         1.         1.         1.
 1.         0.8        1.         0.83333333 0.6        0.8
 1.         0.8        1.         1.         0.6        0.6
 0.83333333 0.83333333 1.         1.         1.         1.
 1.         1.         1.         1.         0.83333333 1.
 0.8        0.6        1.         0.6        1.         1.
 1.         0.8        0.83333333 0.66666667 0.8        1.
 0.8        1.         1.         1.         1.         1.
 1.         0.66666667 0.8        1.         1.         1.
 1.         0.4        1.         1.         1.         1.
 1.         1.         1.         0.8       ]
Mean recall: 0.8983333333333333
Dev: 0.13851393832792103
RF Balanced Cross-Validation Results recall: [1.         1.         0.88235294 1.         1.         1.
 0.94444444 1.         1.         1.         1.         1.
 1.         1.         1.         1.         1.         0.94444444
 1.         1.         1.         1.         1.         1.
 1.         1.         1.         0.94444444 1.         1.
 1.         1.         1.         1.         1.         1.
 0.94444444 1.         1.         0.94117647 0.94117647 0.94117647
 1.         1.         1.         1.         1.         1.
 1.         1.         1.         1.         1.         1.
 1.         1.         1.         0.94444444 1.         1.
 0.94117647 0.94117647 1.         1.         1.         1.
 1.         1.         1.         1.         1.         1.
 1.         1.         1.         0.94444444 1.         1.
 1.         1.         1.         1.         1.         0.94117647
 1.         0.94444444 1.         1.         1.         1.
 1.         1.         1.         1.         1.         1.
 1.         1.         1.         0.94117647]
Mean recall: 0.9908169934640523
Dev: 0.022635030617320435
XGBoost Unbalanced Cross-Validation Results recall: [1.         1.         0.8        0.8        1.         0.83333333
 1.         0.6        1.         1.         1.         0.8
 1.         0.8        0.83333333 0.83333333 1.         1.
 1.         0.8        1.         0.8        1.         0.8
 0.83333333 0.83333333 1.         1.         1.         0.8
 1.         1.         0.8        0.6        1.         1.
 0.8        0.6        0.8        1.         1.         1.
 1.         1.         1.         0.83333333 0.8        1.
 1.         0.8        0.8        1.         0.6        0.6
 0.83333333 0.83333333 1.         1.         1.         1.
 0.8        1.         1.         1.         0.83333333 0.83333333
 0.8        0.6        1.         1.         1.         1.
 0.8        0.8        0.83333333 0.83333333 0.8        1.
 1.         1.         1.         1.         1.         1.
 1.         0.66666667 1.         0.8        1.         1.
 1.         0.6        1.         1.         0.83333333 0.83333333
 1.         1.         1.         1.        ]
Mean recall: 0.9053333333333333
Dev: 0.12344319431310184
XGBoost Balanced Cross-Validation Results recall: [1.         1.         0.82352941 0.94117647 1.         1.
 0.94444444 1.         1.         1.         1.         0.94117647
 1.         1.         1.         0.94444444 1.         0.88888889
 1.         0.94117647 0.94117647 1.         1.         1.
 1.         1.         0.94444444 0.94444444 1.         0.94117647
 1.         1.         1.         0.94117647 0.94444444 1.
 0.94444444 1.         1.         0.94117647 0.94117647 1.
 0.94117647 0.94117647 1.         1.         1.         1.
 1.         1.         1.         0.82352941 1.         0.88235294
 0.94444444 1.         1.         0.94444444 1.         1.
 0.88235294 1.         1.         1.         0.83333333 1.
 0.94444444 1.         1.         1.         1.         0.94117647
 1.         1.         0.94444444 0.94444444 1.         1.
 1.         0.94117647 1.         0.94117647 1.         0.94117647
 0.94444444 1.         1.         1.         0.94117647 1.
 1.         1.         0.94117647 0.94117647 1.         0.94444444
 0.88888889 1.         1.         0.94117647]
Mean recall: 0.9724183006535947
Dev: 0.04108122608408134
XGBoost RF Unbalanced Cross-Validation Results recall: [1.         1.         0.8        0.8        1.         0.83333333
 1.         0.6        1.         1.         1.         0.8
 1.         0.8        0.83333333 0.83333333 1.         1.
 1.         0.8        1.         0.8        1.         0.8
 0.83333333 0.83333333 1.         1.         1.         0.8
 1.         1.         0.8        0.6        1.         1.
 0.8        0.6        0.8        1.         1.         1.
 1.         1.         1.         0.83333333 0.8        1.
 1.         0.8        0.8        1.         0.6        0.6
 0.83333333 0.83333333 1.         1.         1.         1.
 0.8        1.         1.         1.         0.83333333 0.83333333
 0.8        0.6        1.         1.         1.         1.
 0.8        0.8        0.83333333 0.83333333 0.8        1.
 1.         1.         1.         1.         1.         1.
 1.         0.66666667 1.         0.8        1.         1.
 1.         0.6        1.         1.         0.83333333 0.83333333
 1.         1.         1.         1.        ]
Mean recall: 0.9053333333333333
Dev: 0.12344319431310184
XGBoost RF Balanced Cross-Validation Results recall: [1.         1.         0.82352941 0.94117647 1.         1.
 0.94444444 1.         1.         1.         1.         0.94117647
 1.         1.         1.         0.94444444 1.         0.88888889
 1.         0.94117647 0.94117647 1.         1.         1.
 1.         1.         0.94444444 0.94444444 1.         0.94117647
 1.         1.         1.         0.94117647 0.94444444 1.
 0.94444444 1.         1.         0.94117647 0.94117647 1.
 0.94117647 0.94117647 1.         1.         1.         1.
 1.         1.         1.         0.82352941 1.         0.88235294
 0.94444444 1.         1.         0.94444444 1.         1.
 0.88235294 1.         1.         1.         0.83333333 1.
 0.94444444 1.         1.         1.         1.         0.94117647
 1.         1.         0.94444444 0.94444444 1.         1.
 1.         0.94117647 1.         0.94117647 1.         0.94117647
 0.94444444 1.         1.         1.         0.94117647 1.
 1.         1.         0.94117647 0.94117647 1.         0.94444444
 0.88888889 1.         1.         0.94117647]
Mean recall: 0.9724183006535947
Dev: 0.04108122608408134
