LR Balanced Cross-Validation Results f1: [0.88888889 0.94444444 0.875      0.94117647 0.92307692 0.97142857
 0.97142857 0.97142857 0.94444444 1.         0.96969697 0.9375
 0.88888889 0.91891892 1.         0.94444444 0.97297297 0.94444444
 0.97142857 0.88888889 0.94117647 0.94444444 0.94117647 0.97142857
 0.94444444 1.         0.85714286 0.91891892 0.97142857 0.97142857
 0.96969697 0.87179487 0.97142857 0.91428571 0.94444444 0.97297297
 0.91428571 0.91891892 0.97142857 0.96969697 0.94117647 0.94117647
 0.94117647 0.9375     0.94736842 1.         0.94444444 0.94736842
 0.96969697 0.88888889 0.91891892 0.96969697 1.         0.875
 0.86486486 1.         0.91891892 0.91891892 0.97142857 0.94117647
 0.90909091 0.94444444 0.96969697 1.         0.90909091 1.
 0.92307692 0.92307692 0.91891892 0.97142857 0.91428571 0.96969697
 0.89473684 1.         0.91428571 0.91428571 0.94736842 1.
 0.96969697 0.90909091 0.85714286 0.97142857 0.97142857 0.9375
 0.89473684 0.97142857 0.94736842 1.         0.94117647 0.94444444
 0.94444444 0.91428571 0.97142857 0.96969697 0.94736842 0.97142857
 0.83333333 0.97297297 0.94117647 0.96969697]
Mean f1: 0.94361523226887
Dev: 0.03686513620966182
DT Unbalanced Cross-Validation Results f1: [1.         1.         0.90909091 0.8        1.         0.8
 1.         1.         0.88888889 0.90909091 0.88888889 1.
 1.         0.88888889 0.90909091 0.90909091 0.83333333 1.
 0.88888889 0.8        1.         1.         1.         0.75
 0.83333333 0.90909091 0.83333333 1.         0.88888889 0.88888889
 1.         1.         0.88888889 1.         1.         0.83333333
 0.8        0.88888889 1.         0.90909091 1.         1.
 0.88888889 0.90909091 1.         0.66666667 0.83333333 0.75
 1.         0.88888889 1.         0.90909091 1.         0.88888889
 0.83333333 0.90909091 0.88888889 1.         1.         0.90909091
 0.90909091 0.90909091 1.         1.         0.90909091 0.90909091
 0.75       0.88888889 1.         0.8        1.         0.88888889
 1.         0.88888889 0.83333333 1.         0.66666667 0.8
 0.88888889 1.         0.8        1.         0.88888889 0.90909091
 0.85714286 0.8        1.         0.88888889 1.         0.88888889
 1.         0.88888889 0.72727273 1.         0.83333333 1.
 0.88888889 1.         1.         0.88888889]
Mean f1: 0.9142633477633477
Dev: 0.08409680729638358
DT Balanced Cross-Validation Results f1: [0.97142857 1.         0.875      0.97142857 0.97297297 1.
 0.94444444 1.         1.         0.97142857 0.97142857 0.9375
 0.96969697 0.96969697 0.97142857 0.94444444 0.97297297 0.97142857
 1.         0.94444444 1.         1.         0.97142857 1.
 1.         1.         0.91428571 0.97142857 0.94117647 0.97142857
 1.         0.97142857 0.97142857 1.         1.         0.94736842
 0.97142857 0.94444444 1.         0.96969697 0.9375     0.96969697
 0.96969697 0.9375     0.97297297 1.         0.94444444 0.94444444
 0.97142857 0.94444444 0.94444444 0.9375     1.         0.96969697
 0.97297297 0.97297297 0.97142857 0.97142857 0.97142857 0.96969697
 0.9375     0.96969697 0.96969697 1.         0.91428571 0.97297297
 1.         0.94444444 0.97142857 0.97142857 0.97142857 1.
 0.97142857 0.96969697 1.         0.94444444 1.         1.
 0.94117647 0.9375     0.96969697 1.         0.94117647 0.9375
 1.         0.97142857 0.94736842 1.         0.97142857 1.
 1.         0.97142857 1.         0.94117647 1.         0.97142857
 0.94117647 1.         0.97142857 0.97142857]
Mean f1: 0.9707278242970969
Dev: 0.024777058612239857
RF Unbalanced Cross-Validation Results f1: [1.         1.         0.8        0.88888889 1.         0.90909091
 1.         0.75       1.         0.90909091 0.88888889 0.88888889
 1.         0.88888889 1.         0.90909091 0.83333333 1.
 0.88888889 0.8        1.         1.         1.         1.
 0.90909091 0.90909091 0.83333333 0.88888889 0.88888889 0.88888889
 1.         1.         0.88888889 0.75       1.         0.92307692
 0.8        0.66666667 1.         0.90909091 1.         1.
 1.         0.8        1.         0.90909091 0.6        0.88888889
 0.90909091 0.88888889 1.         0.90909091 0.75       0.75
 0.83333333 0.90909091 1.         1.         1.         0.90909091
 1.         0.90909091 1.         1.         0.90909091 1.
 0.88888889 0.75       1.         0.66666667 1.         1.
 1.         0.88888889 0.83333333 0.8        0.72727273 1.
 0.88888889 1.         1.         1.         1.         0.90909091
 0.92307692 0.8        0.88888889 1.         1.         1.
 1.         0.57142857 0.83333333 1.         1.         1.
 0.90909091 1.         1.         0.88888889]
Mean f1: 0.91653441003441
Dev: 0.0984045934309289
RF Balanced Cross-Validation Results f1: [1.         1.         0.90909091 0.97142857 1.         1.
 0.97142857 1.         1.         0.97142857 0.94444444 1.
 1.         0.97142857 1.         1.         1.         0.97142857
 1.         0.94444444 1.         0.97142857 1.         1.
 1.         1.         0.97297297 0.97142857 0.97142857 1.
 1.         0.94444444 1.         0.94444444 1.         0.94736842
 0.97142857 1.         1.         0.96969697 0.96969697 0.96969697
 1.         1.         1.         0.97297297 1.         0.97297297
 0.97142857 0.97142857 0.97142857 1.         1.         1.
 0.94736842 0.97297297 1.         0.97142857 0.97142857 1.
 0.96969697 0.94117647 1.         1.         1.         1.
 1.         0.97297297 0.97142857 0.97142857 0.97142857 1.
 0.97142857 1.         0.97297297 0.94444444 1.         1.
 0.97142857 1.         1.         1.         0.97142857 0.96969697
 1.         0.97142857 0.97297297 1.         0.97142857 0.97142857
 1.         0.97142857 1.         1.         1.         1.
 0.97297297 1.         0.97142857 0.96969697]
Mean f1: 0.9835490633168651
Dev: 0.019337810185096657
XGBoost Unbalanced Cross-Validation Results f1: [1.         1.         0.8        0.8        0.92307692 0.90909091
 1.         0.75       1.         1.         1.         0.8
 1.         0.88888889 0.90909091 0.90909091 0.83333333 1.
 1.         0.88888889 1.         0.88888889 1.         0.88888889
 0.76923077 0.90909091 0.90909091 1.         1.         0.88888889
 1.         1.         0.88888889 0.75       1.         1.
 0.8        0.66666667 0.88888889 0.90909091 1.         1.
 1.         1.         1.         0.90909091 0.72727273 1.
 0.90909091 0.88888889 0.88888889 0.90909091 0.75       0.75
 0.90909091 0.90909091 1.         0.90909091 1.         0.90909091
 0.88888889 0.90909091 0.90909091 1.         0.90909091 0.90909091
 0.88888889 0.75       1.         0.90909091 1.         1.
 0.88888889 0.88888889 0.90909091 0.90909091 0.72727273 0.90909091
 1.         1.         0.90909091 1.         1.         0.90909091
 0.92307692 0.8        1.         0.88888889 1.         1.
 1.         0.75       0.90909091 1.         0.76923077 0.90909091
 1.         1.         1.         1.        ]
Mean f1: 0.92010878010878
Dev: 0.08498133851521299
XGBoost Balanced Cross-Validation Results f1: [1.         1.         0.875      0.94117647 0.97297297 1.
 0.97142857 1.         1.         1.         0.97142857 0.96969697
 1.         0.97142857 1.         0.97142857 1.         0.94117647
 1.         0.91428571 0.96969697 0.97142857 1.         1.
 1.         1.         0.94444444 0.97142857 0.97142857 0.96969697
 1.         0.97142857 1.         0.91428571 0.97142857 0.97297297
 0.97142857 1.         1.         0.96969697 0.96969697 1.
 0.96969697 0.96969697 0.97297297 0.97297297 1.         0.97297297
 0.97142857 1.         0.97142857 0.90322581 1.         0.9375
 0.94444444 1.         1.         0.97142857 0.97142857 1.
 0.9375     0.97142857 1.         1.         0.90909091 1.
 0.97142857 0.97297297 0.97142857 0.97142857 0.94444444 0.94117647
 0.97142857 1.         0.97142857 0.94444444 1.         1.
 1.         0.96969697 1.         0.96969697 0.97142857 0.96969697
 0.97142857 1.         0.97297297 1.         0.94117647 0.97142857
 1.         0.97142857 0.96969697 0.96969697 1.         0.97142857
 0.91428571 1.         0.97142857 0.96969697]
Mean f1: 0.9752167179254466
Dev: 0.025719388525844083
XGBoost RF Unbalanced Cross-Validation Results f1: [1.         1.         0.8        0.8        0.92307692 0.90909091
 1.         0.75       1.         1.         1.         0.8
 1.         0.88888889 0.90909091 0.90909091 0.83333333 1.
 1.         0.88888889 1.         0.88888889 1.         0.88888889
 0.76923077 0.90909091 0.90909091 1.         1.         0.88888889
 1.         1.         0.88888889 0.75       1.         1.
 0.8        0.66666667 0.88888889 0.90909091 1.         1.
 1.         1.         1.         0.90909091 0.72727273 1.
 0.90909091 0.88888889 0.88888889 0.90909091 0.75       0.75
 0.90909091 0.90909091 1.         0.90909091 1.         0.90909091
 0.88888889 0.90909091 0.90909091 1.         0.90909091 0.90909091
 0.88888889 0.75       1.         0.90909091 1.         1.
 0.88888889 0.88888889 0.90909091 0.90909091 0.72727273 0.90909091
 1.         1.         0.90909091 1.         1.         0.90909091
 0.92307692 0.8        1.         0.88888889 1.         1.
 1.         0.75       0.90909091 1.         0.76923077 0.90909091
 1.         1.         1.         1.        ]
Mean f1: 0.92010878010878
Dev: 0.08498133851521299
XGBoost RF Balanced Cross-Validation Results f1: [1.         1.         0.875      0.94117647 0.97297297 1.
 0.97142857 1.         1.         1.         0.97142857 0.96969697
 1.         0.97142857 1.         0.97142857 1.         0.94117647
 1.         0.91428571 0.96969697 0.97142857 1.         1.
 1.         1.         0.94444444 0.97142857 0.97142857 0.96969697
 1.         0.97142857 1.         0.91428571 0.97142857 0.97297297
 0.97142857 1.         1.         0.96969697 0.96969697 1.
 0.96969697 0.96969697 0.97297297 0.97297297 1.         0.97297297
 0.97142857 1.         0.97142857 0.90322581 1.         0.9375
 0.94444444 1.         1.         0.97142857 0.97142857 1.
 0.9375     0.97142857 1.         1.         0.90909091 1.
 0.97142857 0.97297297 0.97142857 0.97142857 0.94444444 0.94117647
 0.97142857 1.         0.97142857 0.94444444 1.         1.
 1.         0.96969697 1.         0.96969697 0.97142857 0.96969697
 0.97142857 1.         0.97297297 1.         0.94117647 0.97142857
 1.         0.97142857 0.96969697 0.96969697 1.         0.97142857
 0.91428571 1.         0.97142857 0.96969697]
Mean f1: 0.9752167179254466
Dev: 0.025719388525844083
