LR Balanced Cross-Validation Results precision: [0.84210526 0.89473684 0.93333333 0.94117647 0.85714286 1.
 1.         1.         0.89473684 1.         1.         1.
 0.84210526 0.85       1.         0.94444444 0.94736842 0.94444444
 0.94444444 0.84210526 0.94117647 0.89473684 0.94117647 0.94444444
 0.94444444 1.         0.88235294 0.89473684 0.94444444 0.94444444
 1.         0.77272727 0.94444444 0.88888889 0.94444444 0.94736842
 0.94117647 0.89473684 0.94444444 1.         0.94117647 0.94117647
 0.94117647 1.         0.9        1.         0.94444444 0.9
 1.         0.84210526 0.85       1.         1.         0.93333333
 0.84210526 1.         0.89473684 0.89473684 0.94444444 0.94117647
 0.9375     0.89473684 1.         1.         1.         1.
 0.85714286 0.85714286 0.85       0.94444444 0.88888889 1.
 0.80952381 1.         0.94117647 0.94117647 0.9        1.
 1.         0.9375     0.83333333 0.94444444 0.94444444 1.
 0.85       1.         0.9        1.         0.94117647 0.89473684
 0.89473684 0.88888889 0.94444444 1.         0.9        1.
 0.83333333 0.94736842 0.94117647 1.        ]
Mean precision: 0.9341626135302605
Dev: 0.05599194121739342
DT Unbalanced Cross-Validation Results precision: [1.         1.         0.83333333 0.8        1.         1.
 1.         1.         1.         0.83333333 1.         1.
 1.         1.         1.         1.         0.71428571 1.
 1.         0.8        1.         1.         1.         1.
 0.83333333 1.         0.71428571 1.         1.         1.
 1.         1.         1.         1.         1.         0.83333333
 0.8        1.         1.         0.83333333 1.         1.
 1.         0.83333333 1.         1.         0.71428571 1.
 1.         1.         1.         0.83333333 1.         1.
 0.83333333 1.         1.         1.         1.         0.83333333
 0.83333333 0.83333333 1.         1.         1.         1.
 1.         1.         1.         0.8        1.         1.
 1.         1.         0.83333333 1.         0.75       0.8
 1.         1.         0.8        1.         1.         0.83333333
 0.75       1.         1.         1.         1.         1.
 1.         1.         0.66666667 1.         0.83333333 1.
 1.         1.         1.         1.        ]
Mean precision: 0.9477619047619049
Dev: 0.09148858397490053
DT Balanced Cross-Validation Results precision: [0.94444444 1.         0.93333333 0.94444444 0.94736842 1.
 0.94444444 1.         1.         0.94444444 0.94444444 1.
 1.         1.         1.         0.94444444 0.94736842 1.
 1.         0.89473684 1.         1.         0.94444444 1.
 1.         1.         0.94117647 1.         0.94117647 0.94444444
 1.         0.94444444 0.94444444 1.         1.         0.9
 1.         0.94444444 1.         1.         1.         1.
 1.         1.         0.94736842 1.         0.94444444 0.94444444
 0.94444444 0.89473684 0.89473684 1.         1.         1.
 0.94736842 0.94736842 1.         1.         0.94444444 1.
 1.         1.         1.         1.         0.94117647 0.94736842
 1.         0.94444444 0.94444444 0.94444444 0.94444444 1.
 0.94444444 1.         1.         0.94444444 1.         1.
 0.94117647 1.         1.         1.         0.94117647 1.
 1.         1.         0.9        1.         0.94444444 1.
 1.         0.94444444 1.         0.94117647 1.         1.
 1.         1.         0.94444444 0.94444444]
Mean precision: 0.9735992432060543
Dev: 0.032019944388133166
RF Unbalanced Cross-Validation Results precision: [1.         1.         0.8        1.         1.         1.
 1.         1.         1.         0.83333333 1.         1.
 1.         1.         1.         1.         0.71428571 1.
 1.         0.8        1.         1.         1.         1.
 1.         1.         0.71428571 1.         1.         1.
 1.         1.         1.         1.         1.         0.85714286
 0.8        0.75       1.         0.83333333 1.         1.
 1.         0.8        1.         1.         0.6        1.
 0.83333333 1.         1.         0.83333333 1.         1.
 0.83333333 1.         1.         1.         1.         0.83333333
 1.         0.83333333 1.         1.         1.         1.
 1.         1.         1.         0.75       1.         1.
 1.         1.         0.83333333 1.         0.66666667 1.
 1.         1.         1.         1.         1.         0.83333333
 0.85714286 1.         1.         1.         1.         1.
 1.         1.         0.71428571 1.         1.         1.
 0.83333333 1.         1.         1.        ]
Mean precision: 0.9515714285714284
Dev: 0.0940781867141342
RF Balanced Cross-Validation Results precision: [1.         1.         0.9375     0.94444444 1.         1.
 1.         1.         1.         0.94444444 0.89473684 1.
 1.         0.94444444 1.         1.         1.         1.
 1.         0.89473684 1.         0.94444444 1.         1.
 1.         1.         0.94736842 1.         0.94444444 1.
 1.         0.89473684 1.         0.89473684 1.         0.9
 1.         1.         1.         1.         1.         1.
 1.         1.         1.         0.94736842 1.         0.94736842
 0.94444444 0.94444444 0.94444444 1.         1.         1.
 0.9        0.94736842 1.         1.         0.94444444 1.
 1.         0.94117647 1.         1.         1.         1.
 1.         0.94736842 0.94444444 0.94444444 0.94444444 1.
 0.94444444 1.         0.94736842 0.94444444 1.         1.
 0.94444444 1.         1.         1.         0.94444444 1.
 1.         1.         0.94736842 1.         0.94444444 0.94444444
 1.         0.94444444 1.         1.         1.         1.
 0.94736842 1.         0.94444444 1.        ]
Mean precision: 0.9772546009631923
Dev: 0.03222445180288684
XGBoost Unbalanced Cross-Validation Results precision: [1.         1.         0.8        0.8        0.85714286 1.
 1.         1.         1.         1.         1.         0.8
 1.         1.         1.         1.         0.71428571 1.
 1.         1.         1.         1.         1.         1.
 0.71428571 1.         0.83333333 1.         1.         1.
 1.         1.         1.         1.         1.         1.
 0.8        0.75       1.         0.83333333 1.         1.
 1.         1.         1.         1.         0.66666667 1.
 0.83333333 1.         1.         0.83333333 1.         1.
 1.         1.         1.         0.83333333 1.         0.83333333
 1.         0.83333333 0.83333333 1.         1.         1.
 1.         1.         1.         0.83333333 1.         1.
 1.         1.         1.         1.         0.66666667 0.83333333
 1.         1.         0.83333333 1.         1.         0.83333333
 0.85714286 1.         1.         1.         1.         1.
 1.         1.         0.83333333 1.         0.71428571 1.
 1.         1.         1.         1.        ]
Mean precision: 0.9497380952380952
Dev: 0.09159266957667193
XGBoost Balanced Cross-Validation Results precision: [1.         1.         0.93333333 0.94117647 0.94736842 1.
 1.         1.         1.         1.         0.94444444 1.
 1.         0.94444444 1.         1.         1.         1.
 1.         0.88888889 1.         0.94444444 1.         1.
 1.         1.         0.94444444 1.         0.94444444 1.
 1.         0.94444444 1.         0.88888889 1.         0.94736842
 1.         1.         1.         1.         1.         1.
 1.         1.         0.94736842 0.94736842 1.         0.94736842
 0.94444444 1.         0.94444444 1.         1.         1.
 0.94444444 1.         1.         1.         0.94444444 1.
 1.         0.94444444 1.         1.         1.         1.
 1.         0.94736842 0.94444444 0.94444444 0.89473684 0.94117647
 0.94444444 1.         1.         0.94444444 1.         1.
 1.         1.         1.         1.         0.94444444 1.
 1.         1.         0.94736842 1.         0.94117647 0.94444444
 1.         0.94444444 1.         1.         1.         1.
 0.94117647 1.         0.94444444 1.        ]
Mean precision: 0.9794657722738218
Dev: 0.029987342583825956
XGBoost RF Unbalanced Cross-Validation Results precision: [1.         1.         0.8        0.8        0.85714286 1.
 1.         1.         1.         1.         1.         0.8
 1.         1.         1.         1.         0.71428571 1.
 1.         1.         1.         1.         1.         1.
 0.71428571 1.         0.83333333 1.         1.         1.
 1.         1.         1.         1.         1.         1.
 0.8        0.75       1.         0.83333333 1.         1.
 1.         1.         1.         1.         0.66666667 1.
 0.83333333 1.         1.         0.83333333 1.         1.
 1.         1.         1.         0.83333333 1.         0.83333333
 1.         0.83333333 0.83333333 1.         1.         1.
 1.         1.         1.         0.83333333 1.         1.
 1.         1.         1.         1.         0.66666667 0.83333333
 1.         1.         0.83333333 1.         1.         0.83333333
 0.85714286 1.         1.         1.         1.         1.
 1.         1.         0.83333333 1.         0.71428571 1.
 1.         1.         1.         1.        ]
Mean precision: 0.9497380952380952
Dev: 0.09159266957667193
XGBoost RF Balanced Cross-Validation Results precision: [1.         1.         0.93333333 0.94117647 0.94736842 1.
 1.         1.         1.         1.         0.94444444 1.
 1.         0.94444444 1.         1.         1.         1.
 1.         0.88888889 1.         0.94444444 1.         1.
 1.         1.         0.94444444 1.         0.94444444 1.
 1.         0.94444444 1.         0.88888889 1.         0.94736842
 1.         1.         1.         1.         1.         1.
 1.         1.         0.94736842 0.94736842 1.         0.94736842
 0.94444444 1.         0.94444444 1.         1.         1.
 0.94444444 1.         1.         1.         0.94444444 1.
 1.         0.94444444 1.         1.         1.         1.
 1.         0.94736842 0.94444444 0.94444444 0.89473684 0.94117647
 0.94444444 1.         1.         0.94444444 1.         1.
 1.         1.         1.         1.         0.94444444 1.
 1.         1.         0.94736842 1.         0.94117647 0.94444444
 1.         0.94444444 1.         1.         1.         1.
 0.94117647 1.         0.94444444 1.        ]
Mean precision: 0.9794657722738218
Dev: 0.029987342583825956
