LR + BoarderLineSMOTE Cross-Validation Results f1: [0.94117647 0.94444444 0.94444444 0.94444444 0.85714286 0.88235294
 0.94444444 0.89473684 1.         0.94444444 0.86486486 0.91891892
 0.96969697 0.97142857 0.91891892 0.88888889 0.94444444 1.
 0.88888889 0.94444444 0.97142857 0.94444444 0.90909091 0.94444444
 0.97142857 0.86486486 0.91428571 0.97142857 0.94444444 0.94117647
 0.94444444 0.97142857 0.85714286 0.91891892 0.94444444 0.91891892
 0.94444444 0.94444444 0.96969697 0.94444444 0.97142857 0.94444444
 0.94444444 1.         1.         0.86486486 0.8125     0.94444444
 0.90909091 0.88888889 0.91891892 0.90909091 1.         0.94444444
 0.94117647 1.         0.91891892 0.9375     0.91891892 0.87179487
 0.90909091 0.97142857 0.94444444 0.91428571 0.88888889 0.88888889
 0.89473684 0.97142857 0.91428571 0.86486486 0.91891892 0.97142857
 0.89473684 0.91428571 0.94444444 0.97142857 0.90909091 0.8125
 0.94444444 0.94444444 0.88888889 0.87179487 0.9375     0.94444444
 0.90322581 0.97142857 0.94444444 0.94444444 0.91891892 0.91428571
 0.90322581 0.88235294 0.90909091 0.94444444 0.91428571 0.91428571
 0.94117647 0.87179487 0.91891892 0.90322581]
Mean f1: 0.9271460570168251
Dev: 0.038518416829301926
DT + BoarderLineSMOTE Cross-Validation Results f1: [1.         0.97142857 1.         0.97142857 0.96969697 1.
 1.         0.97142857 0.97142857 0.97142857 0.97142857 0.94117647
 0.97142857 0.97142857 1.         1.         1.         0.94444444
 1.         1.         1.         0.97142857 0.94444444 1.
 0.97142857 0.97142857 1.         0.97142857 1.         0.96969697
 1.         0.94444444 0.94117647 0.97142857 1.         1.
 1.         1.         0.97142857 0.97142857 0.97142857 1.
 1.         1.         0.97142857 0.96969697 1.         0.97142857
 1.         0.94444444 0.97142857 1.         1.         0.97142857
 1.         0.94117647 0.97142857 1.         1.         0.97142857
 0.97142857 0.97142857 1.         0.91428571 1.         1.
 0.97142857 0.97142857 1.         1.         0.97142857 1.
 1.         1.         0.97142857 1.         1.         0.94117647
 0.94444444 0.97142857 0.94444444 0.97142857 1.         1.
 0.9375     1.         0.97142857 1.         0.97142857 0.97142857
 1.         0.96969697 0.97142857 0.97142857 1.         1.
 0.97142857 0.94444444 1.         0.97142857]
Mean f1: 0.980492477293948
Dev: 0.020620812180674845
RF + BoarderLineSMOTE Cross-Validation Results f1: [1.         0.97142857 1.         0.97142857 0.96969697 1.
 1.         1.         1.         0.97142857 1.         0.91428571
 1.         0.97142857 1.         1.         1.         0.94444444
 1.         1.         1.         0.97142857 0.94444444 1.
 1.         0.97142857 1.         1.         1.         0.96969697
 1.         0.94444444 0.97142857 1.         0.97142857 1.
 1.         1.         1.         0.97142857 1.         1.
 1.         1.         1.         0.96969697 0.97142857 0.97142857
 1.         0.94444444 0.97142857 1.         1.         0.97142857
 1.         0.96969697 1.         1.         1.         0.97142857
 1.         0.97142857 1.         0.88888889 1.         1.
 0.97142857 1.         1.         1.         0.97142857 1.
 1.         1.         1.         1.         1.         0.96969697
 0.97142857 1.         0.94444444 1.         1.         1.
 1.         1.         1.         1.         0.97142857 0.97142857
 1.         0.96969697 0.97142857 0.97142857 1.         1.
 1.         0.94444444 1.         0.97142857]
Mean f1: 0.9863088023088024
Dev: 0.02091683507650921
XGBoost + BoarderLineSMOTE Cross-Validation Results f1: [1.         1.         0.96969697 0.97142857 0.96969697 0.96969697
 1.         0.97142857 1.         1.         0.97142857 0.9375
 1.         0.97142857 1.         1.         1.         1.
 1.         1.         1.         1.         1.         0.96969697
 1.         0.97142857 1.         1.         1.         0.96969697
 1.         1.         0.96969697 1.         0.96969697 1.
 1.         1.         1.         0.97142857 1.         1.
 1.         1.         1.         0.96969697 1.         0.94117647
 1.         0.97142857 1.         0.96969697 1.         0.97142857
 1.         0.96969697 1.         1.         1.         0.97142857
 0.96969697 1.         1.         0.91428571 1.         1.
 1.         1.         1.         0.97142857 0.94444444 1.
 1.         0.96969697 1.         1.         1.         0.9375
 1.         1.         1.         1.         0.96969697 1.
 0.9375     1.         1.         1.         0.97142857 1.
 0.96969697 0.96969697 0.97142857 1.         1.         1.
 1.         1.         1.         1.        ]
Mean f1: 0.9881500403191581
Dev: 0.018745715443225345
XGBoost RF + BoarderLineSMOTE Cross-Validation Results f1: [1.         1.         1.         0.97142857 0.94117647 0.94117647
 1.         0.97142857 0.97142857 1.         0.97142857 0.94117647
 1.         0.97142857 1.         1.         1.         1.
 0.97142857 0.96969697 1.         0.94444444 0.94444444 0.97142857
 0.97142857 0.97142857 1.         1.         1.         0.96969697
 1.         0.94444444 0.94444444 0.94444444 1.         1.
 1.         1.         1.         0.97142857 0.97142857 1.
 1.         1.         0.97142857 0.96969697 0.97142857 1.
 0.97142857 0.94444444 0.97142857 1.         0.96969697 0.97142857
 1.         0.94117647 1.         1.         1.         0.97142857
 1.         0.97142857 1.         0.91428571 1.         0.96969697
 1.         1.         1.         0.94117647 0.94444444 1.
 1.         0.96969697 1.         1.         1.         0.96969697
 0.91891892 1.         0.88888889 1.         1.         1.
 0.96969697 1.         1.         1.         0.97142857 0.97142857
 1.         0.96969697 0.97142857 0.97142857 1.         0.97142857
 0.97142857 0.94444444 1.         0.97142857]
Mean f1: 0.9799651844357727
Dev: 0.023831155697966216
