LR Cross-Validation Results accuracy:
 [0.90909091 0.86363636 1.         0.86363636 1.         0.90909091
 0.85714286 0.95238095 0.9047619  1.         0.90909091 0.86363636
 1.         0.90909091 0.90909091 0.90909091 0.85714286 0.95238095
 0.95238095 1.         0.90909091 0.95454545 0.77272727 0.95454545
 0.95454545 1.         0.95238095 0.85714286 0.95238095 0.95238095
 0.86363636 0.95454545 0.95454545 0.90909091 0.95454545 1.
 0.95238095 0.95238095 0.9047619  0.85714286 0.95454545 0.95454545
 0.90909091 1.         0.95454545 0.81818182 0.85714286 0.95238095
 0.9047619  0.9047619  0.81818182 0.95454545 0.90909091 0.95454545
 0.95454545 0.95454545 0.95238095 0.9047619  0.95238095 0.9047619
 1.         1.         0.95454545 0.86363636 0.86363636 0.86363636
 0.85714286 0.95238095 0.95238095 1.         0.90909091 0.95454545
 0.86363636 1.         1.         0.90909091 0.9047619  0.95238095
 0.80952381 0.9047619  0.81818182 0.95454545 0.95454545 0.81818182
 0.95454545 1.         0.95238095 0.9047619  1.         1.
 1.         0.90909091 0.95454545 0.95454545 0.95454545 0.95454545
 0.85714286 0.9047619  0.95238095 0.95238095]
Mean accuracy: 0.9282034632034631
Dev: 0.05276864060791554


LR_SMOTE Cross-Validation Results accuracy:
 [0.93939394 0.93939394 0.90909091 0.93939394 0.90909091 0.90909091
 0.90625    0.90625    0.90625    0.84375    0.93939394 0.90909091
 0.93939394 0.90909091 0.90909091 0.87878788 0.875      0.96875
 0.96875    0.96875    0.96969697 0.93939394 0.90909091 0.87878788
 0.90909091 0.87878788 0.875      0.9375     0.90625    0.9375
 0.96969697 0.90909091 0.93939394 0.90909091 0.90909091 0.87878788
 0.9375     0.8125     0.9375     0.9375     0.87878788 0.93939394
 0.93939394 0.87878788 0.87878788 0.93939394 0.9375     0.96875
 0.9375     0.96875    0.93939394 0.78787879 0.96969697 0.90909091
 0.84848485 0.90909091 0.8125     0.9375     0.96875    1.
 0.87878788 0.90909091 0.90909091 0.93939394 0.87878788 0.93939394
 0.9375     0.90625    0.9375     0.96875    0.93939394 0.87878788
 0.96969697 0.93939394 0.75757576 1.         0.96875    0.9375
 0.90625    0.875      0.90909091 0.87878788 0.90909091 0.93939394
 0.93939394 0.93939394 0.96875    1.         0.84375    0.90625
 0.90909091 0.93939394 0.93939394 0.87878788 1.         1.
 0.9375     0.90625    0.9375     0.875     ]
Mean accuracy: 0.9193844696969697
Dev: 0.04365348608425575


LR_BrdSMOTE Cross-Validation Results accuracy:
 [0.90909091 0.90909091 0.93939394 0.90909091 0.96969697 0.84848485
 0.90625    0.90625    0.9375     0.9375     0.96969697 0.93939394
 0.90909091 0.84848485 0.90909091 0.87878788 0.9375     0.9375
 0.90625    0.96875    0.96969697 0.87878788 0.84848485 0.90909091
 0.96969697 0.93939394 0.90625    0.9375     0.90625    0.9375
 0.96969697 0.90909091 0.90909091 0.87878788 0.93939394 0.93939394
 0.90625    0.875      0.90625    0.9375     0.96969697 0.90909091
 0.90909091 0.87878788 0.90909091 0.90909091 0.90625    0.9375
 0.84375    0.9375     0.96969697 0.84848485 0.96969697 0.93939394
 0.90909091 0.90909091 0.84375    0.90625    0.96875    1.
 0.93939394 0.90909091 0.90909091 0.87878788 0.93939394 0.87878788
 0.96875    0.875      0.90625    0.96875    0.96969697 0.84848485
 0.96969697 0.93939394 0.78787879 0.96969697 0.90625    0.875
 0.96875    0.9375     0.96969697 0.81818182 0.87878788 0.93939394
 0.87878788 0.93939394 0.96875    1.         0.875      0.875
 0.96969697 0.87878788 0.90909091 0.90909091 0.96969697 0.96969697
 0.9375     0.90625    0.8125     0.9375    ]
Mean accuracy: 0.918125
Dev: 0.042186287308693615


LR_GAN Cross-Validation Results accuracy:
 [0.84848485 0.90909091 0.93939394 0.96969697 0.96969697 0.96969697
 0.90625    0.96875    0.96875    0.96875    0.93939394 0.93939394
 0.93939394 0.93939394 0.90909091 0.90909091 0.90625    1.
 0.96875    1.         1.         0.93939394 0.96969697 0.87878788
 0.96969697 0.93939394 0.9375     1.         0.96875    0.96875
 0.96969697 1.         0.96969697 0.93939394 0.87878788 0.96969697
 0.9375     0.90625    0.9375     0.96875    0.96969697 0.96969697
 1.         0.90909091 0.87878788 0.90909091 0.96875    0.96875
 1.         1.         0.90909091 0.93939394 0.96969697 0.90909091
 0.90909091 0.96969697 0.90625    0.9375     0.96875    1.
 0.96969697 0.96969697 0.84848485 0.90909091 0.96969697 0.96969697
 0.96875    0.875      0.96875    0.96875    1.         0.87878788
 1.         0.93939394 0.81818182 1.         0.9375     0.96875
 0.9375     0.9375     0.93939394 0.96969697 1.         0.93939394
 0.96969697 0.96969697 0.96875    0.9375     0.875      0.96875
 1.         0.96969697 0.93939394 0.96969697 0.96969697 0.93939394
 0.875      0.84375    0.96875    0.96875   ]
Mean accuracy: 0.9472821969696968
Dev: 0.040137677852567215


DT Cross-Validation Results accuracy:
 [0.95454545 0.95454545 1.         0.90909091 1.         0.90909091
 0.95238095 0.95238095 0.95238095 1.         0.95454545 0.95454545
 1.         0.90909091 0.95454545 0.90909091 1.         0.95238095
 1.         0.95238095 0.95454545 1.         0.90909091 0.95454545
 1.         0.95454545 0.95238095 1.         0.95238095 0.95238095
 0.95454545 0.95454545 1.         1.         0.95454545 0.95454545
 0.95238095 0.95238095 1.         0.95238095 0.95454545 1.
 0.90909091 0.95454545 1.         0.95454545 0.9047619  0.95238095
 0.9047619  1.         1.         0.95454545 0.95454545 1.
 0.95454545 0.95454545 0.95238095 1.         0.9047619  0.95238095
 0.95454545 0.95454545 0.90909091 0.95454545 1.         0.90909091
 0.95238095 1.         0.95238095 0.95238095 0.95454545 0.95454545
 1.         0.95454545 1.         1.         0.9047619  0.95238095
 0.95238095 1.         0.95454545 1.         0.95454545 0.90909091
 0.95454545 1.         0.95238095 1.         1.         1.
 0.95454545 0.95454545 0.95454545 0.90909091 0.95454545 0.95454545
 0.9047619  0.95238095 1.         1.        ]
Mean accuracy: 0.9611471861471861
Dev: 0.030470125269647562


DT_SMOTE Cross-Validation Results accuracy:
 [0.96969697 0.96969697 1.         1.         0.96969697 1.
 0.96875    0.96875    0.96875    0.96875    1.         0.96969697
 0.96969697 1.         0.96969697 0.96969697 1.         1.
 0.96875    0.90625    1.         0.93939394 0.96969697 0.96969697
 1.         1.         1.         0.9375     0.96875    1.
 0.96969697 1.         1.         0.96969697 1.         0.96969697
 1.         0.96875    1.         0.9375     0.96969697 0.96969697
 1.         0.93939394 1.         1.         0.96875    1.
 1.         0.9375     0.93939394 0.93939394 1.         0.96969697
 0.90909091 1.         1.         0.9375     0.96875    1.
 0.93939394 1.         0.96969697 0.93939394 1.         0.96969697
 0.96875    0.875      1.         1.         0.96969697 1.
 1.         1.         0.93939394 0.96969697 0.96875    1.
 0.96875    1.         1.         0.96969697 1.         0.93939394
 1.         1.         1.         1.         1.         0.9375
 0.96969697 0.96969697 0.96969697 0.87878788 1.         1.
 0.96875    1.         1.         0.96875   ]
Mean accuracy: 0.9763731060606061
Dev: 0.0274328393392614


DT_BrdSMOTE Cross-Validation Results accuracy:
 [1.         0.96969697 1.         0.93939394 0.96969697 1.
 0.96875    0.96875    0.9375     1.         1.         0.96969697
 0.90909091 1.         0.96969697 0.96969697 1.         0.96875
 0.96875    1.         1.         0.93939394 0.93939394 0.96969697
 0.96969697 1.         1.         0.9375     0.9375     0.96875
 0.96969697 1.         1.         0.90909091 1.         0.96969697
 1.         0.96875    1.         0.9375     0.96969697 0.96969697
 0.93939394 0.96969697 1.         1.         1.         1.
 0.96875    0.96875    0.96969697 0.93939394 1.         1.
 0.90909091 1.         1.         0.875      0.96875    0.9375
 0.96969697 1.         0.96969697 1.         1.         0.93939394
 0.9375     0.96875    1.         1.         0.96969697 1.
 1.         0.96969697 0.90909091 0.93939394 0.96875    0.90625
 1.         0.96875    1.         0.96969697 1.         0.96969697
 1.         0.96969697 1.         1.         0.96875    0.9375
 1.         0.93939394 0.96969697 0.90909091 1.         1.
 1.         1.         1.         0.96875   ]
Mean accuracy: 0.9733049242424242
Dev: 0.029009963425222312


DT_GAN Cross-Validation Results accuracy:
 [0.93939394 0.96969697 1.         0.93939394 1.         1.
 0.96875    1.         1.         0.90625    0.96969697 0.96969697
 0.96969697 1.         1.         1.         0.90625    1.
 1.         1.         0.96969697 0.96969697 1.         1.
 1.         1.         0.96875    0.90625    0.9375     1.
 0.96969697 1.         1.         0.93939394 1.         0.93939394
 1.         0.96875    1.         1.         0.93939394 0.93939394
 1.         0.96969697 1.         1.         0.96875    0.96875
 1.         1.         0.93939394 1.         0.96969697 0.96969697
 1.         1.         0.9375     0.96875    0.96875    1.
 0.96969697 0.96969697 0.96969697 0.93939394 1.         1.
 0.9375     0.90625    1.         1.         0.96969697 0.93939394
 1.         1.         0.93939394 1.         0.9375     1.
 1.         0.9375     1.         1.         1.         0.96969697
 1.         1.         0.96875    0.96875    1.         0.9375
 1.         0.93939394 0.93939394 0.96969697 1.         0.93939394
 0.9375     0.9375     1.         1.        ]
Mean accuracy: 0.9757102272727272
Dev: 0.02804257735710059


RF Cross-Validation Results accuracy:
 [1.         0.90909091 1.         0.90909091 1.         0.95454545
 1.         1.         0.9047619  1.         1.         0.90909091
 1.         1.         0.90909091 1.         1.         1.
 0.95238095 0.95238095 0.95454545 1.         0.86363636 0.95454545
 0.90909091 0.95454545 1.         1.         1.         0.95238095
 0.95454545 0.95454545 1.         0.86363636 0.95454545 1.
 1.         0.95238095 1.         0.95238095 0.90909091 1.
 0.90909091 1.         1.         0.90909091 0.95238095 0.95238095
 0.95238095 1.         1.         0.95454545 1.         1.
 0.95454545 0.95454545 1.         0.95238095 1.         1.
 1.         0.95454545 0.95454545 1.         1.         0.86363636
 0.95238095 1.         0.95238095 0.95238095 0.90909091 0.95454545
 0.95454545 1.         1.         1.         0.95238095 0.95238095
 0.95238095 1.         1.         1.         0.95454545 0.81818182
 0.95454545 1.         0.95238095 1.         1.         1.
 0.95454545 0.95454545 1.         0.95454545 0.95454545 0.95454545
 0.9047619  0.95238095 0.95238095 1.        ]
Mean accuracy: 0.9658874458874459
Dev: 0.038626655503617435


RF_SMOTE Cross-Validation Results accuracy:
 [0.96969697 0.96969697 1.         1.         0.96969697 1.
 0.96875    1.         0.96875    0.96875    1.         0.96969697
 0.96969697 1.         0.96969697 0.96969697 1.         1.
 0.96875    0.96875    1.         0.93939394 1.         0.96969697
 1.         1.         1.         0.9375     0.96875    1.
 0.96969697 1.         1.         0.96969697 1.         0.96969697
 1.         0.96875    1.         0.96875    1.         0.96969697
 1.         0.93939394 0.96969697 1.         0.96875    1.
 1.         0.96875    0.96969697 1.         1.         0.96969697
 0.96969697 1.         1.         0.96875    0.96875    1.
 0.96969697 1.         0.96969697 1.         1.         0.96969697
 0.96875    0.9375     1.         1.         0.96969697 1.
 1.         1.         0.93939394 1.         0.96875    1.
 0.96875    1.         1.         0.96969697 1.         0.93939394
 1.         1.         1.         1.         1.         0.9375
 0.96969697 0.96969697 0.96969697 0.96969697 1.         1.
 0.96875    1.         1.         0.96875   ]
Mean accuracy: 0.9828125
Dev: 0.019086255877568355


RF_BrdSMOTE Cross-Validation Results accuracy:
 [0.96969697 0.93939394 1.         1.         1.         1.
 0.96875    1.         0.96875    1.         1.         0.96969697
 1.         0.96969697 0.96969697 0.96969697 1.         1.
 1.         1.         1.         0.93939394 1.         0.93939394
 1.         1.         1.         0.96875    1.         1.
 0.96969697 1.         1.         0.96969697 1.         0.96969697
 1.         1.         1.         1.         0.96969697 0.96969697
 1.         1.         1.         1.         0.96875    1.
 0.96875    0.96875    0.96969697 1.         1.         1.
 0.93939394 1.         1.         0.96875    1.         0.9375
 0.96969697 1.         0.96969697 0.96969697 1.         0.93939394
 0.9375     1.         1.         1.         0.96969697 1.
 1.         1.         0.87878788 0.96969697 0.96875    1.
 1.         1.         1.         1.         1.         0.96969697
 1.         1.         1.         1.         1.         0.9375
 1.         0.96969697 1.         0.93939394 1.         1.
 0.96875    1.         1.         0.96875   ]
Mean accuracy: 0.9846969696969697
Dev: 0.022655236215087943


RF_GAN Cross-Validation Results accuracy:
 [0.96969697 0.96969697 0.96969697 0.96969697 1.         1.
 0.9375     1.         0.96875    0.9375     0.96969697 0.93939394
 0.93939394 0.90909091 1.         0.96969697 1.         1.
 0.96875    1.         1.         0.96969697 1.         0.96969697
 0.96969697 1.         0.96875    0.9375     0.90625    1.
 0.96969697 1.         1.         0.96969697 1.         0.96969697
 1.         1.         0.96875    1.         0.96969697 0.96969697
 1.         0.96969697 0.90909091 0.96969697 1.         1.
 1.         0.96875    0.96969697 1.         1.         1.
 0.96969697 0.96969697 0.96875    0.9375     0.96875    1.
 1.         0.96969697 0.93939394 1.         1.         0.96969697
 0.96875    0.9375     0.96875    0.96875    0.93939394 0.93939394
 0.96969697 1.         0.93939394 1.         1.         1.
 1.         0.9375     1.         1.         1.         0.93939394
 1.         1.         1.         0.96875    0.96875    0.9375
 1.         0.96969697 0.90909091 0.96969697 1.         1.
 1.         0.9375     0.96875    1.        ]
Mean accuracy: 0.9757575757575758
Dev: 0.025789238004096892


XGB Cross-Validation Results accuracy:
 [1.         0.95454545 1.         0.90909091 1.         0.95454545
 1.         0.95238095 0.9047619  1.         0.95454545 0.86363636
 1.         0.90909091 0.90909091 0.95454545 1.         0.95238095
 1.         0.95238095 0.95454545 1.         0.86363636 0.95454545
 0.95454545 1.         1.         1.         1.         0.95238095
 0.95454545 0.90909091 1.         0.90909091 0.95454545 1.
 0.95238095 0.95238095 1.         0.95238095 0.95454545 1.
 0.95454545 1.         1.         0.95454545 0.9047619  0.95238095
 0.95238095 1.         1.         0.95454545 0.95454545 1.
 0.90909091 0.95454545 1.         0.95238095 1.         1.
 1.         0.95454545 0.95454545 0.95454545 0.86363636 1.
 0.95238095 1.         0.95238095 0.95238095 0.90909091 0.95454545
 0.95454545 1.         1.         1.         0.95238095 1.
 0.95238095 1.         1.         1.         0.95454545 0.81818182
 0.90909091 1.         0.95238095 1.         1.         1.
 0.95454545 0.95454545 1.         0.90909091 1.         0.95454545
 1.         0.95238095 0.95238095 1.        ]
Mean accuracy: 0.9645238095238095
Dev: 0.038198275404113524


XGB_SMOTE Cross-Validation Results accuracy:
 [0.96969697 0.96969697 1.         1.         0.96969697 1.
 1.         1.         0.9375     0.96875    1.         0.96969697
 1.         1.         0.93939394 0.96969697 1.         1.
 0.96875    0.96875    1.         0.93939394 1.         0.96969697
 1.         1.         1.         0.96875    0.90625    1.
 0.96969697 1.         0.96969697 0.96969697 1.         0.96969697
 1.         0.96875    1.         0.96875    1.         0.96969697
 1.         0.93939394 0.90909091 1.         0.96875    1.
 1.         0.96875    0.93939394 1.         1.         0.96969697
 0.96969697 1.         0.96875    0.9375     1.         1.
 0.90909091 1.         0.96969697 0.96969697 1.         0.96969697
 1.         0.90625    1.         1.         1.         1.
 1.         1.         0.84848485 1.         0.96875    0.96875
 0.96875    1.         1.         0.96969697 1.         0.93939394
 1.         0.96969697 1.         1.         1.         0.9375
 0.96969697 1.         0.93939394 0.96969697 1.         1.
 0.96875    1.         1.         0.96875   ]
Mean accuracy: 0.978844696969697
Dev: 0.027947070066849503


XGB_BrdSMOTE Cross-Validation Results accuracy:
 [0.96969697 0.96969697 1.         1.         0.96969697 0.96969697
 1.         1.         0.9375     1.         1.         0.96969697
 1.         1.         0.96969697 0.93939394 1.         1.
 0.96875    1.         1.         0.90909091 1.         0.96969697
 1.         1.         1.         0.96875    1.         0.96875
 0.96969697 1.         1.         0.96969697 1.         0.93939394
 1.         1.         1.         0.96875    1.         0.96969697
 1.         0.96969697 0.93939394 1.         0.96875    0.96875
 0.96875    0.96875    0.96969697 0.96969697 1.         1.
 0.96969697 1.         1.         0.96875    1.         1.
 0.96969697 1.         0.96969697 0.93939394 1.         0.96969697
 1.         0.96875    1.         1.         1.         1.
 1.         0.96969697 0.93939394 1.         0.9375     1.
 1.         1.         1.         0.96969697 1.         0.93939394
 1.         0.96969697 1.         1.         1.         0.9375
 1.         1.         0.93939394 0.96969697 1.         1.
 0.96875    1.         1.         0.96875   ]
Mean accuracy: 0.9828598484848484
Dev: 0.0217529060232086


XGB_GAN Cross-Validation Results accuracy:
 [0.93939394 0.96969697 0.96969697 0.96969697 0.96969697 0.96969697
 0.9375     1.         0.9375     0.90625    0.96969697 0.93939394
 0.93939394 0.90909091 0.96969697 0.96969697 0.96875    1.
 0.96875    1.         1.         0.96969697 0.93939394 1.
 0.96969697 0.96969697 0.96875    0.9375     0.96875    0.96875
 0.96969697 0.93939394 1.         0.96969697 0.96969697 0.93939394
 0.9375     0.96875    0.96875    0.96875    0.90909091 0.96969697
 0.96969697 0.93939394 0.93939394 0.93939394 0.9375     1.
 1.         1.         0.96969697 0.96969697 1.         1.
 0.90909091 1.         0.9375     0.96875    0.96875    1.
 1.         0.93939394 0.93939394 0.96969697 0.96969697 0.96969697
 0.96875    0.9375     0.96875    1.         0.93939394 1.
 0.96969697 0.96969697 0.81818182 0.96969697 1.         1.
 0.96875    0.90625    1.         1.         1.         0.93939394
 0.90909091 1.         1.         0.96875    1.         0.875
 1.         0.96969697 0.93939394 0.96969697 0.96969697 0.96969697
 1.         0.9375     1.         0.96875   ]
Mean accuracy: 0.9647632575757575
Dev: 0.031335195792908895


XGB_RF Cross-Validation Results accuracy:
 [1.         0.90909091 1.         0.95454545 1.         0.95454545
 0.95238095 1.         0.9047619  1.         1.         0.95454545
 1.         0.90909091 0.95454545 1.         1.         1.
 0.95238095 0.95238095 0.95454545 1.         0.90909091 1.
 0.95454545 1.         0.95238095 0.95238095 1.         0.9047619
 0.90909091 0.95454545 1.         0.86363636 0.90909091 1.
 1.         1.         1.         0.95238095 1.         0.95454545
 0.90909091 1.         1.         1.         0.9047619  0.95238095
 1.         1.         1.         0.95454545 0.95454545 0.95454545
 0.95454545 0.95454545 1.         1.         1.         0.95238095
 1.         0.95454545 0.95454545 1.         0.90909091 1.
 1.         1.         0.95238095 0.95238095 1.         0.95454545
 1.         1.         1.         0.95454545 0.95238095 0.95238095
 0.95238095 0.95238095 1.         0.95454545 0.90909091 0.81818182
 1.         1.         0.95238095 1.         1.         1.
 0.95454545 1.         0.95454545 0.95454545 0.95454545 0.95454545
 1.         1.         1.         0.95238095]
Mean accuracy: 0.9686147186147186
Dev: 0.036094006556086515


XGB_RF_SMOTE Cross-Validation Results accuracy:
 [0.96969697 0.93939394 1.         1.         1.         0.93939394
 0.96875    1.         0.96875    0.96875    1.         0.96969697
 0.93939394 1.         0.96969697 0.96969697 0.96875    1.
 0.96875    0.96875    1.         0.93939394 1.         0.96969697
 1.         1.         0.96875    0.9375     0.9375     1.
 0.96969697 0.96969697 1.         0.96969697 0.96969697 0.93939394
 0.96875    0.96875    0.96875    0.96875    0.96969697 0.96969697
 0.96969697 0.96969697 0.93939394 1.         0.96875    1.
 0.96875    0.96875    0.93939394 1.         1.         0.96969697
 0.96969697 0.96969697 0.96875    0.96875    0.96875    1.
 0.87878788 0.96969697 0.96969697 0.93939394 1.         0.96969697
 0.96875    1.         1.         1.         1.         1.
 1.         1.         0.84848485 0.96969697 0.96875    1.
 0.96875    0.96875    1.         0.96969697 0.96969697 0.93939394
 1.         0.96969697 1.         1.         0.96875    0.9375
 0.96969697 0.93939394 1.         0.96969697 1.         1.
 0.96875    0.96875    0.96875    0.9375    ]
Mean accuracy: 0.9733238636363636
Dev: 0.025732167378358015


XGB_RF_BrdSMOTE Cross-Validation Results accuracy:
 [0.96969697 0.93939394 1.         0.93939394 1.         0.96969697
 0.9375     0.96875    0.9375     1.         1.         0.96969697
 0.96969697 0.96969697 1.         0.96969697 0.96875    1.
 0.96875    1.         1.         0.90909091 0.93939394 0.96969697
 1.         0.96969697 0.96875    0.90625    0.9375     0.96875
 0.96969697 0.96969697 1.         0.90909091 0.96969697 0.93939394
 0.96875    1.         1.         0.96875    1.         0.96969697
 0.93939394 0.96969697 0.93939394 1.         0.96875    1.
 0.9375     0.96875    0.96969697 0.96969697 1.         1.
 0.90909091 0.93939394 0.96875    0.875      1.         0.9375
 0.96969697 0.96969697 0.96969697 0.90909091 1.         0.96969697
 0.96875    1.         0.96875    1.         0.96969697 1.
 1.         0.96969697 0.84848485 0.90909091 0.9375     0.90625
 1.         0.96875    1.         0.96969697 0.96969697 1.
 1.         0.96969697 0.96875    1.         0.96875    0.9375
 1.         0.93939394 1.         0.93939394 1.         1.
 0.96875    0.96875    0.96875    0.96875   ]
Mean accuracy: 0.9677746212121212
Dev: 0.030761929818982688


XGB_RF_GAN Cross-Validation Results accuracy:
 [1.         0.84848485 1.         0.96969697 1.         0.90909091
 0.90625    1.         0.96875    0.9375     1.         0.96969697
 0.93939394 0.93939394 0.93939394 0.96969697 0.96875    1.
 0.96875    1.         1.         0.96969697 0.96969697 0.96969697
 1.         0.93939394 0.96875    0.90625    0.90625    0.9375
 0.96969697 0.93939394 1.         0.96969697 0.93939394 0.93939394
 0.9375     1.         0.9375     1.         0.96969697 0.96969697
 0.96969697 0.96969697 0.93939394 0.96969697 1.         1.
 0.96875    0.96875    0.96969697 0.96969697 1.         1.
 0.96969697 0.93939394 0.90625    0.90625    0.96875    1.
 0.96969697 0.93939394 0.96969697 0.93939394 1.         0.96969697
 0.96875    0.9375     0.9375     1.         0.93939394 0.90909091
 1.         0.96969697 0.84848485 0.93939394 0.96875    1.
 1.         1.         1.         0.96969697 0.96969697 0.93939394
 0.93939394 0.96969697 0.96875    1.         0.9375     0.9375
 0.96969697 0.90909091 0.96969697 0.96969697 0.96969697 0.96969697
 1.         0.9375     0.96875    0.96875   ]
Mean accuracy: 0.9626041666666666
Dev: 0.03201415764091054


