LR_RUS_1 Cross-Validation Results accuracy:
 [1.         0.81818182 0.81818182 0.93939394 0.87878788 0.96969697
 0.9375     0.9375     0.84375    0.96875    0.93939394 0.84848485
 0.96969697 0.90909091 1.         0.93939394 0.875      0.84375
 0.9375     0.9375     1.         0.93939394 0.96969697 0.93939394
 0.90909091 0.90909091 0.8125     0.875      0.8125     0.90625
 0.90909091 0.90909091 0.96969697 0.84848485 0.84848485 0.96969697
 0.9375     0.9375     0.9375     0.84375    0.96969697 0.84848485
 0.90909091 0.93939394 0.93939394 0.90909091 0.96875    0.9375
 0.90625    0.875      0.93939394 0.87878788 0.90909091 0.93939394
 0.75757576 0.87878788 1.         0.9375     0.875      0.8125
 0.87878788 0.90909091 0.93939394 0.96969697 0.96969697 0.87878788
 0.9375     0.875      0.9375     0.84375    0.90909091 0.84848485
 0.96969697 0.93939394 0.87878788 0.87878788 0.9375     0.96875
 0.875      0.84375    0.90909091 0.87878788 0.87878788 0.90909091
 0.90909091 0.90909091 0.96875    0.96875    0.875      0.96875
 0.93939394 0.87878788 0.87878788 1.         0.90909091 0.84848485
 0.875      0.90625    1.         0.96875   ]
Mean accuracy: 0.9119412878787879
Dev: 0.05076755594301117


LR_RUS_2 Cross-Validation Results accuracy:
 [0.96969697 0.90909091 0.93939394 0.90909091 0.84848485 0.96969697
 0.84375    0.96875    0.90625    0.90625    0.90909091 0.90909091
 0.90909091 0.93939394 0.96969697 0.93939394 0.875      0.90625
 0.96875    0.875      0.96969697 0.87878788 0.96969697 0.93939394
 0.81818182 0.96969697 0.84375    0.875      0.875      0.9375
 0.93939394 0.87878788 0.84848485 0.87878788 0.87878788 0.96969697
 0.9375     0.9375     1.         0.90625    0.93939394 0.90909091
 0.90909091 0.90909091 0.90909091 0.93939394 0.9375     0.9375
 0.96875    0.9375     0.96969697 0.93939394 0.90909091 0.93939394
 0.93939394 0.90909091 0.9375     0.875      0.875      0.90625
 0.93939394 0.87878788 0.87878788 0.93939394 0.90909091 0.96969697
 0.9375     0.8125     1.         0.9375     0.93939394 0.90909091
 0.84848485 0.87878788 0.96969697 0.87878788 0.9375     0.96875
 1.         0.84375    0.90909091 0.84848485 0.93939394 0.93939394
 0.90909091 0.96969697 0.96875    0.9375     0.84375    0.9375
 0.81818182 0.96969697 0.90909091 0.84848485 0.90909091 0.93939394
 0.875      0.875      0.96875    0.90625   ]
Mean accuracy: 0.9171780303030304
Dev: 0.04313432312951183


LR_RUS_3 Cross-Validation Results accuracy:
 [0.96969697 0.87878788 0.96969697 0.90909091 0.84848485 0.93939394
 0.9375     0.9375     0.9375     0.9375     0.93939394 0.87878788
 0.90909091 0.93939394 0.96969697 0.90909091 0.90625    0.9375
 0.84375    0.9375     0.93939394 0.96969697 0.93939394 0.90909091
 0.90909091 0.93939394 0.90625    0.875      0.90625    0.9375
 0.96969697 0.90909091 0.93939394 0.84848485 0.90909091 0.90909091
 0.96875    0.96875    0.9375     0.90625    0.93939394 0.90909091
 0.84848485 0.96969697 0.93939394 0.93939394 0.9375     0.90625
 0.96875    0.875      0.87878788 0.96969697 0.87878788 0.96969697
 0.93939394 0.93939394 0.9375     0.84375    0.9375     0.96875
 0.93939394 0.96969697 0.87878788 0.84848485 0.84848485 1.
 0.9375     0.9375     0.96875    0.875      0.90909091 0.87878788
 0.90909091 0.90909091 0.93939394 0.90909091 0.96875    0.90625
 0.84375    0.96875    0.90909091 1.         0.90909091 1.
 0.90909091 0.93939394 0.875      0.90625    0.8125     0.9375
 0.90909091 0.93939394 0.93939394 0.87878788 0.87878788 0.90909091
 0.90625    0.875      0.9375     0.96875   ]
Mean accuracy: 0.9211458333333334
Dev: 0.039145224618000476


LR_RUS_4 Cross-Validation Results accuracy:
 [0.90909091 0.84848485 0.90909091 0.96969697 0.84848485 0.96969697
 0.875      0.96875    0.9375     0.90625    0.87878788 0.84848485
 0.93939394 0.96969697 0.87878788 0.90909091 0.9375     0.9375
 0.96875    0.9375     0.96969697 0.96969697 0.87878788 0.81818182
 0.90909091 0.93939394 0.9375     0.875      0.875      0.9375
 0.87878788 0.84848485 0.93939394 0.90909091 0.81818182 0.96969697
 0.96875    0.9375     1.         0.90625    0.93939394 0.90909091
 0.84848485 0.93939394 0.87878788 0.90909091 0.875      0.9375
 0.90625    0.90625    1.         0.93939394 0.90909091 0.93939394
 0.93939394 0.96969697 0.84375    0.84375    0.90625    0.84375
 0.90909091 0.90909091 0.90909091 0.96969697 0.84848485 0.90909091
 0.96875    0.875      0.9375     1.         0.84848485 0.96969697
 0.93939394 0.96969697 0.96969697 0.78787879 0.875      0.9375
 0.84375    0.96875    0.96969697 1.         0.90909091 0.96969697
 0.93939394 0.87878788 0.875      0.9375     0.8125     0.90625
 0.87878788 0.90909091 0.90909091 0.96969697 0.84848485 0.87878788
 0.90625    0.9375     0.9375     0.90625   ]
Mean accuracy: 0.9144223484848485
Dev: 0.04708175915083404


LR_RUS_5 Cross-Validation Results accuracy:
 [0.90909091 0.90909091 0.93939394 0.93939394 0.90909091 0.93939394
 0.84375    0.96875    0.875      0.96875    0.90909091 0.90909091
 0.87878788 0.87878788 0.93939394 1.         0.96875    0.875
 0.9375     0.90625    0.90909091 0.93939394 0.87878788 0.96969697
 0.81818182 1.         0.875      0.9375     0.84375    0.90625
 0.96969697 1.         0.90909091 0.81818182 0.87878788 0.90909091
 0.9375     0.90625    0.9375     0.875      0.90909091 0.96969697
 0.81818182 0.96969697 0.90909091 0.87878788 0.96875    0.875
 0.96875    0.90625    0.96969697 1.         0.84848485 0.90909091
 0.96969697 0.90909091 0.96875    0.84375    0.875      0.9375
 0.90909091 0.90909091 0.87878788 0.90909091 0.87878788 0.93939394
 0.875      0.90625    1.         0.9375     0.87878788 0.96969697
 0.90909091 0.93939394 0.87878788 0.90909091 0.9375     0.90625
 0.96875    0.9375     0.90909091 0.93939394 0.87878788 0.93939394
 0.96969697 0.96969697 0.9375     0.875      0.78125    0.90625
 0.93939394 0.93939394 0.96969697 0.90909091 0.90909091 0.87878788
 0.90625    0.875      0.875      0.96875   ]
Mean accuracy: 0.9168181818181819
Dev: 0.04442140271630047


LR_RUS_6 Cross-Validation Results accuracy:
 [0.96969697 0.90909091 0.93939394 0.93939394 0.90909091 0.96969697
 0.9375     0.9375     0.8125     0.9375     0.87878788 0.84848485
 0.87878788 0.90909091 1.         0.96969697 0.9375     0.9375
 0.90625    0.9375     0.93939394 0.87878788 0.96969697 0.93939394
 0.93939394 0.93939394 0.90625    0.875      0.875      0.90625
 0.93939394 0.93939394 0.96969697 0.93939394 0.87878788 0.93939394
 0.90625    0.9375     0.96875    0.875      0.90909091 0.96969697
 0.81818182 0.96969697 0.90909091 0.87878788 0.9375     0.96875
 0.9375     0.90625    1.         0.78787879 0.87878788 0.93939394
 0.90909091 1.         0.90625    0.9375     0.96875    0.90625
 0.96969697 0.90909091 0.93939394 1.         0.84848485 0.81818182
 0.875      0.90625    0.96875    0.90625    0.90909091 0.96969697
 0.96969697 0.96969697 0.93939394 0.81818182 0.90625    0.9375
 0.875      0.96875    0.93939394 0.93939394 0.96969697 0.90909091
 0.87878788 0.96969697 0.9375     0.96875    0.84375    0.96875
 0.93939394 0.93939394 0.87878788 0.90909091 0.90909091 0.87878788
 0.90625    0.9375     0.96875    1.        ]
Mean accuracy: 0.9236174242424242
Dev: 0.04440070583323468


LR_RUS_7 Cross-Validation Results accuracy:
 [0.93939394 0.87878788 0.87878788 1.         0.87878788 0.96969697
 0.875      0.96875    0.875      0.90625    0.87878788 0.87878788
 1.         0.90909091 0.93939394 0.96969697 0.9375     0.9375
 0.90625    0.9375     0.93939394 0.93939394 0.90909091 0.93939394
 0.93939394 0.87878788 0.84375    0.90625    0.9375     0.875
 0.90909091 0.93939394 0.93939394 0.90909091 0.90909091 1.
 0.90625    0.84375    0.96875    0.84375    0.90909091 0.90909091
 0.87878788 1.         0.90909091 1.         0.90625    0.875
 0.875      0.90625    0.96969697 0.87878788 0.90909091 0.93939394
 0.96969697 0.90909091 0.875      0.90625    0.9375     0.90625
 0.90909091 0.93939394 0.90909091 0.96969697 0.96969697 0.93939394
 0.90625    0.875      0.9375     0.90625    0.87878788 0.96969697
 0.84848485 0.93939394 0.96969697 0.84848485 0.90625    0.90625
 0.9375     0.90625    0.96969697 0.90909091 0.84848485 0.93939394
 0.90909091 0.93939394 0.9375     0.96875    0.9375     0.90625
 0.90909091 1.         0.87878788 0.84848485 0.90909091 0.90909091
 0.875      0.9375     0.96875    0.9375    ]
Mean accuracy: 0.9192140151515151
Dev: 0.03930156870624936


LR_RUS_8 Cross-Validation Results accuracy:
 [0.87878788 0.81818182 0.96969697 0.90909091 0.87878788 0.96969697
 0.875      0.9375     0.9375     0.9375     0.90909091 0.81818182
 0.90909091 0.90909091 0.87878788 0.96969697 0.875      0.9375
 0.9375     0.96875    1.         0.96969697 1.         0.90909091
 0.87878788 0.96969697 0.90625    0.8125     0.8125     0.96875
 0.87878788 0.96969697 0.87878788 0.87878788 0.87878788 0.93939394
 0.9375     0.875      0.96875    0.90625    0.87878788 0.93939394
 0.87878788 0.93939394 0.93939394 0.81818182 0.90625    0.90625
 0.9375     0.9375     0.90909091 0.96969697 0.87878788 0.90909091
 0.87878788 1.         0.9375     0.90625    0.875      0.84375
 0.84848485 0.90909091 0.84848485 0.90909091 0.96969697 0.93939394
 0.90625    0.84375    1.         0.9375     0.90909091 0.93939394
 0.93939394 0.90909091 0.93939394 0.84848485 0.875      0.9375
 0.90625    0.9375     0.87878788 0.93939394 0.90909091 0.93939394
 0.90909091 0.90909091 0.84375    0.96875    0.875      0.9375
 0.84848485 0.93939394 1.         0.90909091 0.90909091 0.90909091
 0.78125    0.90625    0.875      1.        ]
Mean accuracy: 0.9119318181818181
Dev: 0.046949836954803634


LR_RUS_9 Cross-Validation Results accuracy:
 [0.93939394 0.93939394 0.81818182 0.90909091 0.93939394 0.93939394
 0.875      0.96875    0.875      0.9375     0.81818182 0.93939394
 0.93939394 0.84848485 0.90909091 0.93939394 0.9375     0.9375
 0.9375     1.         0.93939394 0.81818182 0.93939394 0.87878788
 0.81818182 0.96969697 0.90625    0.875      0.9375     0.90625
 0.90909091 0.90909091 0.81818182 0.93939394 0.90909091 0.96969697
 0.90625    0.875      0.96875    0.90625    0.93939394 0.84848485
 0.84848485 0.96969697 0.93939394 0.90909091 0.90625    0.9375
 0.9375     0.90625    0.90909091 0.81818182 0.90909091 0.96969697
 0.93939394 1.         0.90625    0.90625    0.84375    0.90625
 0.93939394 0.90909091 0.93939394 0.90909091 0.81818182 0.90909091
 0.9375     0.875      1.         0.90625    0.87878788 0.90909091
 0.93939394 0.75757576 0.96969697 0.84848485 0.9375     0.96875
 0.96875    0.90625    0.87878788 0.93939394 0.93939394 0.84848485
 0.84848485 0.93939394 0.96875    0.90625    0.90625    0.9375
 0.90909091 0.90909091 0.84848485 0.81818182 0.90909091 0.81818182
 0.9375     0.96875    1.         1.        ]
Mean accuracy: 0.9115530303030304
Dev: 0.04926973310351729


LR_RUS_10 Cross-Validation Results accuracy:
 [0.93939394 0.90909091 0.96969697 0.96969697 0.90909091 0.90909091
 0.875      0.90625    0.90625    0.90625    0.90909091 0.93939394
 0.84848485 0.96969697 0.90909091 0.90909091 0.90625    0.9375
 0.9375     0.96875    1.         0.90909091 0.96969697 0.87878788
 0.84848485 1.         0.9375     0.875      0.90625    0.875
 0.90909091 0.93939394 1.         0.93939394 0.81818182 0.90909091
 1.         0.875      0.9375     0.875      0.90909091 0.93939394
 0.87878788 0.93939394 0.84848485 0.90909091 0.96875    0.9375
 0.96875    0.90625    0.93939394 0.90909091 0.93939394 0.87878788
 1.         0.93939394 0.90625    0.875      0.875      0.875
 0.96969697 0.84848485 0.87878788 0.96969697 0.90909091 0.90909091
 0.875      0.875      1.         0.96875    0.87878788 0.93939394
 1.         0.90909091 0.90909091 0.90909091 0.90625    0.9375
 0.90625    0.9375     0.93939394 0.90909091 0.96969697 0.93939394
 0.93939394 1.         0.90625    0.84375    0.78125    0.96875
 0.87878788 0.90909091 0.96969697 1.         0.87878788 0.93939394
 0.875      0.75       1.         0.90625   ]
Mean accuracy: 0.9192045454545453
Dev: 0.04756915999660252


LR_NM Cross-Validation Results accuracy:
 [0.93939394 0.90909091 0.96969697 0.96969697 0.96969697 0.90909091
 0.90625    0.96875    0.96875    0.875      0.96969697 0.90909091
 0.93939394 0.93939394 0.96969697 0.87878788 0.9375     1.
 0.9375     1.         1.         1.         0.96969697 0.87878788
 0.90909091 0.90909091 0.9375     0.90625    0.9375     0.9375
 0.93939394 0.96969697 1.         0.93939394 0.93939394 0.93939394
 0.90625    0.90625    0.9375     1.         0.93939394 0.87878788
 0.96969697 0.90909091 0.93939394 0.87878788 0.96875    1.
 0.96875    0.96875    0.90909091 0.93939394 0.93939394 0.96969697
 0.96969697 0.93939394 0.90625    0.96875    0.9375     1.
 0.96969697 0.93939394 0.93939394 0.96969697 0.87878788 0.96969697
 0.9375     0.9375     0.9375     0.96875    0.96969697 0.87878788
 0.96969697 0.96969697 0.81818182 1.         0.9375     1.
 0.9375     0.96875    0.90909091 0.90909091 0.93939394 0.96969697
 0.96969697 1.         0.9375     1.         0.875      0.90625
 0.93939394 0.93939394 1.         0.96969697 0.93939394 1.
 0.90625    0.875      0.90625    0.90625   ]
Mean accuracy: 0.943248106060606
Dev: 0.03763612017401309


DT_RUS_1 Cross-Validation Results accuracy:
 [1.         0.96969697 0.96969697 1.         1.         1.
 0.96875    1.         0.9375     1.         0.96969697 0.96969697
 0.96969697 1.         1.         1.         0.9375     0.9375
 1.         0.96875    0.93939394 0.96969697 1.         1.
 0.96969697 0.96969697 0.96875    1.         0.96875    1.
 0.93939394 0.96969697 1.         0.96969697 0.90909091 0.96969697
 1.         1.         1.         0.96875    1.         0.93939394
 0.96969697 0.96969697 1.         0.96969697 1.         1.
 0.96875    0.96875    0.96969697 0.96969697 1.         1.
 0.96969697 0.96969697 0.96875    1.         1.         0.9375
 0.96969697 0.96969697 0.96969697 1.         1.         0.90909091
 0.9375     1.         1.         0.96875    1.         0.93939394
 1.         1.         1.         1.         1.         0.96875
 0.9375     0.875      1.         0.96969697 0.93939394 1.
 0.93939394 1.         0.96875    0.9375     0.9375     1.
 0.96969697 0.93939394 0.93939394 0.93939394 0.96969697 1.
 1.         0.9375     1.         1.        ]
Mean accuracy: 0.9751420454545454
Dev: 0.026712729443886602


DT_RUS_2 Cross-Validation Results accuracy:
 [1.         0.96969697 1.         0.96969697 0.93939394 1.
 0.96875    0.96875    1.         0.9375     1.         0.93939394
 1.         1.         1.         0.96969697 0.9375     0.9375
 1.         1.         1.         0.96969697 0.96969697 1.
 0.96969697 0.96969697 0.9375     1.         0.9375     1.
 0.96969697 0.90909091 0.96969697 0.96969697 0.96969697 0.96969697
 0.96875    1.         0.96875    1.         1.         0.96969697
 0.96969697 0.96969697 0.96969697 1.         1.         0.96875
 0.9375     1.         1.         1.         0.93939394 0.96969697
 1.         0.96969697 0.90625    0.9375     1.         1.
 1.         0.93939394 0.90909091 0.96969697 1.         1.
 0.9375     1.         1.         0.96875    1.         1.
 0.96969697 1.         1.         0.96969697 1.         1.
 0.9375     0.90625    1.         1.         0.96969697 0.96969697
 0.96969697 0.93939394 0.96875    1.         0.96875    0.96875
 0.93939394 0.93939394 0.96969697 0.96969697 1.         1.
 1.         0.9375     1.         0.96875   ]
Mean accuracy: 0.974810606060606
Dev: 0.02628143751318432


DT_RUS_3 Cross-Validation Results accuracy:
 [0.96969697 0.96969697 1.         0.96969697 0.96969697 0.96969697
 0.96875    0.96875    1.         1.         0.96969697 1.
 0.96969697 1.         1.         1.         0.9375     0.96875
 0.96875    1.         1.         1.         1.         0.96969697
 0.93939394 0.96969697 0.96875    1.         0.96875    1.
 1.         1.         1.         0.96969697 0.93939394 0.90909091
 1.         1.         1.         1.         0.93939394 0.93939394
 0.93939394 1.         1.         1.         0.96875    1.
 1.         1.         0.90909091 1.         1.         0.96969697
 1.         0.96969697 0.96875    1.         1.         0.96875
 0.96969697 0.93939394 1.         1.         1.         1.
 0.96875    1.         0.96875    0.9375     1.         0.90909091
 1.         0.96969697 0.96969697 0.96969697 1.         0.96875
 0.96875    0.96875    0.96969697 0.90909091 0.96969697 1.
 0.96969697 0.96969697 1.         0.96875    0.9375     1.
 0.93939394 1.         0.96969697 1.         0.96969697 1.
 0.96875    0.96875    1.         0.96875   ]
Mean accuracy: 0.9779545454545453
Dev: 0.02442707553216672


DT_RUS_4 Cross-Validation Results accuracy:
 [1.         0.96969697 1.         1.         0.93939394 0.93939394
 0.90625    0.9375     0.96875    0.96875    0.93939394 0.90909091
 1.         0.96969697 0.96969697 0.96969697 0.9375     0.96875
 1.         0.96875    0.90909091 0.96969697 1.         0.96969697
 1.         1.         0.9375     0.9375     0.96875    0.96875
 0.93939394 0.93939394 0.96969697 0.93939394 0.93939394 0.96969697
 1.         1.         1.         0.96875    0.96969697 1.
 0.93939394 1.         0.96969697 0.93939394 0.9375     1.
 0.9375     0.96875    1.         1.         0.96969697 1.
 0.96969697 0.96969697 0.875      0.9375     0.9375     1.
 0.93939394 0.93939394 0.96969697 1.         0.90909091 0.96969697
 0.9375     0.96875    1.         1.         1.         0.96969697
 0.96969697 1.         1.         0.93939394 0.96875    0.96875
 0.9375     0.96875    0.93939394 1.         0.96969697 1.
 0.96969697 0.87878788 0.90625    1.         0.90625    1.
 0.93939394 0.93939394 0.96969697 1.         0.96969697 1.
 0.96875    1.         0.96875    0.9375    ]
Mean accuracy: 0.9652935606060606
Dev: 0.03033892730589389


DT_RUS_5 Cross-Validation Results accuracy:
 [1.         0.96969697 1.         1.         0.96969697 0.96969697
 0.96875    1.         0.9375     0.96875    0.96969697 0.96969697
 1.         0.96969697 0.96969697 0.96969697 0.96875    1.
 0.96875    0.96875    0.96969697 1.         1.         1.
 0.93939394 0.96969697 0.90625    1.         1.         0.96875
 0.96969697 0.96969697 1.         0.96969697 0.93939394 0.93939394
 1.         1.         1.         1.         1.         0.96969697
 0.93939394 1.         0.93939394 1.         0.96875    1.
 1.         1.         1.         0.96969697 1.         1.
 1.         0.93939394 0.96875    0.96875    0.96875    0.96875
 1.         0.90909091 1.         1.         0.96969697 0.96969697
 0.96875    1.         1.         0.96875    1.         0.96969697
 0.96969697 0.90909091 1.         1.         1.         0.90625
 0.96875    0.9375     0.96969697 0.96969697 0.93939394 1.
 1.         0.96969697 1.         0.96875    0.9375     0.96875
 0.93939394 0.96969697 1.         1.         0.90909091 0.96969697
 1.         1.         1.         1.        ]
Mean accuracy: 0.976401515151515
Dev: 0.025583146574636204


DT_RUS_6 Cross-Validation Results accuracy:
 [0.96969697 0.96969697 0.90909091 0.96969697 1.         1.
 0.9375     0.9375     0.96875    0.96875    0.96969697 0.93939394
 0.93939394 1.         0.96969697 0.93939394 0.96875    0.9375
 0.9375     1.         1.         1.         1.         0.96969697
 0.96969697 0.93939394 0.90625    0.96875    1.         0.96875
 1.         0.96969697 0.96969697 0.96969697 0.90909091 1.
 0.96875    0.96875    0.96875    0.9375     1.         0.96969697
 0.90909091 0.96969697 1.         0.96969697 0.96875    0.9375
 0.96875    1.         1.         0.84848485 0.96969697 0.93939394
 0.93939394 1.         0.90625    1.         1.         1.
 0.96969697 0.93939394 1.         1.         0.90909091 0.87878788
 0.9375     0.9375     1.         1.         0.93939394 0.96969697
 0.96969697 1.         0.93939394 1.         1.         1.
 0.90625    0.96875    0.93939394 1.         0.84848485 0.90909091
 0.93939394 1.         0.96875    1.         1.         1.
 0.96969697 1.         0.96969697 0.96969697 0.90909091 0.96969697
 0.96875    1.         0.96875    1.        ]
Mean accuracy: 0.9650852272727272
Dev: 0.03453484493469867


DT_RUS_7 Cross-Validation Results accuracy:
 [1.         0.96969697 0.90909091 0.96969697 1.         0.96969697
 0.9375     1.         1.         0.96875    0.93939394 0.87878788
 0.93939394 1.         0.96969697 1.         0.9375     1.
 1.         1.         1.         1.         0.93939394 1.
 0.96969697 0.96969697 0.875      1.         0.96875    0.9375
 1.         1.         0.96969697 0.96969697 0.93939394 0.96969697
 0.96875    0.96875    1.         0.96875    0.96969697 1.
 0.90909091 1.         1.         1.         0.96875    0.96875
 0.9375     1.         0.96969697 1.         0.96969697 1.
 1.         1.         0.875      0.96875    1.         0.96875
 0.96969697 0.87878788 0.96969697 1.         1.         1.
 0.96875    0.9375     0.9375     1.         1.         1.
 0.93939394 1.         0.96969697 0.93939394 1.         1.
 0.96875    0.96875    0.96969697 1.         0.87878788 1.
 1.         0.96969697 1.         1.         0.9375     0.9375
 0.96969697 1.         0.93939394 1.         0.96969697 0.96969697
 0.96875    0.9375     1.         0.9375    ]
Mean accuracy: 0.9714299242424242
Dev: 0.03256778856676097


DT_RUS_8 Cross-Validation Results accuracy:
 [0.96969697 0.90909091 0.96969697 0.96969697 1.         1.
 0.96875    1.         0.96875    1.         1.         0.93939394
 0.96969697 0.96969697 1.         1.         0.96875    1.
 1.         1.         1.         1.         1.         0.96969697
 1.         0.96969697 0.9375     0.96875    0.90625    0.9375
 1.         0.96969697 0.96969697 0.96969697 0.93939394 1.
 0.96875    1.         1.         1.         1.         1.
 0.93939394 1.         0.96969697 0.96969697 0.96875    1.
 1.         1.         1.         0.96969697 0.93939394 1.
 0.96969697 0.96969697 0.9375     0.96875    1.         1.
 0.96969697 0.96969697 1.         1.         1.         1.
 0.9375     0.96875    1.         0.90625    1.         0.96969697
 1.         0.96969697 0.96969697 1.         1.         1.
 0.9375     0.96875    0.93939394 1.         0.93939394 1.
 1.         0.96969697 0.9375     0.96875    0.96875    0.96875
 0.87878788 1.         1.         0.96969697 1.         0.96969697
 0.96875    1.         0.96875    1.        ]
Mean accuracy: 0.9772727272727272
Dev: 0.026296446512286662


DT_RUS_9 Cross-Validation Results accuracy:
 [0.93939394 0.96969697 0.93939394 0.96969697 1.         0.96969697
 0.90625    1.         1.         1.         0.96969697 1.
 0.90909091 0.96969697 1.         0.93939394 0.96875    0.96875
 1.         1.         1.         0.96969697 1.         0.96969697
 0.90909091 0.93939394 0.9375     0.9375     1.         1.
 1.         1.         0.96969697 0.96969697 0.93939394 1.
 0.96875    0.90625    0.96875    0.90625    1.         0.96969697
 0.93939394 1.         0.93939394 1.         1.         1.
 0.875      0.9375     0.93939394 0.93939394 1.         1.
 1.         1.         0.96875    0.9375     0.96875    0.90625
 1.         0.96969697 1.         1.         0.93939394 0.96969697
 0.96875    1.         1.         0.9375     1.         1.
 1.         0.90909091 1.         0.96969697 1.         0.96875
 0.9375     0.9375     1.         0.96969697 0.96969697 1.
 1.         0.96969697 1.         0.96875    0.96875    0.96875
 0.93939394 0.96969697 1.         0.96969697 0.96969697 0.93939394
 0.96875    1.         1.         1.        ]
Mean accuracy: 0.9711174242424242
Dev: 0.030453432391464308


DT_RUS_10 Cross-Validation Results accuracy:
 [0.96969697 0.96969697 1.         0.96969697 0.96969697 1.
 0.90625    0.96875    0.9375     0.96875    0.90909091 1.
 0.93939394 0.96969697 0.96969697 0.96969697 0.9375     1.
 1.         0.96875    1.         0.96969697 0.96969697 0.96969697
 0.93939394 0.96969697 0.96875    0.96875    1.         0.96875
 1.         0.96969697 0.96969697 0.96969697 0.93939394 1.
 1.         0.96875    0.96875    0.96875    0.93939394 0.96969697
 0.96969697 1.         0.93939394 1.         0.96875    0.90625
 1.         1.         0.96969697 0.93939394 0.96969697 0.93939394
 1.         0.96969697 0.96875    0.96875    1.         0.9375
 0.96969697 0.96969697 0.96969697 1.         0.96969697 0.96969697
 0.96875    0.96875    0.96875    1.         0.96969697 0.90909091
 0.96969697 0.96969697 0.96969697 1.         1.         0.96875
 0.96875    0.9375     1.         0.93939394 0.93939394 0.96969697
 0.96969697 1.         1.         0.90625    0.96875    1.
 0.90909091 0.96969697 0.96969697 1.         0.96969697 1.
 0.96875    0.96875    0.96875    0.96875   ]
Mean accuracy: 0.9696306818181817
Dev: 0.024372378585111574


DT_NM Cross-Validation Results accuracy:
 [1.         0.96969697 1.         1.         0.96969697 1.
 1.         1.         0.96875    0.96875    1.         0.96969697
 1.         1.         1.         0.93939394 0.96875    1.
 1.         1.         1.         1.         1.         0.96969697
 1.         1.         1.         0.90625    1.         1.
 0.96969697 1.         1.         0.96969697 1.         0.96969697
 1.         0.96875    1.         1.         1.         0.96969697
 1.         1.         1.         0.96969697 1.         1.
 0.96875    0.96875    0.93939394 1.         1.         1.
 1.         1.         0.96875    0.96875    1.         1.
 1.         1.         0.96969697 1.         0.93939394 0.96969697
 1.         1.         1.         1.         1.         0.96969697
 1.         1.         0.93939394 1.         1.         1.
 1.         0.96875    1.         1.         1.         1.
 1.         1.         0.96875    1.         0.96875    0.9375
 0.96969697 0.96969697 1.         0.96969697 1.         1.
 1.         1.         1.         0.96875   ]
Mean accuracy: 0.9877178030303031
Dev: 0.01944101573264478


RF_RUS_1 Cross-Validation Results accuracy:
 [0.96969697 0.96969697 1.         1.         1.         1.
 0.9375     1.         0.96875    1.         1.         1.
 1.         1.         0.93939394 1.         0.9375     0.96875
 1.         0.96875    0.96969697 0.93939394 1.         1.
 0.87878788 0.96969697 0.96875    1.         0.96875    1.
 0.93939394 0.96969697 1.         0.96969697 0.93939394 1.
 1.         1.         1.         0.96875    0.96969697 0.96969697
 0.96969697 0.96969697 0.96969697 0.96969697 0.96875    1.
 1.         0.96875    0.96969697 1.         1.         1.
 0.96969697 0.96969697 0.96875    1.         1.         1.
 1.         1.         0.96969697 0.96969697 1.         1.
 0.96875    0.96875    1.         0.96875    1.         0.93939394
 1.         1.         1.         1.         0.96875    0.96875
 0.96875    0.875      0.96969697 1.         0.96969697 0.96969697
 1.         0.96969697 0.96875    1.         0.9375     1.
 0.96969697 0.93939394 0.96969697 1.         0.96969697 1.
 0.9375     1.         1.         1.        ]
Mean accuracy: 0.9791287878787878
Dev: 0.024916613689284633


RF_RUS_2 Cross-Validation Results accuracy:
 [1.         0.96969697 1.         1.         0.93939394 1.
 0.96875    0.96875    0.96875    0.96875    1.         0.93939394
 1.         1.         1.         0.96969697 0.9375     0.96875
 0.96875    1.         1.         0.96969697 0.96969697 0.96969697
 1.         0.96969697 0.96875    1.         0.96875    0.96875
 1.         1.         0.96969697 0.96969697 0.93939394 0.96969697
 0.96875    1.         1.         0.96875    0.93939394 0.93939394
 0.96969697 0.96969697 0.96969697 1.         1.         0.96875
 0.9375     1.         1.         1.         1.         0.96969697
 1.         0.96969697 0.9375     0.90625    1.         0.96875
 1.         0.96969697 0.96969697 0.96969697 1.         1.
 0.9375     1.         1.         1.         1.         0.96969697
 0.96969697 1.         0.96969697 0.93939394 1.         0.96875
 0.96875    0.90625    0.96969697 0.96969697 0.96969697 1.
 0.96969697 0.93939394 1.         1.         0.9375     0.96875
 0.93939394 1.         0.96969697 0.96969697 1.         1.
 0.96875    0.96875    1.         1.        ]
Mean accuracy: 0.9766477272727272
Dev: 0.023111578762342704


RF_RUS_3 Cross-Validation Results accuracy:
 [0.96969697 1.         0.96969697 0.96969697 0.96969697 0.96969697
 0.96875    0.96875    0.9375     1.         0.93939394 1.
 0.96969697 1.         1.         1.         0.96875    0.96875
 0.96875    1.         1.         1.         0.96969697 0.96969697
 0.96969697 0.96969697 0.96875    1.         0.96875    0.96875
 1.         0.96969697 1.         1.         0.96969697 0.90909091
 1.         1.         1.         1.         0.93939394 0.96969697
 0.93939394 1.         1.         1.         1.         1.
 1.         1.         0.90909091 1.         1.         0.96969697
 1.         1.         0.96875    1.         1.         0.9375
 0.93939394 0.96969697 0.96969697 1.         1.         1.
 0.96875    1.         0.96875    0.96875    1.         0.93939394
 1.         1.         1.         0.93939394 1.         0.96875
 0.96875    0.96875    0.93939394 0.96969697 0.96969697 1.
 0.93939394 0.96969697 1.         1.         1.         1.
 0.96969697 0.96969697 0.93939394 1.         0.96969697 0.96969697
 0.96875    1.         1.         1.        ]
Mean accuracy: 0.9795075757575756
Dev: 0.022836511461674914


RF_RUS_4 Cross-Validation Results accuracy:
 [1.         0.96969697 1.         1.         1.         0.96969697
 0.90625    1.         0.96875    1.         1.         0.96969697
 1.         1.         0.96969697 1.         0.9375     1.
 1.         1.         0.96969697 0.96969697 1.         1.
 0.93939394 1.         0.96875    0.96875    1.         1.
 0.90909091 1.         1.         0.93939394 0.93939394 0.96969697
 1.         1.         1.         1.         0.96969697 1.
 0.96969697 1.         1.         0.96969697 0.96875    1.
 0.9375     0.96875    1.         0.93939394 0.96969697 1.
 0.96969697 0.96969697 0.90625    1.         0.96875    1.
 1.         0.96969697 0.96969697 1.         0.93939394 0.96969697
 0.9375     1.         1.         1.         1.         1.
 0.96969697 1.         1.         0.96969697 0.96875    0.9375
 0.9375     0.96875    1.         1.         0.96969697 1.
 0.96969697 0.93939394 1.         1.         0.90625    1.
 0.93939394 0.96969697 1.         1.         0.96969697 1.
 1.         1.         0.96875    0.9375    ]
Mean accuracy: 0.9788068181818181
Dev: 0.026049337713152078


RF_RUS_5 Cross-Validation Results accuracy:
 [1.         0.96969697 1.         1.         1.         0.96969697
 0.96875    1.         0.9375     1.         0.96969697 0.96969697
 1.         1.         0.96969697 1.         0.96875    1.
 0.96875    0.96875    0.96969697 1.         1.         1.
 0.96969697 1.         0.90625    1.         1.         0.96875
 0.96969697 0.96969697 1.         1.         0.93939394 0.96969697
 1.         1.         1.         1.         0.96969697 0.96969697
 0.96969697 1.         0.96969697 1.         0.96875    1.
 1.         1.         1.         1.         1.         1.
 1.         0.96969697 0.96875    0.96875    1.         0.96875
 1.         0.87878788 1.         1.         0.96969697 1.
 0.96875    1.         1.         0.96875    1.         0.96969697
 1.         0.93939394 1.         1.         1.         0.90625
 1.         0.9375     1.         0.93939394 0.96969697 1.
 1.         0.96969697 1.         0.96875    0.9375     0.96875
 0.96969697 0.96969697 1.         1.         0.90909091 0.96969697
 0.9375     1.         1.         1.        ]
Mean accuracy: 0.9809564393939394
Dev: 0.025260812047827288


RF_RUS_6 Cross-Validation Results accuracy:
 [0.96969697 1.         0.96969697 0.96969697 1.         1.
 0.9375     0.96875    1.         0.96875    0.96969697 0.96969697
 1.         1.         0.96969697 0.93939394 0.96875    0.96875
 0.96875    1.         0.96969697 1.         1.         0.93939394
 0.96969697 0.96969697 0.90625    0.96875    1.         0.96875
 1.         0.96969697 0.96969697 1.         0.90909091 1.
 1.         1.         0.96875    0.90625    0.96969697 1.
 0.90909091 1.         1.         0.96969697 0.96875    1.
 1.         1.         1.         0.87878788 0.96969697 0.96969697
 0.93939394 1.         0.96875    1.         1.         1.
 0.96969697 1.         0.96969697 1.         0.96969697 0.87878788
 0.96875    0.96875    1.         1.         0.93939394 0.96969697
 0.96969697 1.         0.93939394 1.         1.         0.96875
 0.96875    0.96875    0.96969697 0.93939394 0.93939394 1.
 0.96969697 1.         1.         1.         0.9375     1.
 0.96969697 0.96969697 1.         0.96969697 0.96969697 1.
 0.96875    1.         0.96875    1.        ]
Mean accuracy: 0.9751988636363638
Dev: 0.027565015897701592


RF_RUS_7 Cross-Validation Results accuracy:
 [1.         1.         0.90909091 1.         0.96969697 0.96969697
 0.96875    1.         1.         0.96875    0.93939394 0.90909091
 0.93939394 1.         0.96969697 1.         0.96875    1.
 0.9375     1.         1.         1.         0.93939394 0.96969697
 0.96969697 0.96969697 0.96875    1.         0.96875    0.96875
 1.         1.         0.96969697 0.96969697 0.93939394 0.96969697
 0.96875    1.         1.         0.96875    0.96969697 0.96969697
 0.93939394 1.         1.         1.         0.96875    0.96875
 1.         1.         0.96969697 1.         1.         1.
 1.         1.         0.875      1.         1.         0.96875
 0.96969697 0.93939394 0.96969697 1.         1.         1.
 0.96875    0.9375     0.96875    1.         1.         1.
 0.90909091 1.         0.93939394 1.         1.         1.
 0.96875    0.96875    1.         0.90909091 0.93939394 1.
 1.         0.96969697 1.         1.         0.9375     0.96875
 0.96969697 1.         1.         1.         0.96969697 0.96969697
 0.96875    0.96875    1.         0.96875   ]
Mean accuracy: 0.9769981060606061
Dev: 0.026825595713250296


RF_RUS_8 Cross-Validation Results accuracy:
 [1.         0.90909091 1.         0.96969697 1.         1.
 0.9375     1.         1.         0.90625    0.96969697 0.90909091
 1.         1.         0.96969697 1.         0.9375     1.
 1.         1.         1.         1.         1.         1.
 1.         0.93939394 0.96875    0.9375     0.9375     1.
 1.         1.         0.96969697 0.96969697 0.96969697 0.96969697
 1.         0.96875    1.         1.         0.96969697 1.
 0.93939394 1.         1.         1.         1.         1.
 0.96875    1.         0.96969697 1.         0.96969697 1.
 1.         0.96969697 0.96875    1.         1.         0.96875
 0.93939394 1.         1.         1.         0.96969697 1.
 0.96875    0.96875    1.         0.96875    1.         0.96969697
 1.         0.96969697 0.96969697 0.96969697 1.         0.96875
 1.         0.9375     0.96969697 1.         0.93939394 1.
 1.         1.         0.90625    0.96875    1.         1.
 0.87878788 1.         1.         1.         1.         1.
 0.9375     1.         0.9375     1.        ]
Mean accuracy: 0.9800189393939394
Dev: 0.027620202019047625


RF_RUS_9 Cross-Validation Results accuracy:
 [0.90909091 1.         0.96969697 0.96969697 1.         0.96969697
 0.90625    0.96875    1.         1.         1.         1.
 0.90909091 0.96969697 0.96969697 0.93939394 0.96875    0.9375
 1.         1.         0.96969697 0.96969697 1.         0.96969697
 0.93939394 0.93939394 0.96875    0.96875    1.         1.
 1.         1.         0.96969697 0.96969697 0.96969697 1.
 0.96875    0.9375     0.96875    0.96875    1.         1.
 0.93939394 1.         0.93939394 0.96969697 0.96875    1.
 0.90625    0.96875    0.93939394 0.96969697 1.         1.
 1.         0.96969697 0.96875    1.         0.96875    0.90625
 0.96969697 0.96969697 1.         0.96969697 0.93939394 0.96969697
 0.96875    0.96875    0.96875    0.9375     1.         1.
 1.         0.93939394 0.96969697 0.96969697 1.         0.9375
 0.9375     0.9375     1.         0.96969697 0.96969697 1.
 1.         0.96969697 1.         0.96875    0.96875    0.96875
 0.90909091 0.93939394 1.         1.         1.         0.96969697
 0.90625    0.96875    1.         1.        ]
Mean accuracy: 0.9714204545454546
Dev: 0.02727318102526573


RF_RUS_10 Cross-Validation Results accuracy:
 [1.         1.         1.         1.         1.         1.
 0.9375     1.         1.         0.96875    0.90909091 1.
 1.         0.96969697 1.         1.         0.9375     1.
 0.96875    1.         1.         1.         0.96969697 1.
 0.93939394 0.96969697 0.96875    1.         1.         0.96875
 1.         1.         0.96969697 1.         0.90909091 1.
 1.         0.96875    0.96875    1.         0.93939394 0.96969697
 0.93939394 1.         0.93939394 1.         0.96875    1.
 1.         1.         1.         1.         1.         0.93939394
 1.         0.96969697 0.96875    1.         1.         1.
 0.96969697 0.96969697 1.         1.         0.96969697 0.96969697
 0.96875    1.         0.96875    1.         0.96969697 0.96969697
 1.         1.         1.         1.         1.         0.96875
 1.         0.96875    0.96969697 0.96969697 0.93939394 1.
 1.         1.         1.         0.90625    1.         1.
 0.93939394 1.         0.96969697 1.         0.96969697 1.
 0.96875    0.96875    0.96875    1.        ]
Mean accuracy: 0.9822159090909091
Dev: 0.02378141650061957


RF_NM Cross-Validation Results accuracy:
 [1.         0.96969697 1.         1.         1.         1.
 1.         1.         0.96875    0.96875    1.         0.96969697
 1.         1.         1.         0.96969697 0.96875    1.
 1.         1.         1.         1.         1.         0.96969697
 1.         1.         1.         0.9375     1.         1.
 1.         1.         1.         0.96969697 1.         0.96969697
 1.         0.96875    1.         1.         1.         0.96969697
 1.         1.         0.93939394 1.         1.         1.
 0.96875    0.96875    0.93939394 1.         1.         1.
 1.         1.         1.         0.96875    1.         1.
 1.         1.         0.96969697 1.         0.96969697 0.96969697
 1.         1.         1.         1.         1.         1.
 1.         1.         0.93939394 1.         1.         1.
 1.         0.96875    1.         1.         1.         1.
 1.         1.         0.96875    1.         1.         0.9375
 0.96969697 1.         1.         0.96969697 1.         1.
 1.         1.         1.         0.96875   ]
Mean accuracy: 0.9901704545454545
Dev: 0.017307425027662377


XGB_RUS_1 Cross-Validation Results accuracy:
 [0.96969697 0.96969697 0.96969697 1.         1.         1.
 0.9375     1.         0.9375     1.         1.         0.93939394
 1.         1.         0.93939394 1.         0.9375     0.96875
 1.         0.9375     1.         0.93939394 1.         1.
 0.96969697 0.96969697 0.96875    1.         0.9375     0.96875
 0.93939394 0.93939394 0.96969697 0.93939394 0.93939394 1.
 1.         1.         1.         0.96875    1.         0.93939394
 0.93939394 1.         0.96969697 0.93939394 0.96875    1.
 1.         0.96875    1.         0.90909091 1.         1.
 0.90909091 0.96969697 0.9375     0.96875    1.         0.9375
 0.93939394 1.         0.93939394 0.96969697 1.         0.87878788
 0.96875    0.96875    1.         0.96875    1.         0.96969697
 1.         1.         1.         0.93939394 0.96875    0.96875
 0.96875    0.875      0.90909091 0.96969697 0.96969697 0.96969697
 0.96969697 0.96969697 0.96875    1.         0.9375     1.
 0.96969697 0.93939394 0.84848485 1.         0.96969697 1.
 0.9375     1.         1.         1.        ]
Mean accuracy: 0.969659090909091
Dev: 0.03191749247289918


XGB_RUS_2 Cross-Validation Results accuracy:
 [0.96969697 0.96969697 1.         1.         0.90909091 1.
 0.96875    0.96875    0.96875    0.96875    1.         0.96969697
 0.96969697 1.         0.96969697 0.96969697 0.9375     0.96875
 1.         1.         1.         0.96969697 0.96969697 0.96969697
 1.         0.96969697 0.84375    1.         0.96875    0.90625
 0.96969697 1.         0.96969697 0.96969697 0.87878788 0.96969697
 0.96875    1.         1.         0.96875    1.         0.96969697
 0.96969697 0.96969697 0.96969697 0.96969697 1.         0.96875
 0.96875    1.         1.         1.         0.93939394 0.96969697
 1.         0.96969697 0.9375     0.9375     1.         1.
 1.         0.90909091 0.90909091 0.96969697 1.         1.
 0.9375     0.90625    1.         0.96875    1.         0.96969697
 0.96969697 1.         1.         0.87878788 1.         1.
 0.96875    0.90625    0.96969697 1.         0.96969697 0.96969697
 0.96969697 0.93939394 1.         1.         0.96875    0.96875
 0.93939394 1.         0.96969697 0.96969697 1.         0.96969697
 0.9375     0.96875    1.         0.96875   ]
Mean accuracy: 0.9711363636363636
Dev: 0.031030704380098577


XGB_RUS_3 Cross-Validation Results accuracy:
 [0.96969697 1.         0.96969697 0.96969697 0.96969697 0.96969697
 0.96875    1.         0.96875    1.         1.         0.96969697
 0.96969697 0.90909091 1.         0.96969697 0.9375     0.96875
 0.96875    0.96875    1.         1.         1.         0.93939394
 0.96969697 0.96969697 0.9375     1.         0.9375     0.96875
 1.         0.96969697 1.         0.96969697 0.96969697 0.90909091
 0.96875    1.         0.96875    0.96875    0.90909091 0.96969697
 0.93939394 1.         1.         1.         0.96875    1.
 1.         0.96875    0.90909091 1.         0.96969697 0.96969697
 1.         1.         0.96875    0.96875    1.         0.96875
 0.93939394 1.         0.93939394 0.93939394 0.96969697 1.
 0.96875    1.         0.9375     0.9375     0.96969697 0.93939394
 1.         0.96969697 0.96969697 0.90909091 1.         0.96875
 0.96875    0.9375     0.93939394 0.90909091 0.96969697 1.
 0.93939394 0.96969697 1.         1.         0.9375     1.
 0.96969697 0.96969697 0.93939394 0.96969697 0.93939394 1.
 0.9375     0.96875    0.96875    0.96875   ]
Mean accuracy: 0.969659090909091
Dev: 0.02607656752215241


XGB_RUS_4 Cross-Validation Results accuracy:
 [1.         0.96969697 1.         1.         0.93939394 0.93939394
 0.90625    0.96875    0.96875    1.         0.96969697 0.90909091
 0.96969697 0.96969697 0.93939394 0.87878788 0.9375     0.96875
 1.         0.96875    0.90909091 0.96969697 1.         1.
 0.96969697 1.         0.9375     0.96875    0.96875    0.9375
 0.90909091 0.93939394 0.96969697 0.93939394 0.90909091 0.96969697
 1.         1.         1.         0.96875    0.93939394 0.96969697
 0.90909091 1.         0.96969697 0.96969697 0.9375     1.
 0.96875    0.96875    1.         0.93939394 0.96969697 1.
 0.96969697 0.96969697 0.875      0.9375     0.9375     1.
 1.         0.93939394 0.93939394 1.         0.90909091 0.93939394
 0.9375     0.96875    0.96875    1.         0.96969697 0.96969697
 0.96969697 1.         1.         0.93939394 0.9375     0.9375
 0.90625    0.96875    0.93939394 1.         0.96969697 1.
 0.93939394 0.87878788 0.96875    1.         0.84375    1.
 0.93939394 0.93939394 0.96969697 1.         0.93939394 1.
 0.96875    1.         0.96875    0.90625   ]
Mean accuracy: 0.9607291666666665
Dev: 0.034231469224661186


XGB_RUS_5 Cross-Validation Results accuracy:
 [1.         0.96969697 1.         1.         0.96969697 0.90909091
 0.96875    1.         0.9375     1.         0.96969697 0.93939394
 1.         0.96969697 0.93939394 0.96969697 0.96875    1.
 1.         0.96875    0.90909091 1.         1.         1.
 0.96969697 1.         0.90625    1.         1.         0.9375
 0.96969697 0.96969697 1.         1.         0.90909091 0.93939394
 1.         1.         1.         0.96875    0.96969697 0.93939394
 0.93939394 1.         0.96969697 1.         0.96875    0.96875
 1.         1.         1.         0.96969697 1.         1.
 0.96969697 0.93939394 0.96875    0.9375     0.96875    0.96875
 1.         0.90909091 0.96969697 1.         0.96969697 1.
 0.9375     1.         1.         0.96875    1.         0.96969697
 1.         0.93939394 1.         0.96969697 1.         0.90625
 0.96875    0.9375     0.93939394 0.96969697 0.96969697 1.
 1.         0.96969697 1.         0.96875    0.875      0.96875
 0.96969697 0.96969697 1.         1.         0.87878788 0.96969697
 0.96875    1.         1.         1.        ]
Mean accuracy: 0.9730113636363638
Dev: 0.030150390901455323


XGB_RUS_6 Cross-Validation Results accuracy:
 [1.         0.96969697 0.93939394 0.96969697 1.         1.
 0.90625    0.96875    0.96875    0.96875    0.93939394 0.87878788
 1.         1.         0.96969697 0.93939394 0.96875    0.96875
 0.9375     1.         1.         1.         1.         0.93939394
 0.93939394 0.93939394 0.90625    1.         1.         0.9375
 0.90909091 0.96969697 0.96969697 0.93939394 0.87878788 1.
 0.96875    1.         0.96875    0.90625    1.         0.93939394
 0.87878788 1.         0.96969697 0.90909091 0.96875    0.9375
 0.96875    1.         1.         0.81818182 0.96969697 0.84848485
 0.93939394 1.         0.96875    0.96875    0.96875    0.96875
 0.96969697 0.90909091 0.96969697 1.         0.93939394 0.87878788
 0.90625    0.96875    1.         1.         0.96969697 0.96969697
 0.93939394 1.         0.90909091 0.93939394 1.         0.96875
 0.90625    0.96875    0.93939394 1.         0.84848485 1.
 0.90909091 1.         0.96875    1.         0.90625    1.
 0.93939394 0.96969697 0.93939394 0.96969697 0.90909091 0.96969697
 0.9375     1.         0.96875    1.        ]
Mean accuracy: 0.9577651515151514
Dev: 0.04035335559877032


XGB_RUS_7 Cross-Validation Results accuracy:
 [1.         0.96969697 0.90909091 0.93939394 1.         0.96969697
 0.9375     1.         1.         0.9375     0.93939394 0.87878788
 0.93939394 1.         1.         1.         0.90625    1.
 1.         1.         0.96969697 0.96969697 0.90909091 0.96969697
 0.96969697 0.96969697 0.9375     1.         0.96875    0.9375
 0.96969697 1.         0.96969697 0.93939394 0.90909091 0.96969697
 0.96875    0.96875    1.         0.96875    0.96969697 0.93939394
 0.90909091 1.         1.         0.96969697 0.96875    0.96875
 0.96875    1.         0.96969697 1.         0.93939394 0.96969697
 1.         1.         0.84375    0.96875    1.         0.96875
 0.96969697 0.87878788 0.96969697 0.96969697 1.         1.
 0.9375     0.9375     0.9375     1.         1.         1.
 0.90909091 1.         0.96969697 0.93939394 0.96875    0.9375
 0.96875    0.96875    0.96969697 1.         0.87878788 1.
 1.         0.96969697 1.         1.         0.875      0.9375
 0.93939394 0.96969697 0.96969697 0.96969697 0.96969697 0.96969697
 0.96875    0.96875    1.         0.9375    ]
Mean accuracy: 0.9650189393939393
Dev: 0.03419591886752971


XGB_RUS_8 Cross-Validation Results accuracy:
 [1.         0.93939394 1.         0.96969697 1.         1.
 0.9375     1.         1.         0.96875    0.96969697 0.90909091
 1.         1.         0.96969697 1.         0.9375     1.
 1.         1.         1.         1.         1.         1.
 0.96969697 0.96969697 0.96875    0.9375     0.9375     0.96875
 1.         1.         0.96969697 0.96969697 0.93939394 0.96969697
 1.         0.96875    0.96875    0.96875    0.96969697 1.
 0.90909091 1.         1.         1.         0.96875    1.
 0.96875    1.         0.96969697 1.         0.96969697 1.
 1.         0.96969697 0.96875    0.96875    0.96875    0.96875
 0.93939394 1.         0.96969697 1.         0.96969697 1.
 0.96875    1.         0.96875    0.9375     0.96969697 1.
 1.         0.93939394 0.96969697 0.96969697 1.         1.
 1.         0.9375     0.96969697 1.         0.93939394 1.
 1.         1.         0.9375     0.96875    0.96875    1.
 0.87878788 1.         1.         1.         1.         1.
 0.96875    1.         0.9375     1.        ]
Mean accuracy: 0.9781723484848485
Dev: 0.025753179980858517


XGB_RUS_9 Cross-Validation Results accuracy:
 [0.90909091 0.96969697 0.93939394 0.96969697 1.         0.96969697
 0.875      0.96875    1.         1.         0.93939394 0.96969697
 0.93939394 0.96969697 0.96969697 0.93939394 0.9375     0.90625
 1.         1.         0.96969697 0.96969697 0.96969697 0.96969697
 0.96969697 0.93939394 0.96875    0.96875    1.         0.96875
 0.96969697 1.         0.87878788 0.96969697 0.90909091 1.
 0.96875    0.9375     0.96875    0.9375     0.96969697 0.96969697
 0.93939394 1.         0.93939394 0.93939394 0.96875    1.
 0.90625    0.9375     0.93939394 0.90909091 0.90909091 1.
 1.         0.96969697 0.96875    1.         0.875      0.875
 0.96969697 0.87878788 0.96969697 1.         0.93939394 0.96969697
 0.96875    0.96875    0.96875    0.9375     1.         1.
 1.         0.90909091 0.96969697 0.93939394 1.         0.9375
 0.9375     0.9375     1.         0.93939394 0.96969697 0.96969697
 1.         0.96969697 1.         0.96875    0.90625    0.96875
 0.90909091 0.93939394 1.         0.96969697 0.96969697 0.96969697
 0.90625    0.9375     1.         1.        ]
Mean accuracy: 0.9591761363636363
Dev: 0.03373735409743388


XGB_RUS_10 Cross-Validation Results accuracy:
 [0.93939394 0.96969697 1.         0.96969697 1.         1.
 0.84375    1.         0.96875    0.9375     0.90909091 0.96969697
 0.93939394 0.96969697 1.         0.90909091 0.9375     0.96875
 1.         0.96875    1.         1.         0.96969697 1.
 0.93939394 0.96969697 0.9375     0.96875    0.96875    0.9375
 1.         1.         0.93939394 0.96969697 0.90909091 1.
 1.         0.9375     0.96875    0.9375     0.87878788 0.93939394
 0.93939394 1.         0.93939394 1.         0.96875    0.96875
 1.         1.         0.96969697 0.96969697 0.93939394 0.93939394
 1.         0.96969697 0.96875    0.96875    1.         0.9375
 1.         0.93939394 0.93939394 1.         0.96969697 0.96969697
 0.96875    0.96875    0.96875    0.96875    0.96969697 0.96969697
 0.96969697 1.         1.         0.96969697 1.         0.96875
 0.96875    0.875      1.         0.96969697 0.93939394 0.93939394
 1.         1.         1.         0.875      0.9375     1.
 0.90909091 0.96969697 0.96969697 1.         0.93939394 1.
 0.9375     0.9375     0.96875    1.        ]
Mean accuracy: 0.965284090909091
Dev: 0.032776431102785254


XGB_NM Cross-Validation Results accuracy:
 [1.         0.96969697 1.         1.         0.96969697 1.
 1.         1.         0.96875    0.96875    1.         0.96969697
 1.         1.         1.         0.96969697 0.96875    1.
 1.         1.         1.         1.         1.         0.96969697
 0.96969697 1.         1.         0.875      1.         1.
 1.         1.         1.         0.96969697 1.         0.96969697
 1.         0.96875    1.         1.         1.         0.93939394
 1.         1.         0.93939394 1.         1.         1.
 0.96875    0.96875    0.93939394 1.         1.         1.
 1.         1.         1.         0.96875    1.         1.
 1.         1.         0.96969697 1.         0.90909091 0.96969697
 1.         1.         1.         1.         1.         1.
 0.96969697 1.         0.87878788 1.         1.         1.
 1.         0.96875    1.         1.         1.         1.
 1.         1.         0.96875    1.         1.         0.9375
 0.96969697 1.         1.         0.96969697 1.         1.
 0.96875    1.         1.         0.96875   ]
Mean accuracy: 0.986808712121212
Dev: 0.024245847518124215


XGB_RF_RUS_1 Cross-Validation Results accuracy:
 [0.93939394 0.96969697 0.87878788 0.96969697 1.         1.
 0.96875    0.96875    0.9375     1.         1.         0.93939394
 0.96969697 0.96969697 0.96969697 0.96969697 0.90625    0.90625
 1.         0.9375     0.96969697 0.93939394 1.         1.
 0.96969697 0.90909091 0.90625    0.96875    0.96875    0.96875
 0.90909091 0.93939394 0.96969697 0.87878788 0.87878788 1.
 0.96875    1.         1.         0.96875    0.96969697 0.87878788
 0.96969697 0.96969697 1.         0.87878788 0.96875    1.
 0.96875    0.90625    0.96969697 0.87878788 1.         1.
 0.90909091 0.93939394 0.96875    1.         0.96875    0.9375
 1.         0.96969697 0.96969697 0.96969697 1.         0.87878788
 0.90625    1.         1.         0.90625    0.93939394 0.90909091
 1.         0.96969697 1.         0.93939394 0.96875    1.
 0.875      0.875      0.90909091 0.96969697 0.90909091 0.93939394
 1.         1.         0.96875    0.9375     0.9375     0.96875
 0.93939394 0.87878788 0.87878788 0.96969697 0.96969697 1.
 0.9375     1.         0.9375     1.        ]
Mean accuracy: 0.9552462121212122
Dev: 0.03974309411945988


XGB_RF_RUS_2 Cross-Validation Results accuracy:
 [0.96969697 0.96969697 1.         1.         0.90909091 1.
 0.9375     1.         0.96875    0.90625    0.96969697 0.96969697
 0.90909091 1.         1.         0.90909091 0.9375     0.96875
 1.         0.96875    1.         0.96969697 0.96969697 0.93939394
 0.93939394 0.96969697 0.875      1.         0.96875    0.96875
 0.96969697 0.93939394 1.         0.93939394 0.93939394 0.90909091
 0.96875    0.90625    1.         0.96875    1.         0.93939394
 0.96969697 0.93939394 0.96969697 0.90909091 0.96875    0.96875
 0.9375     0.96875    1.         1.         0.90909091 0.96969697
 1.         0.96969697 0.90625    0.90625    0.96875    1.
 1.         0.90909091 0.87878788 0.96969697 1.         0.93939394
 0.9375     0.90625    1.         0.96875    1.         0.93939394
 0.90909091 1.         0.96969697 0.93939394 1.         1.
 0.90625    0.9375     0.93939394 0.93939394 0.96969697 0.96969697
 0.93939394 0.93939394 1.         0.96875    1.         0.9375
 0.93939394 1.         0.96969697 0.96969697 1.         1.
 0.96875    0.90625    1.         0.90625   ]
Mean accuracy: 0.9600946969696968
Dev: 0.03409354472134962


XGB_RF_RUS_3 Cross-Validation Results accuracy:
 [0.96969697 0.96969697 0.96969697 0.93939394 0.93939394 0.96969697
 0.96875    0.9375     0.9375     1.         0.96969697 1.
 0.96969697 0.96969697 0.96969697 0.96969697 0.90625    0.9375
 0.9375     0.96875    0.96969697 0.96969697 0.96969697 0.93939394
 0.93939394 0.96969697 0.9375     0.9375     0.9375     1.
 1.         0.96969697 0.93939394 0.93939394 0.93939394 0.87878788
 0.96875    1.         1.         1.         0.90909091 0.93939394
 0.90909091 0.96969697 0.96969697 1.         0.96875    0.96875
 0.96875    1.         0.90909091 1.         0.96969697 0.96969697
 1.         0.93939394 0.9375     0.96875    1.         0.96875
 0.93939394 0.96969697 0.93939394 0.93939394 0.87878788 1.
 0.96875    1.         0.9375     0.90625    1.         0.90909091
 0.93939394 0.96969697 0.96969697 0.93939394 1.         0.96875
 0.9375     0.9375     0.90909091 0.93939394 0.96969697 1.
 0.87878788 0.96969697 1.         0.9375     0.9375     1.
 0.93939394 0.96969697 0.90909091 0.93939394 0.93939394 0.96969697
 0.96875    0.9375     0.96875    0.96875   ]
Mean accuracy: 0.9577367424242423
Dev: 0.029846121837224543


XGB_RF_RUS_4 Cross-Validation Results accuracy:
 [1.         0.96969697 0.96969697 1.         0.90909091 0.93939394
 0.90625    1.         0.90625    0.9375     0.96969697 0.93939394
 0.90909091 0.93939394 0.90909091 0.96969697 0.9375     0.90625
 0.9375     0.96875    0.90909091 0.96969697 0.96969697 0.96969697
 0.93939394 0.96969697 0.9375     0.90625    0.96875    1.
 0.90909091 0.90909091 0.96969697 0.87878788 0.90909091 0.96969697
 1.         0.96875    1.         0.96875    0.96969697 1.
 0.93939394 0.96969697 0.96969697 0.93939394 0.84375    1.
 0.9375     0.96875    1.         0.93939394 0.93939394 1.
 0.96969697 0.96969697 0.84375    0.96875    0.90625    1.
 1.         0.90909091 0.96969697 1.         0.90909091 0.87878788
 0.9375     0.9375     1.         1.         0.90909091 0.96969697
 0.96969697 1.         1.         0.96969697 1.         0.9375
 0.84375    0.96875    0.96969697 1.         0.96969697 0.93939394
 0.96969697 0.87878788 0.9375     1.         0.90625    1.
 0.93939394 0.93939394 0.90909091 1.         0.93939394 0.96969697
 1.         1.         0.96875    0.875     ]
Mean accuracy: 0.9524337121212122
Dev: 0.039811906883787544


XGB_RF_RUS_5 Cross-Validation Results accuracy:
 [0.93939394 0.96969697 1.         1.         0.96969697 0.93939394
 0.96875    1.         0.875      0.9375     1.         0.87878788
 0.93939394 0.93939394 0.90909091 0.96969697 0.96875    1.
 1.         0.96875    0.87878788 1.         0.96969697 1.
 0.87878788 0.93939394 0.8125     1.         0.96875    0.96875
 0.96969697 0.96969697 0.96969697 0.87878788 0.87878788 0.93939394
 0.96875    1.         1.         0.96875    0.90909091 0.93939394
 0.90909091 0.96969697 0.93939394 0.93939394 0.96875    0.9375
 0.96875    0.96875    1.         0.96969697 0.93939394 0.93939394
 0.96969697 0.93939394 0.9375     0.9375     0.9375     0.96875
 1.         0.87878788 1.         0.96969697 0.96969697 0.90909091
 0.96875    0.96875    0.96875    0.9375     0.93939394 0.96969697
 0.96969697 0.90909091 1.         1.         1.         0.90625
 0.96875    0.9375     0.96969697 0.96969697 0.90909091 0.96969697
 1.         0.96969697 1.         0.96875    0.875      0.96875
 0.90909091 0.96969697 1.         0.93939394 0.90909091 0.93939394
 1.         0.96875    1.         0.96875   ]
Mean accuracy: 0.9549810606060606
Dev: 0.0381099527727909


XGB_RF_RUS_6 Cross-Validation Results accuracy:
 [0.90909091 1.         0.93939394 0.96969697 1.         0.96969697
 0.9375     0.96875    0.90625    0.90625    0.93939394 0.93939394
 0.90909091 0.96969697 0.93939394 0.87878788 0.9375     0.96875
 0.9375     1.         1.         0.93939394 0.96969697 0.93939394
 0.93939394 0.90909091 0.90625    0.96875    1.         0.9375
 0.90909091 0.93939394 0.96969697 0.93939394 0.84848485 0.93939394
 0.96875    0.96875    0.96875    0.90625    0.96969697 0.96969697
 0.90909091 1.         0.96969697 0.90909091 0.9375     0.9375
 0.9375     1.         1.         0.72727273 0.96969697 0.84848485
 0.93939394 1.         0.9375     0.96875    1.         1.
 0.93939394 0.93939394 1.         1.         0.84848485 0.81818182
 0.90625    0.9375     1.         0.96875    0.93939394 0.96969697
 0.93939394 0.96969697 0.87878788 0.93939394 1.         0.96875
 0.875      0.96875    0.90909091 0.96969697 0.84848485 1.
 0.90909091 0.93939394 0.9375     1.         0.96875    1.
 0.96969697 0.93939394 0.90909091 0.93939394 0.90909091 0.93939394
 0.96875    1.         0.9375     1.        ]
Mean accuracy: 0.9452556818181819
Dev: 0.04596280997250039


XGB_RF_RUS_7 Cross-Validation Results accuracy:
 [0.96969697 0.96969697 0.87878788 0.93939394 0.96969697 0.96969697
 0.9375     1.         0.9375     0.9375     0.93939394 0.93939394
 0.90909091 1.         0.93939394 0.96969697 0.90625    1.
 0.96875    0.96875    0.96969697 0.96969697 0.90909091 0.90909091
 0.96969697 0.96969697 0.875      1.         0.96875    0.9375
 0.96969697 1.         0.96969697 0.90909091 0.93939394 0.93939394
 0.90625    0.96875    1.         0.96875    0.93939394 0.96969697
 0.87878788 1.         1.         0.96969697 0.96875    0.9375
 0.90625    0.96875    0.93939394 0.96969697 0.93939394 0.93939394
 1.         0.96969697 0.78125    0.96875    0.96875    0.96875
 0.96969697 0.90909091 0.96969697 0.96969697 1.         1.
 0.90625    0.9375     0.875      1.         1.         1.
 0.90909091 1.         0.96969697 0.96969697 0.96875    0.90625
 0.90625    0.9375     0.90909091 0.96969697 0.87878788 1.
 1.         0.93939394 1.         1.         0.9375     0.9375
 0.96969697 0.96969697 0.90909091 0.96969697 0.93939394 0.93939394
 0.96875    0.96875    1.         0.875     ]
Mean accuracy: 0.952689393939394
Dev: 0.03891847760960128


XGB_RF_RUS_8 Cross-Validation Results accuracy:
 [1.         0.90909091 0.96969697 0.96969697 0.96969697 1.
 0.90625    0.96875    1.         0.96875    0.93939394 0.90909091
 0.96969697 1.         0.93939394 1.         0.90625    1.
 0.96875    1.         1.         0.96969697 1.         0.90909091
 0.90909091 0.93939394 0.96875    0.9375     0.90625    1.
 0.96969697 1.         0.96969697 0.93939394 0.87878788 0.93939394
 1.         0.9375     0.96875    1.         0.96969697 1.
 0.93939394 0.96969697 1.         0.93939394 0.9375     0.96875
 0.96875    1.         0.96969697 0.96969697 0.96969697 1.
 0.93939394 0.93939394 0.90625    1.         0.9375     0.9375
 0.93939394 0.93939394 1.         0.90909091 0.96969697 1.
 0.96875    0.96875    0.96875    0.90625    0.96969697 0.90909091
 0.96969697 0.96969697 0.96969697 0.96969697 0.96875    1.
 1.         0.9375     0.87878788 1.         0.93939394 0.96969697
 1.         1.         0.90625    0.9375     1.         0.96875
 0.90909091 1.         1.         0.96969697 0.96969697 0.96969697
 0.96875    0.9375     0.9375     1.        ]
Mean accuracy: 0.9619602272727273
Dev: 0.032771734482766594


XGB_RF_RUS_9 Cross-Validation Results accuracy:
 [0.93939394 0.96969697 0.90909091 0.96969697 1.         0.96969697
 0.875      0.96875    0.9375     0.96875    0.90909091 1.
 0.90909091 0.96969697 0.93939394 0.87878788 0.96875    0.90625
 1.         1.         0.93939394 0.96969697 1.         0.90909091
 1.         0.90909091 0.9375     0.90625    0.96875    1.
 0.96969697 0.96969697 0.90909091 0.90909091 0.93939394 1.
 0.96875    0.90625    0.9375     0.96875    0.96969697 0.93939394
 0.93939394 1.         0.90909091 0.90909091 1.         0.96875
 0.84375    0.96875    0.90909091 0.90909091 0.90909091 1.
 0.96969697 0.96969697 0.9375     1.         0.90625    0.9375
 1.         0.90909091 0.96969697 1.         0.84848485 0.93939394
 0.96875    0.90625    0.96875    0.9375     0.96969697 0.96969697
 1.         0.90909091 1.         0.93939394 1.         0.96875
 0.90625    0.875      0.93939394 0.96969697 0.96969697 0.93939394
 0.96969697 0.96969697 1.         0.90625    0.90625    0.9375
 0.90909091 0.93939394 0.96969697 0.93939394 0.96969697 0.96969697
 0.9375     0.96875    1.         1.        ]
Mean accuracy: 0.9499905303030303
Dev: 0.03780335647480285


XGB_RF_RUS_10 Cross-Validation Results accuracy:
 [0.90909091 0.96969697 1.         0.93939394 1.         1.
 0.90625    0.96875    1.         0.9375     0.87878788 1.
 0.93939394 0.96969697 1.         0.90909091 0.9375     0.9375
 1.         0.96875    1.         0.96969697 0.96969697 0.90909091
 0.93939394 0.93939394 0.9375     0.96875    0.9375     0.96875
 0.96969697 1.         0.96969697 0.96969697 0.87878788 1.
 1.         0.875      0.96875    0.9375     0.93939394 0.93939394
 0.81818182 1.         0.90909091 1.         0.9375     0.96875
 0.96875    1.         0.93939394 0.96969697 0.93939394 0.87878788
 1.         1.         0.90625    0.96875    1.         0.9375
 0.90909091 0.93939394 0.93939394 1.         0.96969697 0.93939394
 0.9375     0.96875    0.96875    0.96875    0.96969697 0.90909091
 0.96969697 0.96969697 0.96969697 0.96969697 0.96875    0.96875
 0.9375     0.875      0.96969697 0.96969697 0.93939394 0.96969697
 0.96969697 1.         0.90625    0.875      0.9375     1.
 0.93939394 0.96969697 0.96969697 1.         0.90909091 1.
 0.96875    0.875      1.         0.96875   ]
Mean accuracy: 0.9548674242424241
Dev: 0.03793301516137679


XGB_RF_NM Cross-Validation Results accuracy:
 [1.         0.93939394 1.         1.         1.         0.96969697
 0.96875    1.         0.96875    0.96875    1.         0.96969697
 0.96969697 1.         1.         0.96969697 0.9375     1.
 0.96875    1.         1.         0.96969697 1.         0.96969697
 1.         1.         0.96875    0.90625    1.         1.
 1.         0.96969697 1.         0.96969697 0.96969697 0.96969697
 0.96875    0.96875    1.         1.         1.         0.96969697
 1.         1.         0.93939394 1.         1.         1.
 0.9375     0.96875    0.93939394 1.         1.         1.
 1.         0.96969697 0.96875    0.9375     1.         1.
 0.96969697 0.96969697 0.96969697 0.96969697 0.96969697 0.96969697
 1.         1.         1.         1.         1.         1.
 1.         1.         0.87878788 0.96969697 1.         1.
 1.         0.96875    1.         0.96969697 0.96969697 1.
 1.         1.         0.9375     1.         1.         0.9375
 0.96969697 0.93939394 1.         0.96969697 1.         1.
 1.         1.         0.96875    0.96875   ]
Mean accuracy: 0.9815814393939394
Dev: 0.023794910280380905


