LR Cross-Validation Results f1:
 [0.8        0.72727273 1.         0.66666667 1.         0.83333333
 0.76923077 0.88888889 0.75       1.         0.8        0.57142857
 1.         0.85714286 0.8        0.83333333 0.66666667 0.90909091
 0.88888889 1.         0.8        0.90909091 0.44444444 0.90909091
 0.90909091 1.         0.90909091 0.72727273 0.90909091 0.88888889
 0.66666667 0.88888889 0.90909091 0.8        0.92307692 1.
 0.90909091 0.88888889 0.8        0.72727273 0.88888889 0.90909091
 0.8        1.         0.90909091 0.6        0.72727273 0.90909091
 0.75       0.8        0.66666667 0.88888889 0.8        0.92307692
 0.90909091 0.92307692 0.88888889 0.8        0.88888889 0.75
 1.         1.         0.88888889 0.76923077 0.76923077 0.72727273
 0.66666667 0.88888889 0.88888889 1.         0.8        0.88888889
 0.72727273 1.         1.         0.83333333 0.8        0.88888889
 0.6        0.83333333 0.6        0.90909091 0.88888889 0.6
 0.90909091 1.         0.88888889 0.83333333 1.         1.
 1.         0.75       0.90909091 0.90909091 0.92307692 0.90909091
 0.66666667 0.83333333 0.88888889 0.90909091]
Mean f1: 0.847113997113997
Dev: 0.11691850886988753


LR_SMOTE Cross-Validation Results f1:
 [0.9375     0.94117647 0.90322581 0.94444444 0.90322581 0.91428571
 0.91428571 0.90909091 0.90322581 0.83870968 0.9375     0.90909091
 0.9375     0.91891892 0.90909091 0.89473684 0.875      0.96969697
 0.96774194 0.96774194 0.96774194 0.93333333 0.90909091 0.88888889
 0.90909091 0.88235294 0.88235294 0.94117647 0.89655172 0.94117647
 0.96774194 0.90322581 0.9375     0.90909091 0.91428571 0.88235294
 0.94117647 0.82352941 0.94117647 0.9375     0.875      0.94117647
 0.9375     0.88235294 0.88235294 0.94117647 0.9375     0.96774194
 0.9375     0.96969697 0.9375     0.8        0.96969697 0.90909091
 0.84848485 0.91891892 0.8125     0.9375     0.96969697 1.
 0.86666667 0.91428571 0.91428571 0.94117647 0.88235294 0.94117647
 0.9375     0.89655172 0.94117647 0.96969697 0.93333333 0.88235294
 0.96969697 0.94117647 0.78947368 1.         0.96774194 0.93333333
 0.90322581 0.875      0.90322581 0.88235294 0.91428571 0.9375
 0.94117647 0.9375     0.96774194 1.         0.85714286 0.91428571
 0.90322581 0.94117647 0.93333333 0.88888889 1.         1.
 0.9375     0.90909091 0.94117647 0.875     ]
Mean f1: 0.9206571823156802
Dev: 0.041435195959716634


LR_BrdSMOTE Cross-Validation Results f1:
 [0.90909091 0.91428571 0.9375     0.91428571 0.96969697 0.85714286
 0.91428571 0.90909091 0.9375     0.94117647 0.96969697 0.94117647
 0.90322581 0.85714286 0.90909091 0.89473684 0.94117647 0.9375
 0.90322581 0.96969697 0.96969697 0.86666667 0.83870968 0.91891892
 0.97142857 0.94444444 0.91428571 0.94117647 0.90322581 0.94117647
 0.96774194 0.91428571 0.90322581 0.875      0.94444444 0.94444444
 0.91428571 0.88888889 0.91428571 0.9375     0.96969697 0.91428571
 0.90909091 0.88888889 0.91428571 0.91891892 0.90322581 0.9375
 0.85714286 0.9375     0.96969697 0.86486486 0.96969697 0.94444444
 0.91428571 0.90909091 0.84848485 0.90909091 0.96969697 1.
 0.94117647 0.91428571 0.91428571 0.875      0.94444444 0.88235294
 0.96969697 0.86666667 0.90909091 0.96969697 0.96969697 0.86486486
 0.96969697 0.94444444 0.82051282 0.97142857 0.90322581 0.85714286
 0.96969697 0.94117647 0.96969697 0.82352941 0.88888889 0.94117647
 0.875      0.9375     0.96969697 1.         0.88888889 0.88235294
 0.96969697 0.88888889 0.90322581 0.91891892 0.96969697 0.96969697
 0.9375     0.91428571 0.82352941 0.94117647]
Mean f1: 0.9210637531659952
Dev: 0.04002591948438184


LR_GAN Cross-Validation Results f1:
 [0.82758621 0.91428571 0.93333333 0.96969697 0.96969697 0.96969697
 0.90909091 0.96969697 0.96774194 0.96969697 0.9375     0.93333333
 0.93333333 0.94444444 0.90909091 0.90909091 0.90322581 1.
 0.96774194 1.         1.         0.93333333 0.96969697 0.86666667
 0.96969697 0.94444444 0.9375     1.         0.96774194 0.96969697
 0.96774194 1.         0.96774194 0.94117647 0.86666667 0.97142857
 0.94117647 0.90909091 0.9375     0.96774194 0.96774194 0.96774194
 1.         0.91428571 0.88235294 0.90909091 0.96774194 0.96774194
 1.         1.         0.89655172 0.94117647 0.96774194 0.90909091
 0.90909091 0.97142857 0.90322581 0.93333333 0.96969697 1.
 0.96774194 0.96774194 0.84848485 0.90909091 0.96969697 0.96969697
 0.96969697 0.85714286 0.96969697 0.96969697 1.         0.86666667
 1.         0.94117647 0.84210526 1.         0.93333333 0.96774194
 0.94117647 0.93333333 0.93333333 0.96774194 1.         0.9375
 0.97142857 0.96969697 0.96774194 0.93333333 0.88235294 0.96969697
 1.         0.96969697 0.93333333 0.97142857 0.96969697 0.9375
 0.86666667 0.84848485 0.96969697 0.96774194]
Mean f1: 0.9463665279987238
Dev: 0.041013479280395095


DT Cross-Validation Results f1:
 [0.88888889 0.90909091 1.         0.8        1.         0.8
 0.90909091 0.88888889 0.90909091 1.         0.88888889 0.90909091
 1.         0.8        0.90909091 0.83333333 1.         0.88888889
 1.         0.90909091 0.90909091 1.         0.75       0.90909091
 1.         0.92307692 0.88888889 1.         0.88888889 0.90909091
 0.88888889 0.90909091 1.         1.         0.92307692 0.90909091
 0.88888889 0.88888889 1.         0.88888889 0.90909091 1.
 0.75       0.90909091 1.         0.90909091 0.8        0.90909091
 0.75       1.         1.         0.88888889 0.88888889 1.
 0.92307692 0.92307692 0.90909091 1.         0.75       0.88888889
 0.90909091 0.90909091 0.75       0.90909091 1.         0.8
 0.88888889 1.         0.88888889 0.90909091 0.88888889 0.90909091
 1.         0.90909091 1.         1.         0.75       0.90909091
 0.90909091 1.         0.88888889 1.         0.90909091 0.8
 0.90909091 1.         0.90909091 1.         1.         1.
 0.90909091 0.88888889 0.88888889 0.83333333 0.92307692 0.90909091
 0.75       0.88888889 1.         1.        ]
Mean f1: 0.9147346542346543
Dev: 0.07226385246153459


DT_SMOTE Cross-Validation Results f1:
 [0.96774194 0.96969697 1.         1.         0.96969697 1.
 0.96969697 0.96774194 0.96969697 0.96774194 1.         0.96969697
 0.96969697 1.         0.96969697 0.97142857 1.         1.
 0.96774194 0.89655172 1.         0.93333333 0.96774194 0.97142857
 1.         1.         1.         0.94117647 0.96774194 1.
 0.96969697 1.         1.         0.97142857 1.         0.97142857
 1.         0.96774194 1.         0.9375     0.96969697 0.96969697
 1.         0.9375     1.         1.         0.96774194 1.
 1.         0.9375     0.9375     0.94117647 1.         0.96969697
 0.90322581 1.         1.         0.9375     0.96969697 1.
 0.93333333 1.         0.96969697 0.9375     1.         0.97142857
 0.96969697 0.85714286 1.         1.         0.96969697 1.
 1.         1.         0.94444444 0.96969697 0.96774194 1.
 0.96774194 1.         1.         0.96774194 1.         0.9375
 1.         1.         1.         1.         1.         0.94117647
 0.96774194 0.96969697 0.96774194 0.88888889 1.         1.
 0.96774194 1.         1.         0.96969697]
Mean f1: 0.976030252079596
Dev: 0.02832739821753359


DT_BrdSMOTE Cross-Validation Results f1:
 [1.         0.96969697 1.         0.9375     0.96969697 1.
 0.96969697 0.96969697 0.94117647 1.         1.         0.96969697
 0.90322581 1.         0.97142857 0.97142857 1.         0.96969697
 0.96774194 1.         1.         0.93333333 0.93333333 0.97142857
 0.97142857 1.         1.         0.94117647 0.94117647 0.96969697
 0.96969697 1.         1.         0.90909091 1.         0.97142857
 1.         0.96969697 1.         0.93333333 0.96969697 0.96969697
 0.93333333 0.96969697 1.         1.         1.         1.
 0.96969697 0.96969697 0.96969697 0.94117647 1.         1.
 0.91428571 1.         1.         0.86666667 0.96969697 0.94117647
 0.96969697 1.         0.96969697 1.         1.         0.94444444
 0.9375     0.96774194 1.         1.         0.96969697 1.
 1.         0.97142857 0.91428571 0.94444444 0.96774194 0.89655172
 1.         0.96969697 1.         0.96774194 1.         0.97142857
 1.         0.97142857 1.         1.         0.96774194 0.94117647
 1.         0.9375     0.96774194 0.91891892 1.         1.
 1.         1.         1.         0.96969697]
Mean f1: 0.9734632304755726
Dev: 0.029231063032762492


DT_GAN Cross-Validation Results f1:
 [0.93333333 0.96969697 1.         0.9375     1.         1.
 0.96969697 1.         1.         0.90909091 0.96774194 0.96969697
 0.96969697 1.         1.         1.         0.89655172 1.
 1.         1.         0.96774194 0.96774194 1.         1.
 1.         1.         0.96774194 0.90909091 0.9375     1.
 0.96969697 1.         1.         0.94117647 1.         0.94444444
 1.         0.96774194 1.         1.         0.9375     0.9375
 1.         0.96969697 1.         1.         0.96774194 0.96774194
 1.         1.         0.9375     1.         0.96774194 0.96969697
 1.         1.         0.93333333 0.96774194 0.96969697 1.
 0.96774194 0.96774194 0.96969697 0.9375     1.         1.
 0.9375     0.89655172 1.         1.         0.96969697 0.94117647
 1.         1.         0.94444444 1.         0.93333333 1.
 1.         0.93333333 1.         1.         1.         0.97142857
 1.         1.         0.96774194 0.96774194 1.         0.94117647
 1.         0.9375     0.93333333 0.97142857 1.         0.9375
 0.93333333 0.93333333 1.         1.        ]
Mean f1: 0.9751500890156178
Dev: 0.028869360574477886


RF Cross-Validation Results f1:
 [1.         0.8        1.         0.8        1.         0.90909091
 1.         1.         0.75       1.         1.         0.8
 1.         1.         0.8        1.         1.         1.
 0.88888889 0.90909091 0.90909091 1.         0.57142857 0.90909091
 0.8        0.92307692 1.         1.         1.         0.90909091
 0.88888889 0.90909091 1.         0.66666667 0.92307692 1.
 1.         0.88888889 1.         0.88888889 0.8        1.
 0.75       1.         1.         0.8        0.90909091 0.90909091
 0.88888889 1.         1.         0.88888889 1.         1.
 0.92307692 0.92307692 1.         0.88888889 1.         1.
 1.         0.90909091 0.88888889 1.         1.         0.66666667
 0.88888889 1.         0.88888889 0.90909091 0.75       0.90909091
 0.88888889 1.         1.         1.         0.88888889 0.90909091
 0.90909091 1.         1.         1.         0.90909091 0.5
 0.90909091 1.         0.90909091 1.         1.         1.
 0.90909091 0.88888889 1.         0.92307692 0.92307692 0.90909091
 0.75       0.88888889 0.88888889 1.        ]
Mean f1: 0.9224019314019313
Dev: 0.09763186677199716


RF_SMOTE Cross-Validation Results f1:
 [0.96774194 0.96969697 1.         1.         0.96969697 1.
 0.96969697 1.         0.96969697 0.96774194 1.         0.96969697
 0.96969697 1.         0.96969697 0.97142857 1.         1.
 0.96774194 0.96774194 1.         0.93333333 1.         0.97142857
 1.         1.         1.         0.94117647 0.96774194 1.
 0.96969697 1.         1.         0.97142857 1.         0.97142857
 1.         0.96774194 1.         0.96774194 1.         0.96969697
 1.         0.9375     0.96969697 1.         0.96774194 1.
 1.         0.96969697 0.96969697 1.         1.         0.96969697
 0.96969697 1.         1.         0.96969697 0.96969697 1.
 0.96774194 1.         0.96969697 1.         1.         0.97142857
 0.96969697 0.93333333 1.         1.         0.96969697 1.
 1.         1.         0.94444444 1.         0.96774194 1.
 0.96774194 1.         1.         0.96774194 1.         0.9375
 1.         1.         1.         1.         1.         0.94117647
 0.96774194 0.96969697 0.96774194 0.97142857 1.         1.
 0.96774194 1.         1.         0.96969697]
Mean f1: 0.9827680087675345
Dev: 0.019184503725236165


RF_BrdSMOTE Cross-Validation Results f1:
 [0.96774194 0.94117647 1.         1.         1.         1.
 0.96969697 1.         0.96969697 1.         1.         0.96969697
 1.         0.97142857 0.96969697 0.97142857 1.         1.
 1.         1.         1.         0.93333333 1.         0.94444444
 1.         1.         1.         0.96969697 1.         1.
 0.96774194 1.         1.         0.97142857 1.         0.97142857
 1.         1.         1.         1.         0.96969697 0.96969697
 1.         1.         1.         1.         0.96774194 1.
 0.96969697 0.96969697 0.96969697 1.         1.         1.
 0.94117647 1.         1.         0.96969697 1.         0.94117647
 0.96969697 1.         0.96969697 0.96969697 1.         0.94444444
 0.9375     1.         1.         1.         0.96969697 1.
 1.         1.         0.89473684 0.97142857 0.96774194 1.
 1.         1.         1.         1.         1.         0.96969697
 1.         1.         1.         1.         1.         0.94117647
 1.         0.96774194 1.         0.94444444 1.         1.
 0.96774194 1.         1.         0.96969697]
Mean f1: 0.9851205234601944
Dev: 0.021523711422278092


RF_GAN Cross-Validation Results f1:
 [0.96774194 0.96969697 0.96774194 0.96969697 1.         1.
 0.94117647 1.         0.96969697 0.94117647 0.96774194 0.9375
 0.9375     0.91891892 1.         0.97142857 1.         1.
 0.96774194 1.         1.         0.96774194 1.         0.97142857
 0.96969697 1.         0.96774194 0.94117647 0.91428571 1.
 0.96969697 1.         1.         0.97142857 1.         0.97142857
 1.         1.         0.96774194 1.         0.96969697 0.96969697
 1.         0.96969697 0.91428571 0.96969697 1.         1.
 1.         0.96969697 0.96969697 1.         1.         1.
 0.97142857 0.97142857 0.96774194 0.9375     0.96969697 1.
 1.         0.96774194 0.9375     1.         1.         0.97142857
 0.96969697 0.93333333 0.96969697 0.96969697 0.9375     0.94117647
 0.96774194 1.         0.94444444 1.         1.         1.
 1.         0.93333333 1.         1.         1.         0.94444444
 1.         1.         1.         0.96774194 0.96774194 0.94117647
 1.         0.96969697 0.89655172 0.97142857 1.         1.
 1.         0.9375     0.96969697 1.        ]
Mean f1: 0.9759966026220852
Dev: 0.025452265098292504


XGB Cross-Validation Results f1:
 [1.         0.90909091 1.         0.8        1.         0.90909091
 1.         0.88888889 0.75       1.         0.88888889 0.66666667
 1.         0.85714286 0.8        0.90909091 1.         0.88888889
 1.         0.90909091 0.90909091 1.         0.57142857 0.90909091
 0.90909091 1.         1.         1.         1.         0.90909091
 0.88888889 0.8        1.         0.8        0.92307692 1.
 0.88888889 0.88888889 1.         0.88888889 0.88888889 1.
 0.88888889 1.         1.         0.90909091 0.8        0.90909091
 0.88888889 1.         1.         0.88888889 0.88888889 1.
 0.83333333 0.92307692 1.         0.88888889 1.         1.
 1.         0.90909091 0.88888889 0.90909091 0.76923077 1.
 0.88888889 1.         0.88888889 0.90909091 0.75       0.90909091
 0.88888889 1.         1.         1.         0.88888889 1.
 0.90909091 1.         1.         1.         0.90909091 0.5
 0.8        1.         0.90909091 1.         1.         1.
 0.90909091 0.88888889 1.         0.83333333 1.         0.90909091
 1.         0.88888889 0.88888889 1.        ]
Mean f1: 0.9211668331668331
Dev: 0.09195946335583276


XGB_SMOTE Cross-Validation Results f1:
 [0.96774194 0.96969697 1.         1.         0.96969697 1.
 1.         1.         0.9375     0.96774194 1.         0.96969697
 1.         1.         0.9375     0.97142857 1.         1.
 0.96774194 0.96774194 1.         0.93333333 1.         0.97142857
 1.         1.         1.         0.96969697 0.89655172 1.
 0.96774194 1.         0.96774194 0.97142857 1.         0.97142857
 1.         0.96774194 1.         0.96774194 1.         0.96969697
 1.         0.9375     0.91428571 1.         0.96774194 1.
 1.         0.96969697 0.9375     1.         1.         0.96969697
 0.96969697 1.         0.96969697 0.9375     1.         1.
 0.89655172 1.         0.96969697 0.96969697 1.         0.97142857
 1.         0.89655172 1.         1.         1.         1.
 1.         1.         0.86486486 1.         0.96774194 0.96774194
 0.96774194 1.         1.         0.96774194 1.         0.9375
 1.         0.96969697 1.         1.         1.         0.94117647
 0.96774194 1.         0.93333333 0.97142857 1.         1.
 0.96774194 1.         1.         0.96969697]
Mean f1: 0.9785240995570937
Dev: 0.028252876817886442


XGB_BrdSMOTE Cross-Validation Results f1:
 [0.96774194 0.96969697 1.         1.         0.96969697 0.96969697
 1.         1.         0.94117647 1.         1.         0.96969697
 1.         1.         0.96969697 0.94117647 1.         1.
 0.96774194 1.         1.         0.89655172 1.         0.97142857
 1.         1.         1.         0.96969697 1.         0.96969697
 0.96774194 1.         1.         0.97142857 1.         0.94117647
 1.         1.         1.         0.96774194 1.         0.96969697
 1.         0.96969697 0.94444444 1.         0.96774194 0.96774194
 0.96969697 0.96969697 0.96969697 0.96774194 1.         1.
 0.96969697 1.         1.         0.96969697 1.         1.
 0.96969697 1.         0.96969697 0.9375     1.         0.97142857
 1.         0.96774194 1.         1.         1.         1.
 1.         0.97142857 0.94444444 1.         0.93333333 1.
 1.         1.         1.         0.96774194 1.         0.9375
 1.         0.97142857 1.         1.         1.         0.94117647
 1.         1.         0.93333333 0.97142857 1.         1.
 0.96774194 1.         1.         0.96969697]
Mean f1: 0.9828265243030506
Dev: 0.022099370193193555


XGB_GAN Cross-Validation Results f1:
 [0.93333333 0.96969697 0.96774194 0.96969697 0.96969697 0.96969697
 0.94117647 1.         0.94117647 0.90909091 0.96774194 0.9375
 0.9375     0.91428571 0.96969697 0.97142857 0.96774194 1.
 0.96774194 1.         1.         0.96774194 0.93333333 1.
 0.96969697 0.97142857 0.96774194 0.94117647 0.96969697 0.96774194
 0.96969697 0.93333333 1.         0.97142857 0.96969697 0.94444444
 0.9375     0.96774194 0.96774194 0.96774194 0.90322581 0.96969697
 0.96774194 0.94117647 0.94444444 0.9375     0.93333333 1.
 1.         1.         0.96969697 0.96969697 1.         1.
 0.90322581 1.         0.93333333 0.96774194 0.96969697 1.
 1.         0.9375     0.9375     0.96969697 0.96969697 0.97142857
 0.96969697 0.93333333 0.96774194 1.         0.9375     1.
 0.96774194 0.96969697 0.84210526 0.96969697 1.         1.
 0.96774194 0.90322581 1.         1.         1.         0.94444444
 0.90322581 1.         1.         0.96774194 1.         0.88235294
 1.         0.96969697 0.93333333 0.97142857 0.96969697 0.96969697
 1.         0.93333333 1.         0.96969697]
Mean f1: 0.964622910940885
Dev: 0.030597791883851887


XGB_RF Cross-Validation Results f1:
 [1.         0.83333333 1.         0.90909091 1.         0.92307692
 0.90909091 1.         0.8        1.         1.         0.90909091
 1.         0.85714286 0.90909091 1.         1.         1.
 0.90909091 0.90909091 0.90909091 1.         0.75       1.
 0.90909091 1.         0.90909091 0.90909091 1.         0.83333333
 0.8        0.90909091 1.         0.66666667 0.85714286 1.
 1.         1.         1.         0.90909091 1.         0.90909091
 0.8        1.         1.         1.         0.83333333 0.90909091
 1.         1.         1.         0.88888889 0.90909091 0.92307692
 0.92307692 0.92307692 1.         1.         1.         0.90909091
 1.         0.90909091 0.88888889 1.         0.85714286 1.
 1.         1.         0.90909091 0.90909091 1.         0.90909091
 1.         1.         1.         0.92307692 0.88888889 0.90909091
 0.90909091 0.90909091 1.         0.90909091 0.83333333 0.6
 1.         1.         0.90909091 1.         1.         1.
 0.90909091 1.         0.90909091 0.92307692 0.92307692 0.90909091
 1.         1.         1.         0.90909091]
Mean f1: 0.9381327006327005
Dev: 0.07492109287681754


XGB_RF_SMOTE Cross-Validation Results f1:
 [0.96774194 0.94117647 1.         1.         1.         0.94117647
 0.96969697 1.         0.96969697 0.96774194 1.         0.96969697
 0.9375     1.         0.96969697 0.97142857 0.96969697 1.
 0.96969697 0.96774194 1.         0.9375     1.         0.97142857
 1.         1.         0.96969697 0.94117647 0.93333333 1.
 0.96774194 0.96969697 1.         0.97142857 0.97142857 0.94117647
 0.96969697 0.96774194 0.96774194 0.96774194 0.96969697 0.96969697
 0.96774194 0.96969697 0.94444444 1.         0.96774194 1.
 0.96969697 0.96969697 0.9375     1.         1.         0.96969697
 0.96969697 0.97142857 0.96969697 0.96969697 0.96969697 1.
 0.86666667 0.96969697 0.96969697 0.94117647 1.         0.97142857
 0.96969697 1.         1.         1.         1.         1.
 1.         1.         0.86486486 0.97142857 0.96774194 1.
 0.96774194 0.96774194 1.         0.96969697 0.96969697 0.9375
 1.         0.96969697 1.         1.         0.96774194 0.94117647
 0.96774194 0.94117647 1.         0.97142857 1.         1.
 0.96774194 0.96774194 0.96969697 0.9375    ]
Mean f1: 0.9735246535471869
Dev: 0.025354191701014567


XGB_RF_BrdSMOTE Cross-Validation Results f1:
 [0.96774194 0.94117647 1.         0.9375     1.         0.97142857
 0.94117647 0.96969697 0.94117647 1.         1.         0.96969697
 0.96969697 0.97142857 1.         0.97142857 0.96969697 1.
 0.96969697 1.         1.         0.90322581 0.93333333 0.97142857
 1.         0.97142857 0.96969697 0.91428571 0.94117647 0.96969697
 0.96774194 0.96969697 1.         0.90909091 0.97142857 0.94444444
 0.96969697 1.         1.         0.96774194 1.         0.96969697
 0.93333333 0.97142857 0.94444444 1.         0.96774194 1.
 0.94117647 0.96969697 0.96969697 0.96969697 1.         1.
 0.91428571 0.94117647 0.96969697 0.875      1.         0.94117647
 0.96969697 0.96969697 0.96969697 0.90909091 1.         0.97142857
 0.96969697 1.         0.96969697 1.         0.96969697 1.
 1.         0.97142857 0.87179487 0.91891892 0.93333333 0.89655172
 1.         0.96969697 1.         0.96969697 0.96969697 1.
 1.         0.97142857 0.96969697 1.         0.96774194 0.94117647
 1.         0.94117647 1.         0.94444444 1.         1.
 0.96774194 0.96969697 0.96969697 0.96969697]
Mean f1: 0.9685622164569117
Dev: 0.029653453067447422


XGB_RF_GAN Cross-Validation Results f1:
 [1.         0.86486486 1.         0.96969697 1.         0.90909091
 0.91428571 1.         0.96969697 0.94117647 1.         0.96969697
 0.94117647 0.94444444 0.9375     0.97142857 0.96969697 1.
 0.96969697 1.         1.         0.96969697 0.96774194 0.97142857
 1.         0.94117647 0.96969697 0.91428571 0.91428571 0.93333333
 0.96969697 0.9375     1.         0.97142857 0.94117647 0.94444444
 0.9375     1.         0.9375     1.         0.96969697 0.96969697
 0.96969697 0.97142857 0.94444444 0.96969697 1.         1.
 0.96969697 0.96969697 0.96969697 0.96969697 1.         1.
 0.97142857 0.94444444 0.90322581 0.90909091 0.96969697 1.
 0.96969697 0.94117647 0.96969697 0.94117647 1.         0.97142857
 0.96969697 0.93333333 0.9375     1.         0.9375     0.91428571
 1.         0.97142857 0.87179487 0.94117647 0.96774194 1.
 1.         1.         1.         0.96969697 0.96969697 0.94444444
 0.9375     0.97142857 0.96969697 1.         0.9375     0.94117647
 0.96774194 0.91428571 0.96774194 0.97142857 0.96969697 0.96969697
 1.         0.9375     0.96969697 0.96969697]
Mean f1: 0.9638093965292732
Dev: 0.029968734105299964


