LR_RUS_1 Cross-Validation Results f1:
 [1.         0.8        0.8        0.94117647 0.88888889 0.97142857
 0.93333333 0.94117647 0.85714286 0.96969697 0.9375     0.84848485
 0.96969697 0.90909091 1.         0.94117647 0.88235294 0.84848485
 0.93333333 0.9375     1.         0.9375     0.96969697 0.94117647
 0.90909091 0.91891892 0.83333333 0.88235294 0.8        0.90322581
 0.90909091 0.90322581 0.96969697 0.86486486 0.86486486 0.96969697
 0.94117647 0.9375     0.93333333 0.85714286 0.96774194 0.83870968
 0.90322581 0.94117647 0.94444444 0.91428571 0.96969697 0.9375
 0.90322581 0.88888889 0.9375     0.875      0.90322581 0.94117647
 0.78947368 0.88888889 1.         0.9375     0.875      0.8
 0.86666667 0.90322581 0.93333333 0.97142857 0.96969697 0.88888889
 0.94117647 0.88235294 0.9375     0.84848485 0.91428571 0.85714286
 0.96969697 0.94444444 0.88235294 0.86666667 0.94117647 0.96969697
 0.88235294 0.83870968 0.91428571 0.86666667 0.88888889 0.90322581
 0.90909091 0.91428571 0.96774194 0.96969697 0.875      0.96969697
 0.9375     0.88235294 0.86666667 1.         0.91428571 0.85714286
 0.88235294 0.90322581 1.         0.96774194]
Mean f1: 0.9131214142730048
Dev: 0.049935826166774236


LR_RUS_2 Cross-Validation Results f1:
 [0.96774194 0.90909091 0.9375     0.91891892 0.84848485 0.97142857
 0.84848485 0.96774194 0.90909091 0.91428571 0.90909091 0.90322581
 0.90909091 0.94444444 0.97142857 0.94444444 0.88235294 0.90322581
 0.96774194 0.875      0.96774194 0.875      0.96969697 0.94444444
 0.82352941 0.96969697 0.85714286 0.88888889 0.88235294 0.9375
 0.9375     0.88235294 0.84848485 0.89473684 0.88235294 0.96969697
 0.9375     0.9375     1.         0.90909091 0.9375     0.89655172
 0.90909091 0.91891892 0.91428571 0.94117647 0.94117647 0.94117647
 0.96969697 0.94117647 0.96969697 0.94117647 0.90909091 0.94444444
 0.94444444 0.90322581 0.94117647 0.875      0.875      0.90322581
 0.9375     0.88888889 0.85714286 0.94117647 0.90909091 0.97142857
 0.94117647 0.84210526 1.         0.9375     0.94117647 0.90322581
 0.85714286 0.89473684 0.97142857 0.86666667 0.94117647 0.96774194
 1.         0.83870968 0.90322581 0.85714286 0.94117647 0.94117647
 0.91428571 0.97142857 0.96969697 0.9375     0.82758621 0.94117647
 0.8125     0.96774194 0.90909091 0.87179487 0.90909091 0.94444444
 0.875      0.88235294 0.96969697 0.90909091]
Mean f1: 0.9189846982537785
Dev: 0.04218085334055093


LR_RUS_3 Cross-Validation Results f1:
 [0.96774194 0.88235294 0.96969697 0.91891892 0.85714286 0.94117647
 0.9375     0.94117647 0.9375     0.94117647 0.9375     0.875
 0.91428571 0.94444444 0.97142857 0.91428571 0.90909091 0.9375
 0.85714286 0.9375     0.94117647 0.96774194 0.9375     0.91891892
 0.90322581 0.94444444 0.90322581 0.88888889 0.91428571 0.9375
 0.96969697 0.90909091 0.9375     0.85714286 0.91428571 0.91891892
 0.96969697 0.96774194 0.9375     0.90909091 0.9375     0.90909091
 0.84848485 0.96969697 0.94117647 0.94117647 0.93333333 0.90909091
 0.96969697 0.88888889 0.88235294 0.96969697 0.875      0.97142857
 0.94117647 0.94117647 0.94117647 0.84848485 0.9375     0.96969697
 0.94117647 0.96774194 0.86666667 0.86486486 0.85714286 1.
 0.94117647 0.94117647 0.96969697 0.88888889 0.91428571 0.88888889
 0.90322581 0.91428571 0.94444444 0.90322581 0.96969697 0.90909091
 0.85714286 0.96969697 0.90909091 1.         0.91428571 1.
 0.91891892 0.94117647 0.875      0.90909091 0.78571429 0.9375
 0.90909091 0.94117647 0.9375     0.89473684 0.875      0.91428571
 0.90909091 0.88235294 0.9375     0.96969697]
Mean f1: 0.9233968353415821
Dev: 0.03814459232324953


LR_RUS_4 Cross-Validation Results f1:
 [0.90909091 0.82758621 0.91428571 0.97142857 0.86486486 0.97142857
 0.875      0.96969697 0.9375     0.90909091 0.88235294 0.84848485
 0.94117647 0.97142857 0.88235294 0.90909091 0.9375     0.9375
 0.96774194 0.9375     0.96969697 0.96774194 0.88888889 0.82352941
 0.90322581 0.94117647 0.94117647 0.88235294 0.875      0.93333333
 0.875      0.83870968 0.94117647 0.91428571 0.84210526 0.96969697
 0.96774194 0.9375     1.         0.90909091 0.93333333 0.90322581
 0.85714286 0.94444444 0.88235294 0.90322581 0.88235294 0.94117647
 0.90909091 0.90909091 1.         0.94117647 0.90909091 0.94444444
 0.94444444 0.97142857 0.83870968 0.84848485 0.90322581 0.82758621
 0.90322581 0.90322581 0.90322581 0.97142857 0.83870968 0.91428571
 0.96969697 0.88888889 0.9375     1.         0.86486486 0.96774194
 0.94117647 0.97142857 0.97142857 0.75862069 0.875      0.9375
 0.85714286 0.96969697 0.96969697 1.         0.91428571 0.97142857
 0.94444444 0.88888889 0.86666667 0.94117647 0.8        0.90322581
 0.86666667 0.90322581 0.90909091 0.97142857 0.84848485 0.88888889
 0.90909091 0.94117647 0.93333333 0.91428571]
Mean f1: 0.9151083212222778
Dev: 0.04802202594789644


LR_RUS_5 Cross-Validation Results f1:
 [0.90909091 0.90909091 0.94117647 0.94117647 0.91428571 0.94444444
 0.83870968 0.96774194 0.86666667 0.96969697 0.90322581 0.90909091
 0.875      0.88888889 0.94444444 1.         0.96969697 0.875
 0.9375     0.90909091 0.89655172 0.93333333 0.88235294 0.97142857
 0.82352941 1.         0.88235294 0.94117647 0.85714286 0.90322581
 0.96969697 1.         0.90909091 0.82352941 0.88235294 0.91428571
 0.9375     0.90909091 0.9375     0.875      0.90909091 0.96774194
 0.8125     0.97142857 0.91428571 0.875      0.96969697 0.875
 0.96774194 0.91428571 0.96969697 1.         0.84848485 0.90909091
 0.97142857 0.91428571 0.96969697 0.84848485 0.875      0.9375
 0.90909091 0.90322581 0.85714286 0.90909091 0.88888889 0.94117647
 0.875      0.91428571 1.         0.94117647 0.88235294 0.96774194
 0.90322581 0.94444444 0.88888889 0.90322581 0.9375     0.90322581
 0.96774194 0.9375     0.90322581 0.94117647 0.875      0.94444444
 0.97142857 0.97142857 0.9375     0.875      0.75862069 0.90909091
 0.9375     0.93333333 0.96969697 0.91428571 0.90909091 0.88235294
 0.90909091 0.875      0.88235294 0.96969697]
Mean f1: 0.9172784132984435
Dev: 0.04508587770514074


LR_RUS_6 Cross-Validation Results f1:
 [0.96969697 0.90909091 0.93333333 0.94117647 0.91891892 0.96969697
 0.9375     0.94117647 0.82352941 0.9375     0.88235294 0.83870968
 0.88235294 0.91428571 1.         0.96969697 0.94117647 0.94117647
 0.90322581 0.94117647 0.9375     0.875      0.96969697 0.94444444
 0.9375     0.9375     0.91428571 0.88235294 0.88888889 0.90322581
 0.9375     0.9375     0.96969697 0.9375     0.88888889 0.94444444
 0.90322581 0.9375     0.96969697 0.88235294 0.90322581 0.96774194
 0.82352941 0.97142857 0.91891892 0.875      0.9375     0.96774194
 0.94117647 0.91428571 1.         0.8        0.88235294 0.94444444
 0.90909091 1.         0.90909091 0.9375     0.96774194 0.90909091
 0.96969697 0.90909091 0.93333333 1.         0.84848485 0.8125
 0.88235294 0.91428571 0.96969697 0.90909091 0.90909091 0.96774194
 0.96969697 0.96969697 0.94444444 0.8125     0.91428571 0.9375
 0.88235294 0.96969697 0.94117647 0.94117647 0.96969697 0.91428571
 0.88235294 0.97142857 0.9375     0.96969697 0.82758621 0.96969697
 0.9375     0.9375     0.88235294 0.90322581 0.91428571 0.88235294
 0.90909091 0.94117647 0.96774194 1.        ]
Mean f1: 0.9249969796446846
Dev: 0.043735441327299306


LR_RUS_7 Cross-Validation Results f1:
 [0.9375     0.88235294 0.86666667 1.         0.88235294 0.97142857
 0.875      0.96774194 0.88235294 0.91428571 0.875      0.86666667
 1.         0.91428571 0.94444444 0.97142857 0.94117647 0.9375
 0.90322581 0.94117647 0.9375     0.94117647 0.90909091 0.94117647
 0.9375     0.86666667 0.86486486 0.91428571 0.94117647 0.875
 0.90909091 0.9375     0.94117647 0.91428571 0.91428571 1.
 0.90909091 0.82758621 0.96969697 0.84848485 0.89655172 0.89655172
 0.88235294 1.         0.91891892 1.         0.90322581 0.88235294
 0.88888889 0.91428571 0.96969697 0.875      0.90909091 0.94444444
 0.96969697 0.90909091 0.88235294 0.90909091 0.9375     0.90909091
 0.91428571 0.94117647 0.90322581 0.96969697 0.96969697 0.9375
 0.91428571 0.88888889 0.9375     0.90322581 0.88235294 0.96774194
 0.83870968 0.94444444 0.97142857 0.84848485 0.90322581 0.90322581
 0.9375     0.90909091 0.96969697 0.90909091 0.85714286 0.94117647
 0.90909091 0.94444444 0.9375     0.96969697 0.93333333 0.90909091
 0.90909091 1.         0.86666667 0.87179487 0.91428571 0.91891892
 0.86666667 0.9375     0.96774194 0.9375    ]
Mean f1: 0.9202852152135342
Dev: 0.03920033554051086


LR_RUS_8 Cross-Validation Results f1:
 [0.88235294 0.82352941 0.96969697 0.91891892 0.88888889 0.97142857
 0.875      0.9375     0.93333333 0.94117647 0.90322581 0.82352941
 0.91428571 0.91891892 0.88235294 0.96969697 0.875      0.94117647
 0.9375     0.96969697 1.         0.96774194 1.         0.91428571
 0.88888889 0.97142857 0.90909091 0.83333333 0.82352941 0.96774194
 0.875      0.96969697 0.875      0.88235294 0.88235294 0.94117647
 0.94117647 0.875      0.96969697 0.90909091 0.85714286 0.93333333
 0.88235294 0.94444444 0.94444444 0.83333333 0.90909091 0.91428571
 0.9375     0.94117647 0.91428571 0.96969697 0.88235294 0.91428571
 0.88888889 1.         0.94117647 0.90322581 0.875      0.82758621
 0.84848485 0.91428571 0.83870968 0.91428571 0.96969697 0.94117647
 0.91428571 0.86486486 1.         0.94117647 0.90909091 0.9375
 0.94117647 0.91891892 0.94444444 0.83870968 0.88235294 0.9375
 0.90909091 0.9375     0.88235294 0.9375     0.91428571 0.94444444
 0.91891892 0.91428571 0.82758621 0.96969697 0.86666667 0.94117647
 0.85714286 0.9375     1.         0.91891892 0.91428571 0.91428571
 0.77419355 0.91428571 0.88235294 1.        ]
Mean f1: 0.9142052641093078
Dev: 0.046596731772042405


LR_RUS_9 Cross-Validation Results f1:
 [0.93333333 0.9375     0.83333333 0.90322581 0.94444444 0.9375
 0.875      0.96774194 0.88235294 0.94117647 0.82352941 0.9375
 0.9375     0.84848485 0.91428571 0.94117647 0.94117647 0.94117647
 0.9375     1.         0.9375     0.8        0.94117647 0.88888889
 0.82352941 0.97142857 0.90909091 0.875      0.94117647 0.89655172
 0.90909091 0.91428571 0.83333333 0.94444444 0.90909091 0.96969697
 0.89655172 0.85714286 0.96774194 0.90909091 0.93333333 0.83870968
 0.84848485 0.97142857 0.94117647 0.90909091 0.91428571 0.94117647
 0.94117647 0.90909091 0.90322581 0.82352941 0.91428571 0.97142857
 0.94117647 1.         0.91428571 0.90909091 0.84848485 0.90322581
 0.94117647 0.90322581 0.9375     0.90322581 0.82352941 0.91428571
 0.94117647 0.88235294 1.         0.90322581 0.88888889 0.89655172
 0.94117647 0.75       0.97142857 0.84848485 0.94117647 0.96774194
 0.96969697 0.90322581 0.875      0.93333333 0.94117647 0.85714286
 0.86486486 0.94117647 0.96969697 0.90909091 0.89655172 0.9375
 0.90322581 0.90322581 0.84848485 0.8125     0.91428571 0.85
 0.9375     0.96969697 1.         1.        ]
Mean f1: 0.9124195928944833
Dev: 0.04869236943913825


LR_RUS_10 Cross-Validation Results f1:
 [0.93333333 0.90322581 0.96774194 0.97142857 0.91891892 0.90909091
 0.86666667 0.91428571 0.90322581 0.91428571 0.90322581 0.9375
 0.85714286 0.96969697 0.91428571 0.91428571 0.90909091 0.94117647
 0.93333333 0.96774194 1.         0.90909091 0.96969697 0.88235294
 0.84848485 1.         0.9375     0.88235294 0.91428571 0.86666667
 0.90322581 0.9375     1.         0.9375     0.83333333 0.91428571
 1.         0.875      0.9375     0.88235294 0.90322581 0.9375
 0.875      0.94444444 0.84848485 0.90322581 0.96969697 0.94117647
 0.96969697 0.91428571 0.93333333 0.90322581 0.9375     0.89473684
 1.         0.94117647 0.91428571 0.88235294 0.86666667 0.86666667
 0.96969697 0.82758621 0.875      0.97142857 0.90909091 0.91428571
 0.875      0.88235294 1.         0.96969697 0.88235294 0.9375
 1.         0.91428571 0.91428571 0.90322581 0.90909091 0.94117647
 0.90909091 0.9375     0.93333333 0.89655172 0.96969697 0.94117647
 0.94444444 1.         0.90909091 0.83870968 0.78787879 0.96969697
 0.875      0.90322581 0.96969697 1.         0.88235294 0.94117647
 0.86666667 0.78947368 1.         0.90909091]
Mean f1: 0.9199740282536573
Dev: 0.0462669619132891


LR_NM Cross-Validation Results f1:
 [0.94117647 0.90909091 0.96774194 0.97142857 0.96969697 0.90909091
 0.91428571 0.96969697 0.96969697 0.88235294 0.96969697 0.90909091
 0.9375     0.94444444 0.97142857 0.89473684 0.9375     1.
 0.9375     1.         1.         1.         0.96969697 0.88235294
 0.91428571 0.91428571 0.94117647 0.90909091 0.94117647 0.94117647
 0.93333333 0.96969697 1.         0.94117647 0.94117647 0.94444444
 0.91428571 0.90909091 0.94117647 1.         0.9375     0.875
 0.96969697 0.91891892 0.94444444 0.88235294 0.96969697 1.
 0.96774194 0.96969697 0.90322581 0.94117647 0.9375     0.97142857
 0.97142857 0.94444444 0.90909091 0.96969697 0.94117647 1.
 0.96969697 0.94117647 0.94117647 0.97142857 0.875      0.97142857
 0.94117647 0.9375     0.9375     0.96969697 0.96969697 0.88235294
 0.96969697 0.97142857 0.85       1.         0.93333333 1.
 0.9375     0.96774194 0.90322581 0.91428571 0.94117647 0.97142857
 0.97142857 1.         0.93333333 1.         0.88235294 0.91428571
 0.9375     0.94117647 1.         0.97142857 0.94117647 1.
 0.90322581 0.88888889 0.91428571 0.90909091]
Mean f1: 0.9451381707188282
Dev: 0.035528444933205956


DT_RUS_1 Cross-Validation Results f1:
 [1.         0.96969697 0.96774194 1.         1.         1.
 0.96969697 1.         0.9375     1.         0.96774194 0.96774194
 0.96774194 1.         1.         1.         0.94117647 0.9375
 1.         0.96774194 0.93333333 0.96969697 1.         1.
 0.96969697 0.97142857 0.96969697 1.         0.96774194 1.
 0.93333333 0.96969697 1.         0.96969697 0.91428571 0.96969697
 1.         1.         1.         0.96774194 1.         0.9375
 0.96969697 0.96969697 1.         0.96969697 1.         1.
 0.96774194 0.96969697 0.96774194 0.96774194 1.         1.
 0.97142857 0.97142857 0.96969697 1.         1.         0.93333333
 0.96774194 0.96774194 0.96969697 1.         1.         0.90909091
 0.9375     1.         1.         0.96969697 1.         0.9375
 1.         1.         1.         1.         1.         0.96774194
 0.9375     0.86666667 1.         0.96774194 0.9375     1.
 0.9375     1.         0.96969697 0.93333333 0.9375     1.
 0.96969697 0.94117647 0.93333333 0.9375     0.96969697 1.
 1.         0.93333333 1.         1.        ]
Mean f1: 0.9746461449682513
Dev: 0.02744139721988261


DT_RUS_2 Cross-Validation Results f1:
 [1.         0.96969697 1.         0.96969697 0.94117647 1.
 0.96969697 0.96774194 1.         0.93333333 1.         0.9375
 1.         1.         1.         0.96969697 0.94117647 0.93333333
 1.         1.         1.         0.96969697 0.96774194 1.
 0.96969697 0.97142857 0.9375     1.         0.93333333 1.
 0.96774194 0.90909091 0.96774194 0.97142857 0.97142857 0.96969697
 0.96969697 1.         0.96774194 1.         1.         0.96774194
 0.96969697 0.97142857 0.96969697 1.         1.         0.96969697
 0.93333333 1.         1.         1.         0.93333333 0.96969697
 1.         0.96969697 0.90909091 0.9375     1.         1.
 1.         0.9375     0.89655172 0.97142857 1.         1.
 0.9375     1.         1.         0.96774194 1.         1.
 0.96969697 1.         1.         0.96969697 1.         1.
 0.9375     0.90322581 1.         1.         0.96969697 0.96969697
 0.96969697 0.94117647 0.96774194 1.         0.96774194 0.96969697
 0.9375     0.9375     0.96774194 0.97142857 1.         1.
 1.         0.9375     1.         0.96774194]
Mean f1: 0.9744363057033917
Dev: 0.02698075848170448


DT_RUS_3 Cross-Validation Results f1:
 [0.96774194 0.96774194 1.         0.97142857 0.97142857 0.96969697
 0.96969697 0.96969697 1.         1.         0.96774194 1.
 0.96774194 1.         1.         1.         0.9375     0.96969697
 0.96969697 1.         1.         1.         1.         0.97142857
 0.9375     0.97142857 0.96969697 1.         0.96774194 1.
 1.         1.         1.         0.96969697 0.94117647 0.91428571
 1.         1.         1.         1.         0.94117647 0.9375
 0.9375     1.         1.         1.         0.96774194 1.
 1.         1.         0.90322581 1.         1.         0.97142857
 1.         0.97142857 0.96969697 1.         1.         0.96774194
 0.96774194 0.93333333 1.         1.         1.         1.
 0.96969697 1.         0.96969697 0.9375     1.         0.91428571
 1.         0.96969697 0.96969697 0.96969697 1.         0.96969697
 0.96969697 0.96969697 0.96969697 0.89655172 0.96969697 1.
 0.97142857 0.96969697 1.         0.96774194 0.93333333 1.
 0.94117647 1.         0.96969697 1.         0.96969697 1.
 0.96969697 0.96774194 1.         0.96774194]
Mean f1: 0.9778453966124826
Dev: 0.024867951337642438


DT_RUS_4 Cross-Validation Results f1:
 [1.         0.96969697 1.         1.         0.9375     0.94117647
 0.90322581 0.94117647 0.96774194 0.96774194 0.93333333 0.90322581
 1.         0.96969697 0.96969697 0.96969697 0.94117647 0.96774194
 1.         0.96774194 0.90322581 0.96774194 1.         0.96969697
 1.         1.         0.9375     0.9375     0.96774194 0.96774194
 0.93333333 0.93333333 0.96774194 0.94117647 0.94117647 0.97142857
 1.         1.         1.         0.96774194 0.96774194 1.
 0.9375     1.         0.96969697 0.94117647 0.9375     1.
 0.93333333 0.96774194 1.         1.         0.96774194 1.
 0.96969697 0.97142857 0.86666667 0.93333333 0.9375     1.
 0.93333333 0.93333333 0.96774194 1.         0.90322581 0.97142857
 0.94117647 0.96774194 1.         1.         1.         0.96774194
 0.96969697 1.         1.         0.9375     0.96774194 0.96774194
 0.9375     0.96969697 0.94117647 1.         0.96969697 1.
 0.96969697 0.88235294 0.89655172 1.         0.89655172 1.
 0.94117647 0.93333333 0.96774194 1.         0.96969697 1.
 0.96774194 1.         0.96774194 0.9375    ]
Mean f1: 0.9643526924421301
Dev: 0.031550470084151544


DT_RUS_5 Cross-Validation Results f1:
 [1.         0.96774194 1.         1.         0.96969697 0.97142857
 0.96969697 1.         0.9375     0.96774194 0.96774194 0.96774194
 1.         0.96969697 0.97142857 0.96969697 0.96969697 1.
 0.96774194 0.96969697 0.96774194 1.         1.         1.
 0.94117647 0.96969697 0.90909091 1.         1.         0.96969697
 0.96774194 0.96774194 1.         0.96969697 0.94117647 0.94117647
 1.         1.         1.         1.         1.         0.96774194
 0.9375     1.         0.94117647 1.         0.96774194 1.
 1.         1.         1.         0.96774194 1.         1.
 1.         0.94117647 0.96969697 0.96774194 0.96969697 0.96774194
 1.         0.90322581 1.         1.         0.96969697 0.96969697
 0.96969697 1.         1.         0.96969697 1.         0.96774194
 0.96774194 0.91891892 1.         1.         1.         0.90322581
 0.96774194 0.94117647 0.96774194 0.96969697 0.9375     1.
 1.         0.96969697 1.         0.96774194 0.93333333 0.96969697
 0.9375     0.96774194 1.         1.         0.90322581 0.97142857
 1.         1.         1.         1.        ]
Mean f1: 0.9762400734725213
Dev: 0.025702255621241125


DT_RUS_6 Cross-Validation Results f1:
 [0.96774194 0.96774194 0.90322581 0.96969697 1.         1.
 0.9375     0.94117647 0.96969697 0.96774194 0.96774194 0.93333333
 0.94117647 1.         0.97142857 0.9375     0.96969697 0.94117647
 0.93333333 1.         1.         1.         1.         0.97142857
 0.96969697 0.9375     0.90322581 0.96969697 1.         0.96969697
 1.         0.96774194 0.96969697 0.97142857 0.90909091 1.
 0.96774194 0.96969697 0.96774194 0.9375     1.         0.96969697
 0.90322581 0.97142857 1.         0.97142857 0.96774194 0.93333333
 0.96774194 1.         1.         0.83870968 0.96969697 0.9375
 0.9375     1.         0.90909091 1.         1.         1.
 0.96774194 0.94117647 1.         1.         0.91428571 0.875
 0.9375     0.9375     1.         1.         0.9375     0.96774194
 0.96969697 1.         0.9375     1.         1.         1.
 0.90909091 0.96969697 0.94117647 1.         0.82758621 0.91428571
 0.94117647 1.         0.96774194 1.         1.         1.
 0.96969697 1.         0.96774194 0.97142857 0.90909091 0.96969697
 0.96969697 1.         0.96774194 1.        ]
Mean f1: 0.9646038026293539
Dev: 0.03582202797516398


DT_RUS_7 Cross-Validation Results f1:
 [1.         0.96774194 0.90322581 0.96969697 1.         0.96969697
 0.9375     1.         1.         0.96969697 0.9375     0.85714286
 0.9375     1.         0.96969697 1.         0.9375     1.
 1.         1.         1.         1.         0.94117647 1.
 0.96969697 0.96969697 0.88888889 1.         0.96774194 0.93333333
 1.         1.         0.96969697 0.96969697 0.94444444 0.96969697
 0.96774194 0.96774194 1.         0.96774194 0.96774194 1.
 0.90322581 1.         1.         1.         0.96969697 0.96969697
 0.94117647 1.         0.96774194 1.         0.96774194 1.
 1.         1.         0.88235294 0.96774194 1.         0.96774194
 0.96774194 0.88235294 0.96774194 1.         1.         1.
 0.96969697 0.94117647 0.93333333 1.         1.         1.
 0.9375     1.         0.96969697 0.9375     1.         1.
 0.96969697 0.96969697 0.96774194 1.         0.88888889 1.
 1.         0.96969697 1.         1.         0.9375     0.93333333
 0.96969697 1.         0.9375     1.         0.96969697 0.97142857
 0.96774194 0.9375     1.         0.93333333]
Mean f1: 0.9711924644246751
Dev: 0.03268619607088402


DT_RUS_8 Cross-Validation Results f1:
 [0.96774194 0.90909091 0.96774194 0.97142857 1.         1.
 0.96969697 1.         0.96969697 1.         1.         0.94117647
 0.96774194 0.97142857 1.         1.         0.96969697 1.
 1.         1.         1.         1.         1.         0.96969697
 1.         0.96969697 0.94117647 0.96969697 0.90909091 0.93333333
 1.         0.96969697 0.96969697 0.97142857 0.94117647 1.
 0.96969697 1.         1.         1.         1.         1.
 0.94117647 1.         0.97142857 0.96969697 0.96969697 1.
 1.         1.         1.         0.96969697 0.9375     1.
 0.97142857 0.97142857 0.9375     0.96969697 1.         1.
 0.96969697 0.96969697 1.         1.         1.         1.
 0.94117647 0.96774194 1.         0.91428571 1.         0.96774194
 1.         0.97142857 0.97142857 1.         1.         1.
 0.94117647 0.96969697 0.9375     1.         0.94117647 1.
 1.         0.97142857 0.93333333 0.96774194 0.96969697 0.96969697
 0.875      1.         1.         0.97142857 1.         0.97142857
 0.96774194 1.         0.96969697 1.        ]
Mean f1: 0.9775901975159565
Dev: 0.026042446509583143


DT_RUS_9 Cross-Validation Results f1:
 [0.93333333 0.96774194 0.9375     0.96969697 1.         0.96969697
 0.90909091 1.         1.         1.         0.96774194 1.
 0.90322581 0.96969697 1.         0.94117647 0.96969697 0.96969697
 1.         1.         1.         0.96969697 1.         0.96969697
 0.91428571 0.94117647 0.94117647 0.93333333 1.         1.
 1.         1.         0.96774194 0.97142857 0.94117647 1.
 0.96774194 0.89655172 0.96774194 0.90322581 1.         0.96774194
 0.94117647 1.         0.9375     1.         1.         1.
 0.86666667 0.9375     0.9375     0.9375     1.         1.
 1.         1.         0.96969697 0.93333333 0.96969697 0.89655172
 1.         0.96774194 1.         1.         0.9375     0.96969697
 0.96969697 1.         1.         0.94117647 1.         1.
 1.         0.90909091 1.         0.97142857 1.         0.96774194
 0.9375     0.9375     1.         0.96774194 0.96969697 1.
 1.         0.96969697 1.         0.96969697 0.96969697 0.96774194
 0.9375     0.96774194 1.         0.96969697 0.96969697 0.94444444
 0.96969697 1.         1.         1.        ]
Mean f1: 0.9707025641601231
Dev: 0.03128873368439788


DT_RUS_10 Cross-Validation Results f1:
 [0.96774194 0.96774194 1.         0.97142857 0.97142857 1.
 0.90322581 0.96969697 0.94117647 0.96969697 0.89655172 1.
 0.94117647 0.97142857 0.97142857 0.96969697 0.94117647 1.
 1.         0.96774194 1.         0.96969697 0.96969697 0.96969697
 0.94117647 0.96969697 0.96969697 0.96774194 1.         0.96774194
 1.         0.96969697 0.96969697 0.96969697 0.94117647 1.
 1.         0.96969697 0.96774194 0.96774194 0.94117647 0.96774194
 0.96969697 1.         0.9375     1.         0.96774194 0.90909091
 1.         1.         0.96774194 0.9375     0.96969697 0.94444444
 1.         0.96969697 0.96969697 0.96969697 1.         0.93333333
 0.96774194 0.96774194 0.96774194 1.         0.97142857 0.97142857
 0.96969697 0.96774194 0.96774194 1.         0.96969697 0.89655172
 0.96774194 0.97142857 0.97142857 1.         1.         0.96774194
 0.96774194 0.94117647 1.         0.9375     0.9375     0.97142857
 0.97142857 1.         1.         0.90322581 0.96774194 1.
 0.90909091 0.96774194 0.96774194 1.         0.96969697 1.
 0.96774194 0.96969697 0.96969697 0.96969697]
Mean f1: 0.9694138854921752
Dev: 0.025033010765869397


DT_NM Cross-Validation Results f1:
 [1.         0.96969697 1.         1.         0.96969697 1.
 1.         1.         0.96969697 0.96774194 1.         0.96969697
 1.         1.         1.         0.94117647 0.96774194 1.
 1.         1.         1.         1.         1.         0.97142857
 1.         1.         1.         0.90322581 1.         1.
 0.96774194 1.         1.         0.97142857 1.         0.97142857
 1.         0.96774194 1.         1.         1.         0.96969697
 1.         1.         1.         0.96969697 1.         1.
 0.96774194 0.96969697 0.9375     1.         1.         1.
 1.         1.         0.96774194 0.96969697 1.         1.
 1.         1.         0.96969697 1.         0.9375     0.97142857
 1.         1.         1.         1.         1.         0.96774194
 1.         1.         0.94444444 1.         1.         1.
 1.         0.96774194 1.         1.         1.         1.
 1.         1.         0.96774194 1.         0.96774194 0.94117647
 0.96774194 0.96774194 1.         0.97142857 1.         1.
 1.         1.         1.         0.96969697]
Mean f1: 0.9877203897199154
Dev: 0.019456890418643562


RF_RUS_1 Cross-Validation Results f1:
 [0.96774194 0.96969697 1.         1.         1.         1.
 0.9375     1.         0.96969697 1.         1.         1.
 1.         1.         0.9375     1.         0.94117647 0.96969697
 1.         0.96774194 0.96774194 0.9375     1.         1.
 0.86666667 0.97142857 0.96969697 1.         0.96774194 1.
 0.93333333 0.96969697 1.         0.96969697 0.94444444 1.
 1.         1.         1.         0.96774194 0.96969697 0.96969697
 0.96969697 0.96969697 0.96969697 0.96969697 0.96774194 1.
 1.         0.96969697 0.96774194 1.         1.         1.
 0.97142857 0.97142857 0.96969697 1.         1.         1.
 1.         1.         0.96969697 0.96969697 1.         1.
 0.96969697 0.96774194 1.         0.96969697 1.         0.9375
 1.         1.         1.         1.         0.96774194 0.96774194
 0.96969697 0.86666667 0.96969697 1.         0.96969697 0.96969697
 1.         0.96969697 0.96969697 1.         0.9375     1.
 0.96969697 0.94117647 0.96774194 1.         0.96969697 1.
 0.93333333 1.         1.         1.        ]
Mean f1: 0.9788586560235043
Dev: 0.025895441929967046


RF_RUS_2 Cross-Validation Results f1:
 [1.         0.96969697 1.         1.         0.94117647 1.
 0.96969697 0.96774194 0.96969697 0.96774194 1.         0.9375
 1.         1.         1.         0.96969697 0.94117647 0.96774194
 0.96969697 1.         1.         0.96969697 0.96774194 0.96969697
 1.         0.97142857 0.96969697 1.         0.96774194 0.96774194
 1.         1.         0.96774194 0.97142857 0.94117647 0.96969697
 0.96969697 1.         1.         0.96774194 0.94117647 0.93333333
 0.96969697 0.97142857 0.96969697 1.         1.         0.96969697
 0.93333333 1.         1.         1.         1.         0.96969697
 1.         0.96969697 0.94117647 0.90322581 1.         0.96774194
 1.         0.96969697 0.96774194 0.97142857 1.         1.
 0.9375     1.         1.         1.         1.         0.96774194
 0.96969697 1.         0.97142857 0.9375     1.         0.96774194
 0.96969697 0.90322581 0.96774194 0.96969697 0.96969697 1.
 0.96969697 0.94117647 1.         1.         0.93333333 0.96969697
 0.9375     1.         0.96774194 0.97142857 1.         1.
 0.96774194 0.96969697 1.         1.        ]
Mean f1: 0.9765124120029243
Dev: 0.0234329646046033


RF_RUS_3 Cross-Validation Results f1:
 [0.96774194 1.         0.96774194 0.97142857 0.97142857 0.96969697
 0.96969697 0.96969697 0.9375     1.         0.93333333 1.
 0.96774194 1.         1.         1.         0.96969697 0.96969697
 0.96969697 1.         1.         1.         0.96774194 0.97142857
 0.96969697 0.97142857 0.96969697 1.         0.96774194 0.96774194
 1.         0.96774194 1.         1.         0.97142857 0.91428571
 1.         1.         1.         1.         0.94117647 0.96774194
 0.9375     1.         1.         1.         1.         1.
 1.         1.         0.90322581 1.         1.         0.97142857
 1.         1.         0.96969697 1.         1.         0.93333333
 0.93333333 0.96774194 0.96774194 1.         1.         1.
 0.96969697 1.         0.96969697 0.96969697 1.         0.94117647
 1.         1.         1.         0.9375     1.         0.96969697
 0.96969697 0.96969697 0.94117647 0.96774194 0.96969697 1.
 0.94444444 0.96969697 1.         1.         1.         1.
 0.96969697 0.96774194 0.9375     1.         0.96969697 0.97142857
 0.96969697 1.         1.         1.        ]
Mean f1: 0.9794232799669232
Dev: 0.02310068610353655


RF_RUS_4 Cross-Validation Results f1:
 [1.         0.96969697 1.         1.         1.         0.97142857
 0.90322581 1.         0.96774194 1.         1.         0.96969697
 1.         1.         0.96969697 1.         0.94117647 1.
 1.         1.         0.96969697 0.96774194 1.         1.
 0.94444444 1.         0.96969697 0.96969697 1.         1.
 0.89655172 1.         1.         0.94117647 0.94117647 0.97142857
 1.         1.         1.         1.         0.96774194 1.
 0.96969697 1.         1.         0.97142857 0.96969697 1.
 0.93333333 0.96774194 1.         0.9375     0.96774194 1.
 0.96969697 0.97142857 0.90322581 1.         0.96969697 1.
 1.         0.96774194 0.96774194 1.         0.9375     0.97142857
 0.94117647 1.         1.         1.         1.         1.
 0.96969697 1.         1.         0.96969697 0.96774194 0.93333333
 0.9375     0.96969697 1.         1.         0.96969697 1.
 0.96969697 0.94444444 1.         1.         0.89655172 1.
 0.94117647 0.96774194 1.         1.         0.96969697 1.
 1.         1.         0.96774194 0.9375    ]
Mean f1: 0.9786070669680891
Dev: 0.026746107560387943


RF_RUS_5 Cross-Validation Results f1:
 [1.         0.96774194 1.         1.         1.         0.97142857
 0.96969697 1.         0.9375     1.         0.96774194 0.96774194
 1.         1.         0.97142857 1.         0.96969697 1.
 0.96969697 0.96969697 0.96774194 1.         1.         1.
 0.96969697 1.         0.90909091 1.         1.         0.96969697
 0.96774194 0.96774194 1.         1.         0.94117647 0.97142857
 1.         1.         1.         1.         0.96774194 0.96774194
 0.96969697 1.         0.97142857 1.         0.96774194 1.
 1.         1.         1.         1.         1.         1.
 1.         0.97142857 0.96969697 0.96774194 1.         0.96774194
 1.         0.86666667 1.         1.         0.96969697 1.
 0.96969697 1.         1.         0.96969697 1.         0.96774194
 1.         0.94444444 1.         1.         1.         0.90322581
 1.         0.94117647 1.         0.94117647 0.96969697 1.
 1.         0.96969697 1.         0.96774194 0.93333333 0.96969697
 0.96969697 0.96774194 1.         1.         0.90322581 0.97142857
 0.9375     1.         1.         1.        ]
Mean f1: 0.9808092944900346
Dev: 0.025866700782067122


RF_RUS_6 Cross-Validation Results f1:
 [0.96969697 1.         0.96969697 0.96969697 1.         1.
 0.9375     0.96969697 1.         0.96774194 0.96774194 0.96774194
 1.         1.         0.97142857 0.9375     0.96969697 0.96969697
 0.96774194 1.         0.96774194 1.         1.         0.94444444
 0.96969697 0.96969697 0.90322581 0.96969697 1.         0.96969697
 1.         0.96774194 0.96969697 1.         0.90909091 1.
 1.         1.         0.96969697 0.90322581 0.96774194 1.
 0.90322581 1.         1.         0.97142857 0.96774194 1.
 1.         1.         1.         0.88235294 0.96969697 0.96969697
 0.9375     1.         0.96969697 1.         1.         1.
 0.96774194 1.         0.96969697 1.         0.97142857 0.875
 0.96969697 0.96774194 1.         1.         0.9375     0.96774194
 0.96969697 1.         0.9375     1.         1.         0.96774194
 0.96969697 0.96969697 0.96969697 0.94117647 0.9375     1.
 0.97142857 1.         1.         1.         0.93333333 1.
 0.96969697 0.96969697 1.         0.96969697 0.96969697 1.
 0.96969697 1.         0.96774194 1.        ]
Mean f1: 0.9749855617711404
Dev: 0.027991138426100803


RF_RUS_7 Cross-Validation Results f1:
 [1.         1.         0.90322581 1.         0.96969697 0.96969697
 0.96969697 1.         1.         0.96969697 0.9375     0.89655172
 0.9375     1.         0.96969697 1.         0.96969697 1.
 0.94117647 1.         1.         1.         0.9375     0.96969697
 0.96969697 0.96969697 0.96969697 1.         0.96774194 0.96774194
 1.         1.         0.96969697 0.97142857 0.94444444 0.96969697
 0.96774194 1.         1.         0.96774194 0.96774194 0.96774194
 0.9375     1.         1.         1.         0.96969697 0.96969697
 1.         1.         0.96774194 1.         1.         1.
 1.         1.         0.88235294 1.         1.         0.96774194
 0.96774194 0.9375     0.96774194 1.         1.         1.
 0.96969697 0.94117647 0.96774194 1.         1.         1.
 0.90322581 1.         0.94117647 1.         1.         1.
 0.96969697 0.96969697 1.         0.91428571 0.94117647 1.
 1.         0.96969697 1.         1.         0.9375     0.96774194
 0.96969697 1.         1.         1.         0.96969697 0.97142857
 0.96774194 0.96774194 1.         0.96774194]
Mean f1: 0.9768671788835533
Dev: 0.027033068613730754


RF_RUS_8 Cross-Validation Results f1:
 [1.         0.90322581 1.         0.97142857 1.         1.
 0.9375     1.         1.         0.90909091 0.96774194 0.90909091
 1.         1.         0.96969697 1.         0.9375     1.
 1.         1.         1.         1.         1.         1.
 1.         0.9375     0.96969697 0.9375     0.9375     1.
 1.         1.         0.96969697 0.97142857 0.97142857 0.96969697
 1.         0.96774194 1.         1.         0.96774194 1.
 0.94117647 1.         1.         1.         1.         1.
 0.96774194 1.         0.96774194 1.         0.96969697 1.
 1.         0.97142857 0.96969697 1.         1.         0.96774194
 0.9375     1.         1.         1.         0.96969697 1.
 0.96969697 0.96774194 1.         0.96969697 1.         0.96774194
 1.         0.97142857 0.97142857 0.96969697 1.         0.96774194
 1.         0.9375     0.96969697 1.         0.94117647 1.
 1.         1.         0.89655172 0.96774194 1.         1.
 0.875      1.         1.         1.         1.         1.
 0.93333333 1.         0.9375     1.        ]
Mean f1: 0.9798130307335797
Dev: 0.028193793525628886


RF_RUS_9 Cross-Validation Results f1:
 [0.89655172 1.         0.96969697 0.96969697 1.         0.96969697
 0.90909091 0.96774194 1.         1.         1.         1.
 0.89655172 0.96969697 0.97142857 0.94117647 0.96969697 0.9375
 1.         1.         0.96774194 0.96969697 1.         0.96969697
 0.94117647 0.94117647 0.96969697 0.96774194 1.         1.
 1.         1.         0.96774194 0.97142857 0.97142857 1.
 0.96774194 0.93333333 0.96774194 0.96969697 1.         1.
 0.94117647 1.         0.9375     0.96969697 0.96774194 1.
 0.89655172 0.96774194 0.9375     0.96774194 1.         1.
 1.         0.96969697 0.96969697 1.         0.96969697 0.89655172
 0.96969697 0.96774194 1.         0.96969697 0.9375     0.96969697
 0.96969697 0.96774194 0.96774194 0.94117647 1.         1.
 1.         0.9375     0.96969697 0.97142857 1.         0.93333333
 0.9375     0.9375     1.         0.96774194 0.96969697 1.
 1.         0.96969697 1.         0.96969697 0.96774194 0.96774194
 0.90322581 0.93333333 1.         1.         1.         0.97142857
 0.90322581 0.96774194 1.         1.        ]
Mean f1: 0.9707478196000819
Dev: 0.02867489379415074


RF_RUS_10 Cross-Validation Results f1:
 [1.         1.         1.         1.         1.         1.
 0.9375     1.         1.         0.96969697 0.89655172 1.
 1.         0.97142857 1.         1.         0.94117647 1.
 0.96969697 1.         1.         1.         0.96969697 1.
 0.94117647 0.96969697 0.96969697 1.         1.         0.96774194
 1.         1.         0.96969697 1.         0.90909091 1.
 1.         0.96969697 0.96774194 1.         0.9375     0.96774194
 0.9375     1.         0.9375     1.         0.96774194 1.
 1.         1.         1.         1.         1.         0.94444444
 1.         0.96969697 0.96969697 1.         1.         1.
 0.96774194 0.96774194 1.         1.         0.97142857 0.97142857
 0.96969697 1.         0.96774194 1.         0.96969697 0.96774194
 1.         1.         1.         1.         1.         0.96774194
 1.         0.96969697 0.96969697 0.96969697 0.9375     1.
 1.         1.         1.         0.90322581 1.         1.
 0.9375     1.         0.96774194 1.         0.96969697 1.
 0.96774194 0.96969697 0.96969697 1.        ]
Mean f1: 0.9820496131475813
Dev: 0.024302261385365752


RF_NM Cross-Validation Results f1:
 [1.         0.96969697 1.         1.         1.         1.
 1.         1.         0.96969697 0.96774194 1.         0.96969697
 1.         1.         1.         0.97142857 0.96774194 1.
 1.         1.         1.         1.         1.         0.97142857
 1.         1.         1.         0.9375     1.         1.
 1.         1.         1.         0.97142857 1.         0.97142857
 1.         0.96774194 1.         1.         1.         0.96969697
 1.         1.         0.94444444 1.         1.         1.
 0.96774194 0.96969697 0.9375     1.         1.         1.
 1.         1.         1.         0.96969697 1.         1.
 1.         1.         0.96969697 1.         0.96969697 0.97142857
 1.         1.         1.         1.         1.         1.
 1.         1.         0.94444444 1.         1.         1.
 1.         0.96774194 1.         1.         1.         1.
 1.         1.         0.96774194 1.         1.         0.94117647
 0.96774194 1.         1.         0.97142857 1.         1.
 1.         1.         1.         0.96969697]
Mean f1: 0.990351030637084
Dev: 0.016906148946421236


XGB_RUS_1 Cross-Validation Results f1:
 [0.96774194 0.96969697 0.96774194 1.         1.         1.
 0.9375     1.         0.94117647 1.         1.         0.93333333
 1.         1.         0.9375     1.         0.94117647 0.96969697
 1.         0.93333333 1.         0.9375     1.         1.
 0.96969697 0.97142857 0.96969697 1.         0.93333333 0.96774194
 0.93333333 0.9375     0.96774194 0.94444444 0.94444444 1.
 1.         1.         1.         0.96774194 1.         0.9375
 0.9375     1.         0.96969697 0.9375     0.96774194 1.
 1.         0.96969697 1.         0.90322581 1.         1.
 0.90909091 0.97142857 0.9375     0.96774194 1.         0.93333333
 0.93333333 1.         0.9375     0.96969697 1.         0.875
 0.96969697 0.96774194 1.         0.96969697 1.         0.96969697
 1.         1.         1.         0.9375     0.96774194 0.96774194
 0.96969697 0.86666667 0.91428571 0.96774194 0.96969697 0.96969697
 0.96969697 0.96969697 0.96969697 1.         0.9375     1.
 0.96969697 0.94117647 0.81481481 1.         0.96969697 1.
 0.93333333 1.         1.         1.        ]
Mean f1: 0.9688389943302183
Dev: 0.034031376904602006


XGB_RUS_2 Cross-Validation Results f1:
 [0.96774194 0.96969697 1.         1.         0.90909091 1.
 0.96969697 0.96774194 0.96969697 0.96774194 1.         0.96969697
 0.96774194 1.         0.97142857 0.96969697 0.94117647 0.96774194
 1.         1.         1.         0.96969697 0.96774194 0.96969697
 1.         0.97142857 0.85714286 1.         0.96774194 0.90322581
 0.96774194 1.         0.96774194 0.97142857 0.88235294 0.96969697
 0.96969697 1.         1.         0.96774194 1.         0.96774194
 0.96969697 0.97142857 0.96969697 0.96969697 1.         0.96969697
 0.96774194 1.         1.         1.         0.93333333 0.96969697
 1.         0.96969697 0.94117647 0.9375     1.         1.
 1.         0.91428571 0.89655172 0.97142857 1.         1.
 0.9375     0.90909091 1.         0.96774194 1.         0.96774194
 0.96969697 1.         1.         0.86666667 1.         1.
 0.96969697 0.90322581 0.96774194 1.         0.96969697 0.96969697
 0.96969697 0.94117647 1.         1.         0.96774194 0.96969697
 0.9375     1.         0.96774194 0.97142857 1.         0.97142857
 0.93333333 0.96969697 1.         0.96774194]
Mean f1: 0.9709701758496908
Dev: 0.03109608631928302


XGB_RUS_3 Cross-Validation Results f1:
 [0.96774194 1.         0.96774194 0.97142857 0.97142857 0.96969697
 0.96969697 1.         0.96969697 1.         1.         0.96774194
 0.96774194 0.90909091 1.         0.97142857 0.9375     0.96969697
 0.96969697 0.96774194 1.         1.         1.         0.94117647
 0.96969697 0.97142857 0.94117647 1.         0.93333333 0.96774194
 1.         0.96774194 1.         0.96969697 0.97142857 0.91428571
 0.96969697 1.         0.96774194 0.96774194 0.90909091 0.96774194
 0.9375     1.         1.         1.         0.96774194 1.
 1.         0.96774194 0.90322581 1.         0.96774194 0.97142857
 1.         1.         0.96969697 0.96774194 1.         0.96774194
 0.93333333 1.         0.93333333 0.94444444 0.96969697 1.
 0.96969697 1.         0.9375     0.9375     0.96969697 0.94117647
 1.         0.96969697 0.96969697 0.90322581 1.         0.96969697
 0.96969697 0.9375     0.94117647 0.89655172 0.96969697 1.
 0.94444444 0.96969697 1.         1.         0.93333333 1.
 0.96969697 0.96774194 0.9375     0.96969697 0.9375     1.
 0.9375     0.96774194 0.96969697 0.96774194]
Mean f1: 0.9693396160500132
Dev: 0.02669374971782845


XGB_RUS_4 Cross-Validation Results f1:
 [1.         0.96969697 1.         1.         0.9375     0.94117647
 0.90322581 0.96774194 0.96774194 1.         0.96774194 0.90322581
 0.96774194 0.96969697 0.9375     0.88888889 0.94117647 0.96774194
 1.         0.96774194 0.90322581 0.96774194 1.         1.
 0.96969697 1.         0.9375     0.96969697 0.96774194 0.93333333
 0.89655172 0.9375     0.96774194 0.94117647 0.90909091 0.97142857
 1.         1.         1.         0.96774194 0.93333333 0.96774194
 0.90909091 1.         0.96969697 0.97142857 0.9375     1.
 0.96774194 0.96774194 1.         0.94117647 0.96774194 1.
 0.96969697 0.97142857 0.86666667 0.93333333 0.9375     1.
 1.         0.93333333 0.9375     1.         0.90322581 0.94444444
 0.94117647 0.96774194 0.96774194 1.         0.96969697 0.96774194
 0.96969697 1.         1.         0.9375     0.93333333 0.93333333
 0.90322581 0.96969697 0.94117647 1.         0.96969697 1.
 0.9375     0.88235294 0.96774194 1.         0.82758621 1.
 0.94117647 0.93333333 0.96774194 1.         0.9375     1.
 0.96774194 1.         0.96774194 0.90909091]
Mean f1: 0.9598029731560942
Dev: 0.035411481320067426


XGB_RUS_5 Cross-Validation Results f1:
 [1.         0.96774194 1.         1.         0.96969697 0.91891892
 0.96969697 1.         0.9375     1.         0.96774194 0.93333333
 1.         0.96969697 0.94117647 0.96969697 0.96969697 1.
 1.         0.96969697 0.89655172 1.         1.         1.
 0.96969697 1.         0.90909091 1.         1.         0.9375
 0.96774194 0.96774194 1.         1.         0.91428571 0.94117647
 1.         1.         1.         0.96774194 0.96774194 0.9375
 0.9375     1.         0.97142857 1.         0.96774194 0.96969697
 1.         1.         1.         0.96774194 1.         1.
 0.96969697 0.94117647 0.96969697 0.93333333 0.96969697 0.96774194
 1.         0.90322581 0.96774194 1.         0.96969697 1.
 0.9375     1.         1.         0.96969697 1.         0.96774194
 1.         0.94444444 1.         0.96969697 1.         0.90322581
 0.96774194 0.94117647 0.9375     0.96969697 0.96969697 1.
 1.         0.96969697 1.         0.96774194 0.875      0.96969697
 0.96969697 0.96774194 1.         1.         0.875      0.97142857
 0.96774194 1.         1.         1.        ]
Mean f1: 0.972793444721584
Dev: 0.030461474923085725


XGB_RUS_6 Cross-Validation Results f1:
 [1.         0.96774194 0.9375     0.96969697 1.         1.
 0.90322581 0.96969697 0.96969697 0.96774194 0.93333333 0.86666667
 1.         1.         0.97142857 0.9375     0.96969697 0.96969697
 0.93333333 1.         1.         1.         1.         0.94444444
 0.9375     0.9375     0.90322581 1.         1.         0.9375
 0.89655172 0.96774194 0.96969697 0.94117647 0.875      1.
 0.96774194 1.         0.96774194 0.90322581 1.         0.9375
 0.875      1.         0.96969697 0.90909091 0.96774194 0.93333333
 0.96774194 1.         1.         0.8125     0.96969697 0.85714286
 0.9375     1.         0.96969697 0.96774194 0.96969697 0.96774194
 0.96774194 0.90909091 0.96774194 1.         0.94444444 0.875
 0.90322581 0.96774194 1.         1.         0.96969697 0.96774194
 0.9375     1.         0.90322581 0.9375     1.         0.96774194
 0.90909091 0.96969697 0.94117647 1.         0.82758621 1.
 0.91428571 1.         0.96774194 1.         0.89655172 1.
 0.9375     0.96774194 0.94117647 0.97142857 0.90322581 0.96969697
 0.9375     1.         0.96774194 1.        ]
Mean f1: 0.9566836141204721
Dev: 0.04197181518487379


XGB_RUS_7 Cross-Validation Results f1:
 [1.         0.96774194 0.90322581 0.94117647 1.         0.96969697
 0.9375     1.         1.         0.94117647 0.9375     0.86666667
 0.9375     1.         1.         1.         0.90909091 1.
 1.         1.         0.96774194 0.96969697 0.90909091 0.96969697
 0.96969697 0.96969697 0.94117647 1.         0.96774194 0.93333333
 0.96774194 1.         0.96969697 0.94444444 0.91891892 0.96969697
 0.96774194 0.96774194 1.         0.96774194 0.96774194 0.93333333
 0.90322581 1.         1.         0.96969697 0.96969697 0.96969697
 0.96969697 1.         0.96774194 1.         0.93333333 0.96969697
 1.         1.         0.85714286 0.96774194 1.         0.96774194
 0.96774194 0.88235294 0.96774194 0.96969697 1.         1.
 0.9375     0.94117647 0.93333333 1.         1.         1.
 0.90322581 1.         0.96969697 0.9375     0.96774194 0.93333333
 0.96969697 0.96969697 0.96774194 1.         0.88888889 1.
 1.         0.96969697 1.         1.         0.86666667 0.9375
 0.94117647 0.96774194 0.96969697 0.97142857 0.96969697 0.97142857
 0.96774194 0.96774194 1.         0.93333333]
Mean f1: 0.9647027738019198
Dev: 0.03421426272443243


XGB_RUS_8 Cross-Validation Results f1:
 [1.         0.9375     1.         0.97142857 1.         1.
 0.9375     1.         1.         0.96774194 0.96774194 0.90909091
 1.         1.         0.96969697 1.         0.9375     1.
 1.         1.         1.         1.         1.         1.
 0.96969697 0.96969697 0.96969697 0.9375     0.9375     0.96774194
 1.         1.         0.96969697 0.97142857 0.94117647 0.96969697
 1.         0.96774194 0.96774194 0.96774194 0.96774194 1.
 0.90909091 1.         1.         1.         0.96969697 1.
 0.96774194 1.         0.96774194 1.         0.96969697 1.
 1.         0.97142857 0.96969697 0.96774194 0.96774194 0.96774194
 0.9375     1.         0.96774194 1.         0.96969697 1.
 0.96969697 1.         0.96774194 0.94117647 0.96774194 1.
 1.         0.94444444 0.97142857 0.96969697 1.         1.
 1.         0.9375     0.96969697 1.         0.94117647 1.
 1.         1.         0.93333333 0.96774194 0.96774194 1.
 0.875      1.         1.         1.         1.         1.
 0.96774194 1.         0.9375     1.        ]
Mean f1: 0.9780561873820888
Dev: 0.025902832667908878


XGB_RUS_9 Cross-Validation Results f1:
 [0.89655172 0.96774194 0.9375     0.96969697 1.         0.96969697
 0.875      0.96774194 1.         1.         0.93333333 0.96774194
 0.93333333 0.96969697 0.97142857 0.94117647 0.9375     0.90322581
 1.         1.         0.96774194 0.96969697 0.96774194 0.96969697
 0.96969697 0.94117647 0.96969697 0.96774194 1.         0.96774194
 0.96969697 1.         0.875      0.97142857 0.90909091 1.
 0.96774194 0.93333333 0.96774194 0.9375     0.96774194 0.96774194
 0.94117647 1.         0.9375     0.94117647 0.96774194 1.
 0.89655172 0.9375     0.9375     0.90909091 0.90909091 1.
 1.         0.96969697 0.96969697 1.         0.88888889 0.85714286
 0.96969697 0.875      0.96774194 1.         0.9375     0.96969697
 0.96969697 0.96774194 0.96774194 0.94117647 1.         1.
 1.         0.90909091 0.96969697 0.94117647 1.         0.93333333
 0.9375     0.9375     1.         0.93333333 0.96969697 0.97142857
 1.         0.96969697 1.         0.96969697 0.90322581 0.96774194
 0.90322581 0.9375     1.         0.96969697 0.96969697 0.97142857
 0.90322581 0.93333333 1.         1.        ]
Mean f1: 0.9582928855770575
Dev: 0.03485034651540456


XGB_RUS_10 Cross-Validation Results f1:
 [0.93333333 0.96774194 1.         0.97142857 1.         1.
 0.82758621 1.         0.96774194 0.9375     0.89655172 0.96774194
 0.94117647 0.97142857 1.         0.91428571 0.94117647 0.96774194
 1.         0.96774194 1.         1.         0.96969697 1.
 0.94117647 0.96969697 0.9375     0.96774194 0.96774194 0.93333333
 1.         1.         0.9375     0.96969697 0.90909091 1.
 1.         0.9375     0.96774194 0.93333333 0.875      0.93333333
 0.9375     1.         0.9375     1.         0.96774194 0.96774194
 1.         1.         0.96774194 0.96774194 0.9375     0.94444444
 1.         0.96969697 0.96969697 0.96774194 1.         0.93333333
 1.         0.93333333 0.93333333 1.         0.97142857 0.97142857
 0.96969697 0.96774194 0.96774194 0.96774194 0.96969697 0.96774194
 0.96774194 1.         1.         0.96969697 1.         0.96774194
 0.96774194 0.875      1.         0.96969697 0.9375     0.94117647
 1.         1.         1.         0.86666667 0.93333333 1.
 0.90909091 0.96774194 0.96774194 1.         0.9375     1.
 0.93333333 0.9375     0.96969697 1.        ]
Mean f1: 0.964304290202952
Dev: 0.03424090345957369


XGB_NM Cross-Validation Results f1:
 [1.         0.96969697 1.         1.         0.96969697 1.
 1.         1.         0.96969697 0.96774194 1.         0.96969697
 1.         1.         1.         0.97142857 0.96774194 1.
 1.         1.         1.         1.         1.         0.97142857
 0.96969697 1.         1.         0.86666667 1.         1.
 1.         1.         1.         0.97142857 1.         0.97142857
 1.         0.96774194 1.         1.         1.         0.9375
 1.         1.         0.94444444 1.         1.         1.
 0.96774194 0.96969697 0.9375     1.         1.         1.
 1.         1.         1.         0.96969697 1.         1.
 1.         1.         0.96969697 1.         0.90322581 0.97142857
 1.         1.         1.         1.         1.         1.
 0.96774194 1.         0.89473684 1.         1.         1.
 1.         0.96774194 1.         1.         1.         1.
 1.         1.         0.96774194 1.         1.         0.94117647
 0.96774194 1.         1.         0.97142857 1.         1.
 0.96774194 1.         1.         0.96969697]
Mean f1: 0.9869077180545522
Dev: 0.024076827857268807


XGB_RF_RUS_1 Cross-Validation Results f1:
 [0.9375     0.96969697 0.86666667 0.97142857 1.         1.
 0.96969697 0.96969697 0.9375     1.         1.         0.9375
 0.96969697 0.96969697 0.96969697 0.97142857 0.91428571 0.90909091
 1.         0.93333333 0.96774194 0.9375     1.         1.
 0.97142857 0.91428571 0.91428571 0.96969697 0.96774194 0.96774194
 0.90322581 0.9375     0.96969697 0.88888889 0.88235294 1.
 0.96969697 1.         1.         0.96774194 0.96969697 0.86666667
 0.96969697 0.96969697 1.         0.875      0.96774194 1.
 0.96969697 0.91428571 0.96969697 0.86666667 1.         1.
 0.91428571 0.94444444 0.96969697 1.         0.96969697 0.93333333
 1.         0.96969697 0.96969697 0.96969697 1.         0.875
 0.90909091 1.         1.         0.91428571 0.9375     0.90909091
 1.         0.96969697 1.         0.94117647 0.96774194 1.
 0.88235294 0.86666667 0.90909091 0.96774194 0.90909091 0.9375
 1.         1.         0.96969697 0.9375     0.94117647 0.96969697
 0.94117647 0.88235294 0.85714286 0.96969697 0.97142857 1.
 0.9375     1.         0.94117647 1.        ]
Mean f1: 0.95520407004444
Dev: 0.04042043667077269


XGB_RF_RUS_2 Cross-Validation Results f1:
 [0.96774194 0.96969697 1.         1.         0.90909091 1.
 0.94117647 1.         0.96969697 0.90322581 0.96774194 0.96969697
 0.90909091 1.         1.         0.91428571 0.94117647 0.96774194
 1.         0.96969697 1.         0.96969697 0.96774194 0.94117647
 0.94117647 0.97142857 0.88235294 1.         0.96774194 0.96969697
 0.96774194 0.9375     1.         0.94444444 0.94117647 0.90909091
 0.96969697 0.90909091 1.         0.96774194 1.         0.93333333
 0.96969697 0.94444444 0.96969697 0.90909091 0.96969697 0.96969697
 0.93333333 0.96969697 1.         1.         0.90322581 0.96969697
 1.         0.96969697 0.91428571 0.90909091 0.96969697 1.
 1.         0.91428571 0.85714286 0.97142857 1.         0.94117647
 0.9375     0.90909091 1.         0.96774194 1.         0.9375
 0.91428571 1.         0.97142857 0.9375     1.         1.
 0.90909091 0.9375     0.9375     0.94117647 0.96969697 0.97142857
 0.9375     0.94117647 1.         0.96774194 1.         0.94117647
 0.94117647 1.         0.96774194 0.97142857 1.         1.
 0.96774194 0.90909091 1.         0.90909091]
Mean f1: 0.9604127528332935
Dev: 0.03398894344598922


XGB_RF_RUS_3 Cross-Validation Results f1:
 [0.96774194 0.96969697 0.96774194 0.94444444 0.94117647 0.96969697
 0.96969697 0.9375     0.94117647 1.         0.96774194 1.
 0.96774194 0.96969697 0.97142857 0.97142857 0.90322581 0.94117647
 0.94117647 0.96774194 0.96969697 0.96969697 0.96774194 0.94444444
 0.9375     0.97142857 0.94117647 0.94117647 0.93333333 1.
 1.         0.96774194 0.9375     0.94117647 0.94444444 0.88888889
 0.96774194 1.         1.         1.         0.90909091 0.9375
 0.90909091 0.96969697 0.96969697 1.         0.96774194 0.96969697
 0.96969697 1.         0.90322581 1.         0.96774194 0.97142857
 1.         0.94444444 0.94117647 0.96969697 1.         0.96774194
 0.93333333 0.96969697 0.93333333 0.94444444 0.88888889 1.
 0.96969697 1.         0.9375     0.90909091 1.         0.91428571
 0.93333333 0.96969697 0.96969697 0.9375     1.         0.96969697
 0.94117647 0.9375     0.91428571 0.93333333 0.96969697 1.
 0.88888889 0.96969697 1.         0.93333333 0.9375     1.
 0.94117647 0.96969697 0.90322581 0.94117647 0.9375     0.97142857
 0.96969697 0.9375     0.96969697 0.96774194]
Mean f1: 0.9581603408714414
Dev: 0.02909299746052531


XGB_RF_RUS_4 Cross-Validation Results f1:
 [1.         0.96969697 0.96969697 1.         0.90909091 0.94117647
 0.90909091 1.         0.90322581 0.9375     0.96774194 0.9375
 0.91428571 0.9375     0.90909091 0.97142857 0.94117647 0.90322581
 0.94117647 0.96774194 0.90322581 0.96774194 0.96969697 0.96969697
 0.94117647 0.97142857 0.94117647 0.91428571 0.96774194 1.
 0.89655172 0.90909091 0.96774194 0.88888889 0.91428571 0.97142857
 1.         0.96969697 1.         0.96969697 0.96774194 1.
 0.94117647 0.97142857 0.96969697 0.94444444 0.85714286 1.
 0.9375     0.96774194 1.         0.9375     0.94117647 1.
 0.96969697 0.97142857 0.83870968 0.96774194 0.90909091 1.
 1.         0.90322581 0.96969697 1.         0.90909091 0.89473684
 0.94117647 0.9375     1.         1.         0.91428571 0.96774194
 0.96969697 1.         1.         0.96969697 1.         0.93333333
 0.84848485 0.96969697 0.96969697 1.         0.96969697 0.94444444
 0.96969697 0.88235294 0.9375     1.         0.90322581 1.
 0.94117647 0.93333333 0.90909091 1.         0.9375     0.97142857
 1.         1.         0.96774194 0.88235294]
Mean f1: 0.9530371809328372
Dev: 0.038888926275086215


XGB_RF_RUS_5 Cross-Validation Results f1:
 [0.93333333 0.96774194 1.         1.         0.96969697 0.94444444
 0.96969697 1.         0.875      0.9375     1.         0.86666667
 0.9375     0.9375     0.91428571 0.96969697 0.96969697 1.
 1.         0.96969697 0.85714286 1.         0.96969697 1.
 0.88888889 0.9375     0.83333333 1.         0.96774194 0.96969697
 0.96774194 0.96774194 0.96774194 0.88888889 0.88235294 0.94117647
 0.96969697 1.         1.         0.96969697 0.90322581 0.9375
 0.90322581 0.97142857 0.94117647 0.9375     0.96774194 0.9375
 0.96969697 0.96969697 1.         0.96774194 0.93333333 0.9375
 0.96969697 0.94117647 0.94117647 0.9375     0.94117647 0.96774194
 1.         0.86666667 1.         0.97142857 0.96969697 0.90322581
 0.96969697 0.96774194 0.96969697 0.94117647 0.93333333 0.96774194
 0.96774194 0.91891892 1.         1.         1.         0.90322581
 0.96774194 0.94117647 0.96774194 0.96969697 0.90909091 0.96969697
 1.         0.96969697 1.         0.96774194 0.875      0.96969697
 0.90909091 0.96774194 1.         0.94444444 0.90322581 0.94444444
 1.         0.96774194 1.         0.96969697]
Mean f1: 0.9548119185839775
Dev: 0.038107924258550765


XGB_RF_RUS_6 Cross-Validation Results f1:
 [0.90909091 1.         0.9375     0.96969697 1.         0.96969697
 0.9375     0.96969697 0.91428571 0.90322581 0.93333333 0.9375
 0.91428571 0.96969697 0.94444444 0.86666667 0.94117647 0.96969697
 0.93333333 1.         1.         0.9375     0.96969697 0.94444444
 0.9375     0.90322581 0.90322581 0.96969697 1.         0.94117647
 0.89655172 0.93333333 0.96969697 0.94117647 0.85714286 0.94117647
 0.96774194 0.96969697 0.96774194 0.90909091 0.96969697 0.96969697
 0.90909091 1.         0.96969697 0.90909091 0.9375     0.93333333
 0.94117647 1.         1.         0.72727273 0.96969697 0.85714286
 0.9375     1.         0.94117647 0.96774194 1.         1.
 0.9375     0.94117647 1.         1.         0.85714286 0.8
 0.90322581 0.9375     1.         0.96969697 0.9375     0.96774194
 0.9375     0.97142857 0.875      0.9375     1.         0.96774194
 0.88235294 0.96969697 0.91428571 0.96969697 0.82758621 1.
 0.91428571 0.94117647 0.9375     1.         0.96969697 1.
 0.96969697 0.93333333 0.90909091 0.94444444 0.90909091 0.94117647
 0.96969697 1.         0.93333333 1.        ]
Mean f1: 0.9449725261679148
Dev: 0.046714562128400874


XGB_RF_RUS_7 Cross-Validation Results f1:
 [0.96969697 0.96774194 0.86666667 0.94117647 0.96969697 0.96969697
 0.9375     1.         0.94117647 0.94117647 0.9375     0.93333333
 0.90909091 1.         0.94117647 0.97142857 0.90909091 1.
 0.96969697 0.96774194 0.96774194 0.96969697 0.90909091 0.90909091
 0.96969697 0.96969697 0.88888889 1.         0.96774194 0.9375
 0.96774194 1.         0.96969697 0.91428571 0.94117647 0.94117647
 0.90322581 0.96774194 1.         0.96969697 0.9375     0.96774194
 0.875      1.         1.         0.96969697 0.96969697 0.9375
 0.91428571 0.96969697 0.9375     0.96969697 0.93333333 0.9375
 1.         0.97142857 0.8        0.96969697 0.96969697 0.96774194
 0.96774194 0.90909091 0.96969697 0.96969697 1.         1.
 0.90909091 0.94117647 0.86666667 1.         1.         1.
 0.90322581 1.         0.96969697 0.96969697 0.96774194 0.90322581
 0.91428571 0.94117647 0.90909091 0.96969697 0.88888889 1.
 1.         0.9375     1.         1.         0.93333333 0.93333333
 0.96969697 0.96774194 0.90909091 0.97142857 0.94117647 0.94444444
 0.96774194 0.96774194 1.         0.86666667]
Mean f1: 0.9528497286500133
Dev: 0.038223487879903324


XGB_RF_RUS_8 Cross-Validation Results f1:
 [1.         0.90322581 0.96774194 0.97142857 0.97142857 1.
 0.90909091 0.96969697 1.         0.96774194 0.93333333 0.91428571
 0.96969697 1.         0.9375     1.         0.90322581 1.
 0.96969697 1.         1.         0.96774194 1.         0.91428571
 0.90909091 0.9375     0.96969697 0.9375     0.90909091 1.
 0.96774194 1.         0.96969697 0.94444444 0.875      0.94117647
 1.         0.9375     0.96774194 1.         0.96774194 1.
 0.94117647 0.97142857 1.         0.9375     0.9375     0.96969697
 0.96969697 1.         0.96774194 0.96969697 0.96969697 1.
 0.94444444 0.94117647 0.90909091 1.         0.9375     0.93333333
 0.9375     0.94117647 1.         0.90909091 0.96969697 1.
 0.96969697 0.96969697 0.96774194 0.91428571 0.96774194 0.90322581
 0.96969697 0.96969697 0.97142857 0.97142857 0.96969697 1.
 1.         0.9375     0.88888889 1.         0.94117647 0.97142857
 1.         1.         0.89655172 0.93333333 1.         0.96969697
 0.90322581 1.         1.         0.97142857 0.96969697 0.97142857
 0.96774194 0.94117647 0.9375     1.        ]
Mean f1: 0.9620629965067903
Dev: 0.03277982914955174


XGB_RF_RUS_9 Cross-Validation Results f1:
 [0.93333333 0.96774194 0.90909091 0.96969697 1.         0.96969697
 0.875      0.96774194 0.94117647 0.96969697 0.90322581 1.
 0.89655172 0.96969697 0.94444444 0.88235294 0.96969697 0.90322581
 1.         1.         0.9375     0.96969697 1.         0.90909091
 1.         0.91428571 0.9375     0.89655172 0.96969697 1.
 0.96969697 0.96969697 0.90909091 0.91891892 0.94117647 1.
 0.96774194 0.89655172 0.93333333 0.96969697 0.96774194 0.9375
 0.94117647 1.         0.90322581 0.91428571 1.         0.96969697
 0.82758621 0.96969697 0.90322581 0.90909091 0.90909091 1.
 0.96969697 0.96969697 0.94117647 1.         0.91428571 0.93333333
 1.         0.90322581 0.96969697 1.         0.85714286 0.9375
 0.96969697 0.89655172 0.96774194 0.94117647 0.96969697 0.96774194
 1.         0.90909091 1.         0.94444444 1.         0.96774194
 0.90909091 0.875      0.94117647 0.96774194 0.96969697 0.94444444
 0.97142857 0.96969697 1.         0.90909091 0.90322581 0.93333333
 0.90322581 0.93333333 0.96969697 0.94117647 0.97142857 0.97142857
 0.9375     0.96774194 1.         1.        ]
Mean f1: 0.9495401070312982
Dev: 0.038615135261141006


XGB_RF_RUS_10 Cross-Validation Results f1:
 [0.90322581 0.96774194 1.         0.94444444 1.         1.
 0.90322581 0.96969697 1.         0.9375     0.85714286 1.
 0.94117647 0.97142857 1.         0.91428571 0.94117647 0.9375
 1.         0.96774194 1.         0.96969697 0.96969697 0.90909091
 0.94117647 0.94117647 0.9375     0.96774194 0.9375     0.96774194
 0.96774194 1.         0.96774194 0.96969697 0.875      1.
 1.         0.88235294 0.96774194 0.9375     0.9375     0.93333333
 0.8        1.         0.90909091 1.         0.9375     0.96774194
 0.96969697 1.         0.93333333 0.96774194 0.9375     0.88888889
 1.         1.         0.91428571 0.96969697 1.         0.93333333
 0.90909091 0.93333333 0.9375     1.         0.97142857 0.94117647
 0.94117647 0.96969697 0.96774194 0.96774194 0.96969697 0.89655172
 0.96774194 0.97142857 0.97142857 0.96969697 0.96969697 0.96774194
 0.9375     0.875      0.96969697 0.96774194 0.9375     0.96969697
 0.97142857 1.         0.90909091 0.86666667 0.9375     1.
 0.9375     0.96774194 0.96774194 1.         0.90909091 1.
 0.96774194 0.88235294 1.         0.96774194]
Mean f1: 0.9542963153964185
Dev: 0.03902139508694493


XGB_RF_NM Cross-Validation Results f1:
 [1.         0.94117647 1.         1.         1.         0.97142857
 0.96969697 1.         0.96969697 0.96774194 1.         0.96969697
 0.96969697 1.         1.         0.97142857 0.9375     1.
 0.96969697 1.         1.         0.96969697 1.         0.97142857
 1.         1.         0.96969697 0.90909091 1.         1.
 1.         0.96969697 1.         0.97142857 0.97142857 0.97142857
 0.96969697 0.96774194 1.         1.         1.         0.96969697
 1.         1.         0.94444444 1.         1.         1.
 0.9375     0.96969697 0.9375     1.         1.         1.
 1.         0.97142857 0.96969697 0.94117647 1.         1.
 0.96969697 0.96969697 0.96969697 0.97142857 0.96969697 0.97142857
 1.         1.         1.         1.         1.         1.
 1.         1.         0.89473684 0.97142857 1.         1.
 1.         0.96774194 1.         0.96969697 0.96969697 1.
 1.         1.         0.9375     1.         1.         0.94117647
 0.96774194 0.94117647 1.         0.97142857 1.         1.
 1.         1.         0.96969697 0.96969697]
Mean f1: 0.9821359949958273
Dev: 0.022691887007664467


