LR_RUS_1 Cross-Validation Results precision:
 [1.         0.85714286 0.85714286 0.94117647 0.84210526 0.94444444
 1.         0.88888889 0.78947368 0.94117647 0.9375     0.82352941
 0.94117647 0.9375     1.         0.94117647 0.83333333 0.82352941
 1.         0.9375     1.         0.9375     0.94117647 0.94117647
 0.9375     0.85       0.75       0.83333333 0.85714286 0.93333333
 0.88235294 0.93333333 0.94117647 0.8        0.8        1.
 0.88888889 0.9375     1.         0.78947368 1.         0.86666667
 0.93333333 0.94117647 0.89473684 0.88888889 0.94117647 0.9375
 0.93333333 0.8        0.9375     0.875      0.93333333 0.94117647
 0.71428571 0.84210526 1.         0.9375     0.875      0.85714286
 0.92857143 0.93333333 1.         0.94444444 1.         0.84210526
 0.88888889 0.83333333 0.9375     0.82352941 0.84210526 0.78947368
 0.94117647 0.89473684 0.88235294 1.         0.88888889 0.94117647
 0.83333333 0.86666667 0.84210526 0.92857143 0.8        1.
 0.9375     0.88888889 1.         0.94117647 0.875      0.94117647
 0.9375     0.83333333 0.92857143 1.         0.88888889 0.83333333
 0.83333333 0.93333333 1.         1.        ]
Mean precision: 0.9059486829819648
Dev: 0.06601429204002843


LR_RUS_2 Cross-Validation Results precision:
 [1.         0.88235294 0.9375     0.85       0.875      0.94444444
 0.82352941 1.         0.88235294 0.84210526 0.88235294 0.93333333
 0.88235294 0.89473684 0.94444444 0.89473684 0.83333333 0.93333333
 1.         0.875      1.         0.875      0.94117647 0.89473684
 0.82352941 1.         0.78947368 0.8        0.83333333 0.9375
 0.9375     0.83333333 0.82352941 0.80952381 0.88235294 1.
 0.9375     0.9375     1.         0.88235294 0.9375     1.
 0.88235294 0.85       0.88888889 0.94117647 0.88888889 0.88888889
 0.94117647 0.88888889 0.94117647 0.88888889 0.88235294 0.89473684
 0.89473684 1.         0.88888889 0.875      0.875      0.93333333
 0.9375     0.8        1.         0.94117647 0.9375     0.94444444
 0.88888889 0.72727273 1.         0.9375     0.88888889 0.93333333
 0.78947368 0.80952381 0.94444444 1.         0.88888889 1.
 1.         0.86666667 0.93333333 0.78947368 0.88888889 0.94117647
 0.88888889 0.94444444 0.94117647 0.9375     0.92307692 0.88888889
 0.8125     1.         0.88235294 0.77272727 0.9375     0.89473684
 0.875      0.83333333 0.94117647 0.88235294]
Mean precision: 0.9037515687786585
Dev: 0.06112243327086663


LR_RUS_3 Cross-Validation Results precision:
 [1.         0.83333333 0.94117647 0.85       0.83333333 0.94117647
 0.9375     0.88888889 0.9375     0.88888889 0.9375     0.875
 0.84210526 0.89473684 0.94444444 0.88888889 0.88235294 0.9375
 0.78947368 0.9375     0.88888889 1.         0.9375     0.85
 1.         0.89473684 0.93333333 0.8        0.84210526 0.9375
 0.94117647 0.88235294 0.9375     0.83333333 0.88888889 0.85
 0.94117647 1.         0.9375     0.88235294 0.9375     0.88235294
 0.82352941 1.         0.94117647 0.94117647 1.         0.88235294
 0.94117647 0.8        0.83333333 0.94117647 0.875      0.94444444
 0.94117647 0.94117647 0.88888889 0.82352941 0.9375     0.94117647
 0.88888889 1.         0.92857143 0.8        0.83333333 1.
 0.88888889 0.88888889 0.94117647 0.8        0.84210526 0.8
 0.93333333 0.88888889 0.89473684 1.         0.94117647 0.88235294
 0.78947368 0.94117647 0.88235294 1.         0.84210526 1.
 0.85       0.94117647 0.875      0.88235294 0.91666667 0.9375
 0.88235294 0.88888889 0.9375     0.80952381 0.93333333 0.88888889
 0.88235294 0.83333333 0.9375     0.94117647]
Mean precision: 0.9032130817239176
Dev: 0.056133983346681765


LR_RUS_4 Cross-Validation Results precision:
 [0.88235294 0.92307692 0.84210526 0.94444444 0.8        0.94444444
 0.875      0.94117647 0.9375     0.88235294 0.83333333 0.82352941
 0.88888889 0.94444444 0.88235294 0.9375     0.9375     0.9375
 1.         0.9375     0.94117647 1.         0.8        0.82352941
 1.         0.94117647 0.88888889 0.83333333 0.875      1.
 0.875      0.86666667 0.88888889 0.88888889 0.76190476 1.
 1.         0.9375     1.         0.88235294 1.         0.93333333
 0.78947368 0.89473684 0.88235294 1.         0.83333333 0.88888889
 0.88235294 0.88235294 1.         0.88888889 0.88235294 0.89473684
 0.89473684 0.94444444 0.86666667 0.82352941 0.93333333 0.92307692
 0.93333333 0.93333333 0.93333333 0.94444444 0.92857143 0.88888889
 0.94117647 0.8        0.9375     1.         0.76190476 1.
 0.88888889 0.94444444 0.94444444 0.91666667 0.875      0.9375
 0.78947368 0.94117647 0.94117647 1.         0.84210526 0.94444444
 0.89473684 0.84210526 0.92857143 0.88888889 0.85714286 0.93333333
 0.92857143 0.93333333 0.88235294 0.94444444 0.875      0.84210526
 0.88235294 0.88888889 1.         0.84210526]
Mean precision: 0.9066964025826255
Dev: 0.0581496395115823


LR_RUS_5 Cross-Validation Results precision:
 [0.88235294 0.88235294 0.88888889 0.94117647 0.88888889 0.89473684
 0.86666667 1.         0.92857143 0.94117647 0.93333333 0.88235294
 0.875      0.84210526 0.89473684 1.         0.94117647 0.875
 0.9375     0.88235294 1.         1.         0.83333333 0.94444444
 0.82352941 1.         0.83333333 0.88888889 0.78947368 0.93333333
 0.94117647 1.         0.88235294 0.82352941 0.88235294 0.88888889
 0.9375     0.88235294 0.9375     0.875      0.88235294 1.
 0.8125     0.94444444 0.88888889 0.93333333 0.94117647 0.875
 1.         0.84210526 0.94117647 1.         0.82352941 0.9375
 0.94444444 0.88888889 0.94117647 0.82352941 0.875      0.9375
 0.88235294 0.93333333 1.         0.9375     0.84210526 0.94117647
 0.875      0.84210526 1.         0.88888889 0.83333333 1.
 0.93333333 0.89473684 0.84210526 1.         0.9375     0.93333333
 1.         0.9375     0.93333333 0.88888889 0.875      0.89473684
 0.94444444 0.94444444 0.9375     0.875      0.84615385 0.88235294
 0.9375     1.         0.94117647 0.88888889 0.9375     0.88235294
 0.88235294 0.875      0.83333333 0.94117647]
Mean precision: 0.911033458457607
Dev: 0.05302030297985787


LR_RUS_6 Cross-Validation Results precision:
 [0.94117647 0.88235294 1.         0.94117647 0.85       1.
 0.9375     0.88888889 0.77777778 0.9375     0.83333333 0.86666667
 0.83333333 0.88888889 1.         1.         0.88888889 0.88888889
 0.93333333 0.88888889 0.9375     0.875      0.94117647 0.89473684
 1.         1.         0.84210526 0.83333333 0.8        0.93333333
 0.9375     0.9375     0.94117647 1.         0.84210526 0.89473684
 0.93333333 0.9375     0.94117647 0.83333333 0.93333333 1.
 0.77777778 0.94444444 0.85       0.93333333 0.9375     1.
 0.88888889 0.84210526 1.         0.73684211 0.83333333 0.89473684
 0.9375     1.         0.88235294 0.9375     1.         0.88235294
 0.94117647 0.88235294 1.         1.         0.875      0.86666667
 0.83333333 0.84210526 0.94117647 0.88235294 0.88235294 1.
 0.94117647 1.         0.89473684 0.86666667 0.84210526 0.9375
 0.83333333 0.94117647 0.88888889 0.88888889 0.94117647 0.88888889
 0.88235294 0.94444444 0.9375     0.94117647 0.92307692 0.94117647
 0.9375     0.9375     0.83333333 1.         0.88888889 0.88235294
 0.88235294 0.88888889 1.         1.        ]
Mean precision: 0.9127774238575321
Dev: 0.05958240189865641


LR_RUS_7 Cross-Validation Results precision:
 [0.9375     0.83333333 0.92857143 1.         0.88235294 0.94444444
 0.875      1.         0.83333333 0.84210526 0.875      0.92857143
 1.         0.88888889 0.89473684 0.94444444 0.88888889 0.9375
 0.93333333 0.88888889 0.9375     0.88888889 0.88235294 0.94117647
 1.         1.         0.76190476 0.84210526 0.88888889 0.875
 0.88235294 0.9375     0.88888889 0.88888889 0.88888889 1.
 0.88235294 0.92307692 0.94117647 0.82352941 1.         1.
 0.83333333 1.         0.85       1.         0.93333333 0.83333333
 0.8        0.84210526 0.94117647 0.875      0.88235294 0.89473684
 1.         0.9375     0.83333333 0.88235294 0.9375     0.88235294
 0.84210526 0.88888889 0.93333333 1.         1.         1.
 0.84210526 0.8        0.9375     0.93333333 0.83333333 1.
 0.86666667 0.89473684 0.94444444 0.875      0.93333333 0.93333333
 0.9375     0.88235294 0.94117647 0.88235294 0.78947368 0.94117647
 0.9375     0.89473684 0.9375     0.94117647 1.         0.88235294
 0.88235294 1.         0.92857143 0.77272727 0.88888889 0.85
 0.92857143 0.9375     1.         0.9375    ]
Mean precision: 0.9104130151753991
Dev: 0.058596977867347876


LR_RUS_8 Cross-Validation Results precision:
 [0.83333333 0.77777778 0.94117647 0.85       0.84210526 0.94444444
 0.875      0.9375     1.         0.88888889 0.93333333 0.77777778
 0.84210526 0.85       0.88235294 1.         0.875      0.88888889
 0.9375     0.94117647 1.         1.         1.         0.88888889
 0.84210526 0.94444444 0.88235294 0.75       0.77777778 1.
 0.875      0.94117647 0.875      0.88235294 0.88235294 0.94117647
 0.88888889 0.875      0.94117647 0.88235294 1.         1.
 0.83333333 0.89473684 0.89473684 0.78947368 0.88235294 0.84210526
 0.9375     0.88888889 0.84210526 0.94117647 0.83333333 0.88888889
 0.84210526 1.         0.88888889 0.93333333 0.875      0.92307692
 0.82352941 0.84210526 0.86666667 0.88888889 1.         0.94117647
 0.84210526 0.76190476 1.         0.88888889 0.88235294 0.9375
 0.88888889 0.85       0.89473684 0.92857143 0.83333333 0.9375
 0.88235294 0.9375     0.83333333 0.9375     0.84210526 0.89473684
 0.85       0.88888889 0.92307692 0.94117647 0.92857143 0.88888889
 0.78947368 0.9375     1.         0.85       0.88888889 0.88888889
 0.8        0.84210526 0.83333333 1.        ]
Mean precision: 0.8940591353950487
Dev: 0.06072038640797381


LR_RUS_9 Cross-Validation Results precision:
 [1.         0.9375     0.75       1.         0.89473684 1.
 0.875      1.         0.83333333 0.88888889 0.77777778 0.9375
 0.9375     0.875      0.88888889 0.94117647 0.88888889 0.88888889
 0.9375     1.         0.9375     0.85714286 0.88888889 0.84210526
 0.82352941 0.94444444 0.88235294 0.875      0.88888889 1.
 0.88235294 0.84210526 0.75       0.89473684 0.9375     1.
 1.         1.         1.         0.88235294 1.         0.86666667
 0.82352941 0.94444444 0.94117647 0.9375     0.84210526 0.88888889
 0.88888889 0.88235294 0.93333333 0.77777778 0.84210526 0.94444444
 0.94117647 1.         0.84210526 0.88235294 0.82352941 0.93333333
 0.88888889 0.93333333 0.9375     1.         0.82352941 0.88888889
 0.88888889 0.83333333 1.         0.93333333 0.8        1.
 0.88888889 0.8        0.94444444 0.875      0.88888889 1.
 0.94117647 0.93333333 0.875      1.         0.88888889 0.83333333
 0.8        0.94117647 0.94117647 0.88235294 1.         0.9375
 0.93333333 0.93333333 0.82352941 0.86666667 0.88888889 0.73913043
 0.9375     0.94117647 1.         1.        ]
Mean precision: 0.906796066252588
Dev: 0.06618442006982929


LR_RUS_10 Cross-Validation Results precision:
 [1.         0.93333333 1.         0.94444444 0.85       0.9375
 0.92857143 0.84210526 0.93333333 0.84210526 0.93333333 0.9375
 0.78947368 1.         0.88888889 0.88888889 0.88235294 0.88888889
 1.         1.         1.         0.88235294 0.94117647 0.88235294
 0.875      1.         0.9375     0.83333333 0.84210526 0.92857143
 0.93333333 0.9375     1.         1.         0.78947368 0.88888889
 1.         0.875      0.9375     0.83333333 0.93333333 0.9375
 0.875      0.89473684 0.875      1.         0.94117647 0.88888889
 0.94117647 0.84210526 1.         0.93333333 0.9375     0.80952381
 1.         0.94117647 0.84210526 0.83333333 0.92857143 0.92857143
 0.94117647 0.92307692 0.875      0.94444444 0.9375     0.88888889
 0.875      0.83333333 1.         0.94117647 0.83333333 0.9375
 1.         0.88888889 0.88888889 1.         0.88235294 0.88888889
 0.88235294 0.9375     1.         1.         0.94117647 0.94117647
 0.89473684 1.         0.88235294 0.86666667 0.76470588 0.94117647
 0.875      0.93333333 0.94117647 1.         0.88235294 0.94117647
 0.92857143 0.68181818 1.         0.88235294]
Mean precision: 0.9161824956948795
Dev: 0.06180771398885332


LR_NM Cross-Validation Results precision:
 [0.88888889 0.88235294 1.         0.94444444 1.         0.9375
 0.84210526 0.94117647 0.94117647 0.83333333 0.94117647 0.88235294
 0.9375     0.89473684 0.94444444 0.80952381 0.9375     1.
 0.9375     1.         1.         1.         0.94117647 0.88235294
 0.88888889 0.88888889 0.88888889 0.88235294 0.88888889 0.88888889
 1.         0.94117647 1.         0.94117647 0.94117647 0.89473684
 0.84210526 0.88235294 0.88888889 1.         0.9375     0.875
 0.94117647 0.85       0.89473684 0.88235294 0.94117647 1.
 1.         0.94117647 0.93333333 0.88888889 0.9375     0.94444444
 0.94444444 0.89473684 0.88235294 0.94117647 0.88888889 1.
 0.94117647 0.88888889 0.88888889 0.94444444 0.93333333 0.94444444
 0.88888889 0.9375     0.9375     0.94117647 0.94117647 0.83333333
 0.94117647 0.94444444 0.73913043 1.         1.         1.
 0.9375     1.         0.93333333 0.84210526 0.88888889 0.94444444
 0.94444444 1.         1.         1.         0.83333333 0.84210526
 0.9375     0.88888889 1.         0.94444444 0.94117647 1.
 0.93333333 0.8        0.84210526 0.88235294]
Mean precision: 0.9247799720956269
Dev: 0.054368759307747976


DT_RUS_1 Cross-Validation Results precision:
 [1.         0.94117647 1.         1.         1.         1.
 0.94117647 1.         0.9375     1.         1.         1.
 1.         1.         1.         1.         0.88888889 0.9375
 1.         1.         1.         0.94117647 1.         1.
 1.         0.94444444 0.94117647 1.         1.         1.
 1.         0.94117647 1.         1.         0.88888889 1.
 1.         1.         1.         1.         1.         0.9375
 0.94117647 1.         1.         1.         1.         1.
 1.         0.94117647 1.         1.         1.         1.
 0.94444444 0.94444444 0.94117647 1.         1.         1.
 1.         1.         0.94117647 1.         1.         0.9375
 0.9375     1.         1.         0.94117647 1.         0.9375
 1.         1.         1.         1.         1.         1.
 0.9375     0.92857143 1.         1.         0.9375     1.
 1.         1.         0.94117647 1.         0.9375     1.
 0.94117647 0.88888889 1.         1.         1.         1.
 1.         1.         1.         1.        ]
Mean precision: 0.9816018907563026
Dev: 0.030696585492168534


DT_RUS_2 Cross-Validation Results precision:
 [1.         0.94117647 1.         1.         0.94117647 1.
 0.94117647 1.         1.         1.         1.         0.9375
 1.         1.         1.         1.         0.88888889 1.
 1.         1.         1.         0.94117647 1.         1.
 1.         0.94444444 0.9375     1.         1.         1.
 1.         0.88235294 1.         0.94444444 0.94444444 1.
 0.94117647 1.         1.         1.         1.         1.
 0.94117647 0.94444444 1.         1.         1.         0.94117647
 1.         1.         1.         1.         1.         1.
 1.         1.         0.88235294 0.9375     1.         1.
 1.         0.9375     1.         0.94444444 1.         1.
 0.9375     1.         1.         1.         1.         1.
 0.94117647 1.         1.         1.         1.         1.
 0.9375     0.93333333 1.         1.         0.94117647 1.
 1.         0.94117647 1.         1.         1.         0.94117647
 0.9375     0.9375     1.         0.94444444 1.         1.
 1.         0.9375     1.         1.        ]
Mean precision: 0.9804403594771242
Dev: 0.03129710575653511


DT_RUS_3 Cross-Validation Results precision:
 [1.         1.         1.         0.94444444 0.94444444 1.
 0.94117647 0.94117647 1.         1.         1.         1.
 1.         1.         1.         1.         0.9375     0.94117647
 0.94117647 1.         1.         1.         1.         0.94444444
 1.         0.94444444 0.94117647 1.         1.         1.
 1.         1.         1.         1.         0.94117647 0.88888889
 1.         1.         1.         1.         0.88888889 0.9375
 0.9375     1.         1.         1.         1.         1.
 1.         1.         0.93333333 1.         1.         0.94444444
 1.         0.94444444 0.94117647 1.         1.         1.
 1.         1.         1.         1.         1.         1.
 0.94117647 1.         0.94117647 0.9375     1.         0.84210526
 1.         1.         1.         1.         1.         0.94117647
 0.94117647 0.94117647 0.94117647 1.         0.94117647 1.
 0.94444444 1.         1.         1.         1.         1.
 0.88888889 1.         0.94117647 1.         1.         1.
 0.94117647 1.         1.         1.        ]
Mean precision: 0.9786203990368076
Dev: 0.033659583440722916


DT_RUS_4 Cross-Validation Results precision:
 [1.         0.94117647 1.         1.         1.         0.94117647
 0.93333333 0.88888889 1.         1.         1.         0.93333333
 1.         1.         1.         1.         0.88888889 1.
 1.         1.         0.93333333 1.         1.         1.
 1.         1.         0.9375     0.9375     1.         1.
 1.         1.         1.         0.94117647 0.94117647 0.94444444
 1.         1.         1.         1.         1.         1.
 0.9375     1.         1.         0.94117647 0.9375     1.
 1.         1.         1.         1.         1.         1.
 1.         0.94444444 0.92857143 1.         0.9375     1.
 1.         1.         1.         1.         1.         0.94444444
 0.88888889 1.         1.         1.         1.         1.
 0.94117647 1.         1.         1.         1.         1.
 0.9375     0.94117647 0.88888889 1.         0.94117647 1.
 1.         0.88235294 1.         1.         1.         1.
 0.88888889 1.         1.         1.         1.         1.
 1.         1.         1.         0.9375    ]
Mean precision: 0.9798061391223156
Dev: 0.03427974155465605


DT_RUS_5 Cross-Validation Results precision:
 [1.         1.         1.         1.         1.         0.94444444
 0.94117647 1.         0.9375     1.         1.         1.
 1.         1.         0.94444444 1.         0.94117647 1.
 1.         0.94117647 1.         1.         1.         1.
 0.94117647 1.         0.88235294 1.         1.         0.94117647
 1.         1.         1.         1.         0.94117647 0.94117647
 1.         1.         1.         1.         1.         1.
 0.9375     1.         0.94117647 1.         1.         1.
 1.         1.         1.         1.         1.         1.
 1.         0.94117647 0.94117647 1.         0.94117647 1.
 1.         0.93333333 1.         1.         1.         1.
 0.94117647 1.         1.         0.94117647 1.         1.
 1.         0.85       1.         1.         1.         0.93333333
 1.         0.88888889 1.         0.94117647 0.9375     1.
 1.         1.         1.         1.         1.         0.94117647
 0.9375     1.         1.         1.         1.         0.94444444
 1.         1.         1.         1.        ]
Mean precision: 0.9818888888888889
Dev: 0.031868720907697386


DT_RUS_6 Cross-Validation Results precision:
 [1.         1.         0.93333333 1.         1.         1.
 0.9375     0.88888889 0.94117647 1.         1.         1.
 0.88888889 1.         0.94444444 1.         0.94117647 0.88888889
 1.         1.         1.         1.         1.         0.94444444
 1.         1.         0.93333333 0.94117647 1.         0.94117647
 1.         1.         0.94117647 0.94444444 0.9375     1.
 1.         0.94117647 1.         0.9375     1.         0.94117647
 0.93333333 0.94444444 1.         0.94444444 1.         1.
 1.         1.         1.         0.86666667 0.94117647 1.
 1.         1.         0.88235294 1.         1.         1.
 1.         0.88888889 1.         1.         0.88888889 0.93333333
 0.9375     0.9375     1.         1.         0.9375     1.
 0.94117647 1.         1.         1.         1.         1.
 0.88235294 0.94117647 0.88888889 1.         0.92307692 0.88888889
 0.94117647 1.         1.         1.         1.         1.
 0.94117647 1.         1.         0.94444444 0.9375     1.
 0.94117647 1.         1.         1.        ]
Mean precision: 0.9697446581196582
Dev: 0.03935486317544025


DT_RUS_7 Cross-Validation Results precision:
 [1.         1.         0.93333333 1.         1.         1.
 0.9375     1.         1.         0.94117647 0.9375     1.
 0.9375     1.         1.         1.         0.9375     1.
 1.         1.         1.         1.         0.88888889 1.
 1.         1.         0.8        1.         1.         1.
 1.         1.         0.94117647 1.         0.89473684 1.
 1.         1.         1.         1.         1.         1.
 0.93333333 1.         1.         1.         0.94117647 0.94117647
 0.88888889 1.         1.         1.         1.         1.
 1.         1.         0.83333333 1.         1.         1.
 1.         0.83333333 1.         1.         1.         1.
 0.94117647 0.88888889 1.         1.         1.         1.
 0.9375     1.         1.         1.         1.         1.
 0.94117647 0.94117647 1.         1.         0.8        1.
 1.         1.         1.         1.         0.9375     1.
 0.94117647 1.         0.9375     1.         1.         0.94444444
 1.         0.9375     1.         1.        ]
Mean precision: 0.976685930512556
Dev: 0.044746542987995956


DT_RUS_8 Cross-Validation Results precision:
 [1.         0.88235294 1.         0.94444444 1.         1.
 0.94117647 1.         0.94117647 1.         1.         0.88888889
 1.         0.94444444 1.         1.         0.94117647 1.
 1.         1.         1.         1.         1.         1.
 1.         1.         0.88888889 0.94117647 0.88235294 1.
 1.         0.94117647 0.94117647 0.94444444 0.94117647 1.
 0.94117647 1.         1.         1.         1.         1.
 0.88888889 1.         0.94444444 1.         0.94117647 1.
 1.         1.         1.         0.94117647 0.9375     1.
 0.94444444 0.94444444 0.9375     0.94117647 1.         1.
 0.94117647 0.94117647 1.         1.         1.         1.
 0.88888889 1.         1.         0.84210526 1.         1.
 1.         0.94444444 0.94444444 1.         1.         1.
 0.88888889 0.94117647 0.9375     1.         0.88888889 1.
 1.         0.94444444 1.         1.         0.94117647 0.94117647
 0.875      1.         1.         0.94444444 1.         0.94444444
 1.         1.         0.94117647 1.        ]
Mean precision: 0.9701653336773305
Dev: 0.03972324862512867


DT_RUS_9 Cross-Validation Results precision:
 [1.         1.         0.9375     1.         1.         1.
 0.88235294 1.         1.         1.         1.         1.
 0.93333333 1.         1.         0.94117647 0.94117647 0.94117647
 1.         1.         1.         0.94117647 1.         1.
 0.88888889 0.94117647 0.88888889 1.         1.         1.
 1.         1.         1.         0.94444444 0.94117647 1.
 1.         1.         1.         0.93333333 1.         1.
 0.88888889 1.         1.         1.         1.         1.
 0.92857143 0.9375     0.9375     0.9375     1.         1.
 1.         1.         0.94117647 1.         0.94117647 1.
 1.         1.         1.         1.         1.         1.
 0.94117647 1.         1.         0.88888889 1.         1.
 1.         0.9375     1.         0.94444444 1.         1.
 0.9375     0.9375     1.         1.         0.94117647 1.
 1.         1.         1.         0.94117647 0.94117647 1.
 0.9375     1.         1.         1.         1.         0.89473684
 0.94117647 1.         1.         1.        ]
Mean precision: 0.9775206644061133
Dev: 0.03466529881715286


DT_RUS_10 Cross-Validation Results precision:
 [1.         1.         1.         0.94444444 0.94444444 1.
 0.93333333 0.94117647 0.88888889 0.94117647 1.         1.
 0.88888889 0.94444444 0.94444444 1.         0.88888889 1.
 1.         1.         1.         0.94117647 0.94117647 1.
 0.94117647 1.         0.94117647 1.         1.         1.
 1.         0.94117647 0.94117647 1.         0.94117647 1.
 1.         0.94117647 1.         1.         0.88888889 1.
 0.94117647 1.         1.         1.         1.         0.88235294
 1.         1.         1.         0.9375     0.94117647 0.89473684
 1.         1.         0.94117647 0.94117647 1.         1.
 1.         1.         1.         1.         0.94444444 0.94444444
 0.94117647 1.         1.         1.         0.94117647 1.
 1.         0.94444444 0.94444444 1.         1.         1.
 1.         0.88888889 1.         0.9375     0.9375     0.94444444
 0.94444444 1.         1.         0.93333333 1.         1.
 0.88235294 1.         1.         1.         1.         1.
 1.         0.94117647 0.94117647 0.94117647]
Mean precision: 0.9710985122119022
Dev: 0.03663012009142613


DT_NM Cross-Validation Results precision:
 [1.         0.94117647 1.         1.         1.         1.
 1.         1.         0.94117647 1.         1.         0.94117647
 1.         1.         1.         0.94117647 1.         1.
 1.         1.         1.         1.         1.         0.94444444
 1.         1.         1.         0.93333333 1.         1.
 1.         1.         1.         0.94444444 1.         0.94444444
 1.         1.         1.         1.         1.         0.94117647
 1.         1.         1.         1.         1.         1.
 1.         0.94117647 0.9375     1.         1.         1.
 1.         1.         1.         0.94117647 1.         1.
 1.         1.         0.94117647 1.         1.         0.94444444
 1.         1.         1.         1.         1.         1.
 1.         1.         0.89473684 1.         1.         1.
 1.         1.         1.         1.         1.         1.
 1.         1.         1.         1.         1.         0.88888889
 1.         1.         1.         0.94444444 1.         1.
 1.         1.         1.         0.94117647]
Mean precision: 0.9884726952184383
Dev: 0.025507410215779187


RF_RUS_1 Cross-Validation Results precision:
 [1.         0.94117647 1.         1.         1.         1.
 0.9375     1.         0.94117647 1.         1.         1.
 1.         1.         1.         1.         0.88888889 0.94117647
 1.         1.         1.         0.9375     1.         1.
 1.         0.94444444 0.94117647 1.         1.         1.
 1.         0.94117647 1.         1.         0.89473684 1.
 1.         1.         1.         1.         0.94117647 0.94117647
 0.94117647 1.         1.         1.         1.         1.
 1.         0.94117647 1.         1.         1.         1.
 0.94444444 0.94444444 0.94117647 1.         1.         1.
 1.         1.         0.94117647 1.         1.         1.
 0.94117647 1.         1.         0.94117647 1.         0.9375
 1.         1.         1.         1.         1.         1.
 0.94117647 0.92857143 0.94117647 1.         0.94117647 1.
 1.         1.         0.94117647 1.         0.9375     1.
 0.94117647 0.88888889 1.         1.         1.         1.
 1.         1.         1.         1.        ]
Mean precision: 0.9812559585237604
Dev: 0.03048078385609068


RF_RUS_2 Cross-Validation Results precision:
 [1.         0.94117647 1.         1.         0.94117647 1.
 0.94117647 1.         0.94117647 1.         1.         0.9375
 1.         1.         1.         1.         0.88888889 1.
 0.94117647 1.         1.         0.94117647 1.         1.
 1.         0.94444444 0.94117647 1.         1.         1.
 1.         1.         1.         0.94444444 0.94117647 1.
 0.94117647 1.         1.         1.         0.88888889 1.
 0.94117647 0.94444444 1.         1.         1.         0.94117647
 1.         1.         1.         1.         1.         1.
 1.         1.         0.88888889 0.93333333 1.         1.
 1.         0.94117647 1.         0.94444444 1.         1.
 0.9375     1.         1.         1.         1.         1.
 0.94117647 1.         0.94444444 1.         1.         1.
 0.94117647 0.93333333 1.         0.94117647 0.94117647 1.
 1.         0.94117647 1.         1.         1.         0.94117647
 0.9375     1.         1.         0.94444444 1.         1.
 1.         0.94117647 1.         1.        ]
Mean precision: 0.9789485294117648
Dev: 0.031239509869456842


RF_RUS_3 Cross-Validation Results precision:
 [1.         1.         1.         0.94444444 0.94444444 1.
 0.94117647 0.94117647 0.9375     1.         1.         1.
 1.         1.         1.         1.         0.94117647 0.94117647
 0.94117647 1.         1.         1.         1.         0.94444444
 1.         0.94444444 0.94117647 1.         1.         1.
 1.         1.         1.         1.         0.94444444 0.88888889
 1.         1.         1.         1.         0.88888889 1.
 0.9375     1.         1.         1.         1.         1.
 1.         1.         0.93333333 1.         1.         0.94444444
 1.         1.         0.94117647 1.         1.         1.
 1.         1.         1.         1.         1.         1.
 0.94117647 1.         0.94117647 0.94117647 1.         0.88888889
 1.         1.         1.         1.         1.         0.94117647
 0.94117647 0.94117647 0.88888889 1.         0.94117647 1.
 0.89473684 1.         1.         1.         1.         1.
 0.94117647 1.         0.9375     1.         1.         0.94444444
 0.94117647 1.         1.         1.        ]
Mean precision: 0.9786606037151704
Dev: 0.032872103613035164


RF_RUS_4 Cross-Validation Results precision:
 [1.         0.94117647 1.         1.         1.         0.94444444
 0.93333333 1.         1.         1.         1.         0.94117647
 1.         1.         1.         1.         0.88888889 1.
 1.         1.         0.94117647 1.         1.         1.
 0.89473684 1.         0.94117647 0.94117647 1.         1.
 1.         1.         1.         0.94117647 0.94117647 0.94444444
 1.         1.         1.         1.         1.         1.
 0.94117647 1.         1.         0.94444444 0.94117647 1.
 1.         1.         1.         0.9375     1.         1.
 1.         0.94444444 0.93333333 1.         0.94117647 1.
 1.         1.         1.         1.         1.         0.94444444
 0.88888889 1.         1.         1.         1.         1.
 0.94117647 1.         1.         1.         1.         1.
 0.9375     0.94117647 1.         1.         0.94117647 1.
 1.         0.89473684 1.         1.         1.         1.
 0.88888889 1.         1.         1.         1.         1.
 1.         1.         1.         0.9375    ]
Mean precision: 0.9809282335741315
Dev: 0.03222528681221496


RF_RUS_5 Cross-Validation Results precision:
 [1.         1.         1.         1.         1.         0.94444444
 0.94117647 1.         0.9375     1.         1.         1.
 1.         1.         0.94444444 1.         0.94117647 1.
 0.94117647 0.94117647 1.         1.         1.         1.
 1.         1.         0.88235294 1.         1.         0.94117647
 1.         1.         1.         1.         0.94117647 0.94444444
 1.         1.         1.         1.         1.         1.
 0.94117647 1.         0.94444444 1.         1.         1.
 1.         1.         1.         1.         1.         1.
 1.         0.94444444 0.94117647 1.         1.         1.
 1.         0.92857143 1.         1.         1.         1.
 0.94117647 1.         1.         0.94117647 1.         1.
 1.         0.89473684 1.         1.         1.         0.93333333
 1.         0.88888889 1.         0.88888889 0.94117647 1.
 1.         1.         1.         1.         1.         0.94117647
 0.94117647 1.         1.         1.         1.         0.94444444
 0.9375     1.         1.         1.        ]
Mean precision: 0.98193733107278
Dev: 0.031280460793965605


RF_RUS_6 Cross-Validation Results precision:
 [0.94117647 1.         0.94117647 1.         1.         1.
 0.9375     0.94117647 1.         1.         1.         1.
 1.         1.         0.94444444 1.         0.94117647 0.94117647
 1.         1.         1.         1.         1.         0.89473684
 1.         1.         0.93333333 0.94117647 1.         0.94117647
 1.         1.         0.94117647 1.         0.9375     1.
 1.         1.         0.94117647 0.93333333 1.         1.
 0.93333333 1.         1.         0.94444444 1.         1.
 1.         1.         1.         0.83333333 0.94117647 1.
 1.         1.         0.94117647 1.         1.         1.
 1.         1.         0.94117647 1.         0.94444444 0.93333333
 0.94117647 1.         1.         1.         0.9375     1.
 0.94117647 1.         1.         1.         1.         1.
 0.94117647 0.94117647 0.94117647 0.88888889 0.9375     1.
 0.94444444 1.         1.         1.         1.         1.
 0.94117647 0.94117647 1.         1.         1.         1.
 0.94117647 1.         1.         1.        ]
Mean precision: 0.977015995872033
Dev: 0.03366451450175895


RF_RUS_7 Cross-Validation Results precision:
 [1.         1.         0.93333333 1.         1.         1.
 0.94117647 1.         1.         0.94117647 0.9375     1.
 0.9375     1.         1.         1.         0.94117647 1.
 0.88888889 1.         1.         1.         0.9375     1.
 1.         1.         0.94117647 1.         1.         1.
 1.         1.         0.94117647 0.94444444 0.89473684 1.
 1.         1.         1.         1.         1.         1.
 0.9375     1.         1.         1.         0.94117647 0.94117647
 1.         1.         1.         1.         1.         1.
 1.         1.         0.83333333 1.         1.         1.
 1.         0.9375     1.         1.         1.         1.
 0.94117647 0.88888889 1.         1.         1.         1.
 0.93333333 1.         0.94117647 1.         1.         1.
 0.94117647 0.94117647 1.         0.84210526 0.88888889 1.
 1.         1.         1.         1.         0.9375     1.
 0.94117647 1.         1.         1.         1.         0.94444444
 1.         1.         1.         1.        ]
Mean precision: 0.9791151530787755
Dev: 0.03704455854770967


RF_RUS_8 Cross-Validation Results precision:
 [1.         0.93333333 1.         0.94444444 1.         1.
 0.9375     1.         1.         0.88235294 1.         0.88235294
 1.         1.         1.         1.         0.9375     1.
 1.         1.         1.         1.         1.         1.
 1.         1.         0.94117647 0.9375     0.9375     1.
 1.         1.         0.94117647 0.94444444 0.94444444 1.
 1.         1.         1.         1.         1.         1.
 0.88888889 1.         1.         1.         1.         1.
 1.         1.         1.         1.         0.94117647 1.
 1.         0.94444444 0.94117647 1.         1.         1.
 0.9375     1.         1.         1.         1.         1.
 0.94117647 1.         1.         0.94117647 1.         1.
 1.         0.94444444 0.94444444 1.         1.         1.
 1.         0.9375     0.94117647 1.         0.88888889 1.
 1.         1.         1.         1.         1.         1.
 0.875      1.         1.         1.         1.         1.
 1.         1.         0.9375     1.        ]
Mean precision: 0.9816821895424838
Dev: 0.03301090231707641


RF_RUS_9 Cross-Validation Results precision:
 [1.         1.         0.94117647 1.         1.         1.
 0.88235294 1.         1.         1.         1.         1.
 1.         1.         0.94444444 0.94117647 0.94117647 0.9375
 1.         1.         1.         0.94117647 1.         1.
 0.94117647 0.94117647 0.94117647 1.         1.         1.
 1.         1.         1.         0.94444444 0.94444444 1.
 1.         1.         1.         0.94117647 1.         1.
 0.88888889 1.         1.         1.         1.         1.
 1.         1.         0.9375     1.         1.         1.
 1.         1.         0.94117647 1.         0.94117647 1.
 0.94117647 1.         1.         1.         1.         1.
 0.94117647 1.         1.         0.88888889 1.         1.
 1.         1.         1.         0.94444444 1.         1.
 0.9375     0.9375     1.         1.         0.94117647 1.
 1.         1.         1.         0.94117647 1.         1.
 0.93333333 1.         1.         1.         1.         0.94444444
 0.93333333 1.         1.         1.        ]
Mean precision: 0.9817549019607844
Dev: 0.030599464449100187


RF_RUS_10 Cross-Validation Results precision:
 [1.         1.         1.         1.         1.         1.
 0.9375     1.         1.         0.94117647 1.         1.
 1.         0.94444444 1.         1.         0.88888889 1.
 0.94117647 1.         1.         1.         0.94117647 1.
 0.94117647 1.         0.94117647 1.         1.         1.
 1.         1.         0.94117647 1.         0.9375     1.
 1.         0.94117647 1.         1.         0.9375     1.
 0.9375     1.         1.         1.         1.         1.
 1.         1.         1.         1.         1.         0.89473684
 1.         1.         0.94117647 1.         1.         1.
 1.         1.         1.         1.         0.94444444 0.94444444
 0.94117647 1.         1.         1.         0.94117647 1.
 1.         1.         1.         1.         1.         1.
 1.         0.94117647 0.94117647 0.94117647 0.9375     1.
 1.         1.         1.         0.93333333 1.         1.
 0.9375     1.         1.         1.         1.         1.
 1.         0.94117647 0.94117647 1.        ]
Mean precision: 0.9829293945648435
Dev: 0.02886689666739281


RF_NM Cross-Validation Results precision:
 [1.         0.94117647 1.         1.         1.         1.
 1.         1.         0.94117647 1.         1.         0.94117647
 1.         1.         1.         0.94444444 1.         1.
 1.         1.         1.         1.         1.         0.94444444
 1.         1.         1.         0.9375     1.         1.
 1.         1.         1.         0.94444444 1.         0.94444444
 1.         1.         1.         1.         1.         0.94117647
 1.         1.         0.89473684 1.         1.         1.
 1.         0.94117647 0.9375     1.         1.         1.
 1.         1.         1.         0.94117647 1.         1.
 1.         1.         0.94117647 1.         1.         0.94444444
 1.         1.         1.         1.         1.         1.
 1.         1.         0.89473684 1.         1.         1.
 1.         1.         1.         1.         1.         1.
 1.         1.         1.         1.         1.         0.88888889
 1.         1.         1.         0.94444444 1.         1.
 1.         1.         1.         0.94117647]
Mean precision: 0.9874944100447196
Dev: 0.026996304420698385


XGB_RUS_1 Cross-Validation Results precision:
 [1.         0.94117647 1.         1.         1.         1.
 0.9375     1.         0.88888889 1.         1.         1.
 1.         1.         1.         1.         0.88888889 0.94117647
 1.         1.         1.         0.9375     1.         1.
 1.         0.94444444 0.94117647 1.         1.         1.
 1.         0.9375     1.         0.89473684 0.89473684 1.
 1.         1.         1.         1.         1.         0.9375
 0.9375     1.         1.         1.         1.         1.
 1.         0.94117647 1.         0.93333333 1.         1.
 0.9375     0.94444444 0.9375     1.         1.         1.
 1.         1.         0.9375     1.         1.         0.93333333
 0.94117647 1.         1.         0.94117647 1.         0.94117647
 1.         1.         1.         1.         1.         1.
 0.94117647 0.92857143 0.84210526 1.         0.94117647 1.
 1.         1.         0.94117647 1.         0.9375     1.
 0.94117647 0.88888889 1.         1.         1.         1.
 1.         1.         1.         1.        ]
Mean precision: 0.9777281377463265
Dev: 0.03576411160691283


XGB_RUS_2 Cross-Validation Results precision:
 [1.         0.94117647 1.         1.         0.9375     1.
 0.94117647 1.         0.94117647 1.         1.         0.94117647
 1.         1.         0.94444444 1.         0.88888889 1.
 1.         1.         1.         0.94117647 1.         1.
 1.         0.94444444 0.78947368 1.         1.         0.93333333
 1.         1.         1.         0.94444444 0.88235294 1.
 0.94117647 1.         1.         1.         1.         1.
 0.94117647 0.94444444 1.         1.         1.         0.94117647
 1.         1.         1.         1.         1.         1.
 1.         1.         0.88888889 0.9375     1.         1.
 1.         0.84210526 1.         0.94444444 1.         1.
 0.9375     0.88235294 1.         1.         1.         1.
 0.94117647 1.         1.         1.         1.         1.
 0.94117647 0.93333333 1.         1.         0.94117647 1.
 1.         0.94117647 1.         1.         1.         0.94117647
 0.9375     1.         1.         0.94444444 1.         0.94444444
 1.         0.94117647 1.         1.        ]
Mean precision: 0.9757831097351222
Dev: 0.03969144149705914


XGB_RUS_3 Cross-Validation Results precision:
 [1.         1.         1.         0.94444444 0.94444444 1.
 0.94117647 1.         0.94117647 1.         1.         1.
 1.         0.9375     1.         0.94444444 0.9375     0.94117647
 0.94117647 1.         1.         1.         1.         0.94117647
 1.         0.94444444 0.88888889 1.         1.         1.
 1.         1.         1.         1.         0.94444444 0.88888889
 0.94117647 1.         1.         1.         0.88235294 1.
 0.9375     1.         1.         1.         1.         1.
 1.         1.         0.93333333 1.         1.         0.94444444
 1.         1.         0.94117647 1.         1.         1.
 1.         1.         1.         0.89473684 1.         1.
 0.94117647 1.         0.9375     0.9375     0.94117647 0.88888889
 1.         1.         1.         1.         1.         0.94117647
 0.94117647 0.9375     0.88888889 1.         0.94117647 1.
 0.89473684 1.         1.         1.         1.         1.
 0.94117647 1.         0.9375     1.         1.         1.
 0.9375     1.         0.94117647 1.        ]
Mean precision: 0.9750385276917786
Dev: 0.035458788879077746


XGB_RUS_4 Cross-Validation Results precision:
 [1.         0.94117647 1.         1.         1.         0.94117647
 0.93333333 1.         1.         1.         1.         0.93333333
 1.         1.         1.         0.84210526 0.88888889 1.
 1.         1.         0.93333333 1.         1.         1.
 1.         1.         0.9375     0.94117647 1.         1.
 1.         0.9375     1.         0.94117647 0.9375     0.94444444
 1.         1.         1.         1.         1.         1.
 0.88235294 1.         1.         0.94444444 0.9375     1.
 1.         1.         1.         0.88888889 1.         1.
 1.         0.94444444 0.92857143 1.         0.9375     1.
 1.         1.         0.9375     1.         1.         0.89473684
 0.88888889 1.         1.         1.         0.94117647 1.
 0.94117647 1.         1.         1.         1.         1.
 0.93333333 0.94117647 0.88888889 1.         0.94117647 1.
 1.         0.88235294 1.         1.         0.92307692 1.
 0.88888889 1.         1.         1.         1.         1.
 1.         1.         1.         0.88235294]
Mean precision: 0.9740107215625791
Dev: 0.040111482880862394


XGB_RUS_5 Cross-Validation Results precision:
 [1.         1.         1.         1.         1.         0.85
 0.94117647 1.         0.9375     1.         1.         1.
 1.         1.         0.94117647 1.         0.94117647 1.
 1.         0.94117647 1.         1.         1.         1.
 1.         1.         0.88235294 1.         1.         0.9375
 1.         1.         1.         1.         0.88888889 0.94117647
 1.         1.         1.         1.         1.         0.9375
 0.9375     1.         0.94444444 1.         1.         0.94117647
 1.         1.         1.         1.         1.         1.
 1.         0.94117647 0.94117647 1.         0.94117647 1.
 1.         0.93333333 1.         1.         1.         1.
 0.9375     1.         1.         0.94117647 1.         1.
 1.         0.89473684 1.         1.         1.         0.93333333
 1.         0.88888889 0.9375     0.94117647 0.94117647 1.
 1.         1.         1.         1.         0.875      0.94117647
 0.94117647 1.         1.         1.         0.93333333 0.94444444
 1.         1.         1.         1.        ]
Mean precision: 0.9777022703818369
Dev: 0.03597293784025996


XGB_RUS_6 Cross-Validation Results precision:
 [1.         1.         0.9375     1.         1.         1.
 0.93333333 0.94117647 0.94117647 1.         1.         0.92857143
 1.         1.         0.94444444 1.         0.94117647 0.94117647
 1.         1.         1.         1.         1.         0.89473684
 1.         1.         0.93333333 1.         1.         0.9375
 1.         1.         0.94117647 0.94117647 0.93333333 1.
 1.         1.         1.         0.93333333 1.         0.9375
 0.875      1.         1.         0.9375     1.         1.
 1.         1.         1.         0.8125     0.94117647 0.83333333
 1.         1.         0.94117647 1.         0.94117647 1.
 1.         0.88235294 1.         1.         0.89473684 0.93333333
 0.93333333 1.         1.         1.         0.94117647 1.
 0.9375     1.         1.         1.         1.         1.
 0.88235294 0.94117647 0.88888889 1.         0.92307692 1.
 0.88888889 1.         1.         1.         1.         1.
 0.9375     1.         0.88888889 0.94444444 1.         1.
 0.9375     1.         1.         1.        ]
Mean precision: 0.9699765798357128
Dev: 0.04296074431242847


XGB_RUS_7 Cross-Validation Results precision:
 [1.         1.         0.93333333 0.94117647 1.         1.
 0.9375     1.         1.         0.88888889 0.9375     0.92857143
 0.9375     1.         1.         1.         0.88235294 1.
 1.         1.         1.         0.94117647 0.88235294 1.
 1.         1.         0.88888889 1.         1.         1.
 1.         1.         0.94117647 0.89473684 0.85       1.
 1.         1.         1.         1.         1.         1.
 0.93333333 1.         1.         1.         0.94117647 0.94117647
 0.94117647 1.         1.         1.         1.         1.
 1.         1.         0.78947368 1.         1.         1.
 1.         0.83333333 1.         1.         1.         1.
 0.9375     0.88888889 1.         1.         1.         1.
 0.93333333 1.         1.         1.         1.         1.
 0.94117647 0.94117647 1.         1.         0.8        1.
 1.         1.         1.         1.         0.92857143 0.9375
 0.88888889 1.         0.94117647 0.94444444 1.         0.94444444
 1.         1.         1.         1.        ]
Mean precision: 0.9719192527888348
Dev: 0.047357613259877224


XGB_RUS_8 Cross-Validation Results precision:
 [1.         0.9375     1.         0.94444444 1.         1.
 0.9375     1.         1.         1.         1.         0.88235294
 1.         1.         1.         1.         0.9375     1.
 1.         1.         1.         1.         1.         1.
 1.         1.         0.94117647 0.9375     0.9375     1.
 1.         1.         0.94117647 0.94444444 0.94117647 1.
 1.         1.         1.         1.         1.         1.
 0.88235294 1.         1.         1.         0.94117647 1.
 1.         1.         1.         1.         0.94117647 1.
 1.         0.94444444 0.94117647 1.         1.         1.
 0.9375     1.         1.         1.         1.         1.
 0.94117647 1.         1.         0.88888889 1.         1.
 1.         0.89473684 0.94444444 1.         1.         1.
 1.         0.9375     0.94117647 1.         0.88888889 1.
 1.         1.         1.         1.         1.         1.
 0.875      1.         1.         1.         1.         1.
 1.         1.         0.9375     1.        ]
Mean precision: 0.9811941004471965
Dev: 0.03391010254294487


XGB_RUS_9 Cross-Validation Results precision:
 [1.         1.         0.9375     1.         1.         1.
 0.875      1.         1.         1.         1.         1.
 1.         1.         0.94444444 0.94117647 0.9375     0.93333333
 1.         1.         1.         0.94117647 1.         1.
 1.         0.94117647 0.94117647 1.         1.         1.
 0.94117647 1.         0.875      0.94444444 0.9375     1.
 1.         1.         1.         0.9375     1.         1.
 0.88888889 1.         1.         0.94117647 1.         1.
 1.         0.9375     0.9375     0.88235294 0.88235294 1.
 1.         1.         0.94117647 1.         0.8        1.
 0.94117647 0.875      1.         1.         1.         1.
 0.94117647 1.         1.         0.88888889 1.         1.
 1.         0.9375     1.         0.94117647 1.         1.
 0.9375     0.9375     1.         1.         0.94117647 0.94444444
 1.         1.         1.         0.94117647 0.93333333 1.
 0.93333333 0.9375     1.         1.         1.         0.94444444
 0.93333333 1.         1.         1.        ]
Mean precision: 0.9714771241830067
Dev: 0.04106105485454395


XGB_RUS_10 Cross-Validation Results precision:
 [1.         1.         1.         0.94444444 1.         1.
 0.92307692 1.         1.         0.9375     1.         1.
 0.88888889 0.94444444 1.         0.88888889 0.88888889 1.
 1.         1.         1.         1.         0.94117647 1.
 0.94117647 1.         0.9375     1.         1.         1.
 1.         1.         0.9375     1.         0.9375     1.
 1.         0.9375     1.         1.         0.875      1.
 0.9375     1.         1.         1.         1.         1.
 1.         1.         1.         1.         0.9375     0.89473684
 1.         1.         0.94117647 1.         1.         1.
 1.         1.         1.         1.         0.94444444 0.94444444
 0.94117647 1.         1.         1.         0.94117647 1.
 1.         1.         1.         1.         1.         1.
 1.         0.875      1.         0.94117647 0.9375     0.94117647
 1.         1.         1.         0.92857143 1.         1.
 0.88235294 1.         1.         1.         1.         1.
 1.         0.9375     0.94117647 1.        ]
Mean precision: 0.9779009434408041
Dev: 0.03613504674243861


XGB_NM Cross-Validation Results precision:
 [1.         0.94117647 1.         1.         1.         1.
 1.         1.         0.94117647 1.         1.         0.94117647
 1.         1.         1.         0.94444444 1.         1.
 1.         1.         1.         1.         1.         0.94444444
 1.         1.         1.         0.92857143 1.         1.
 1.         1.         1.         0.94444444 1.         0.94444444
 1.         1.         1.         1.         1.         0.9375
 1.         1.         0.89473684 1.         1.         1.
 1.         0.94117647 0.9375     1.         1.         1.
 1.         1.         1.         0.94117647 1.         1.
 1.         1.         0.94117647 1.         1.         0.94444444
 1.         1.         1.         1.         1.         1.
 1.         1.         0.80952381 1.         1.         1.
 1.         1.         1.         1.         1.         1.
 1.         1.         1.         1.         1.         0.88888889
 1.         1.         1.         0.94444444 1.         1.
 1.         1.         1.         0.94117647]
Mean precision: 0.9865162292987371
Dev: 0.031173786415874878


XGB_RF_RUS_1 Cross-Validation Results precision:
 [0.9375     0.94117647 0.92857143 0.94444444 1.         1.
 0.94117647 0.94117647 0.9375     1.         1.         0.9375
 0.94117647 1.         1.         0.94444444 0.84210526 0.88235294
 1.         1.         1.         0.9375     1.         1.
 0.94444444 0.88888889 0.84210526 0.94117647 1.         1.
 0.93333333 0.9375     0.94117647 0.84210526 0.88235294 1.
 0.94117647 1.         1.         1.         0.94117647 0.92857143
 0.94117647 1.         1.         0.93333333 1.         1.
 0.94117647 0.84210526 0.94117647 0.92857143 1.         1.
 0.88888889 0.89473684 0.94117647 1.         0.94117647 1.
 1.         0.94117647 0.94117647 1.         1.         0.93333333
 0.88235294 1.         1.         0.84210526 0.9375     0.88235294
 1.         1.         1.         0.94117647 1.         1.
 0.83333333 0.92857143 0.88235294 1.         0.88235294 1.
 1.         1.         0.94117647 0.9375     0.88888889 0.94117647
 0.88888889 0.83333333 1.         1.         0.94444444 1.
 0.9375     1.         0.88888889 1.        ]
Mean precision: 0.952437318787164
Dev: 0.04994627649367136


XGB_RF_RUS_2 Cross-Validation Results precision:
 [1.         0.94117647 1.         1.         0.9375     1.
 0.88888889 1.         0.94117647 0.93333333 1.         0.94117647
 0.88235294 1.         1.         0.88888889 0.88888889 1.
 1.         0.94117647 1.         0.94117647 1.         0.94117647
 0.94117647 0.94444444 0.83333333 1.         1.         0.94117647
 1.         0.9375     1.         0.89473684 0.94117647 0.9375
 0.94117647 0.88235294 1.         1.         1.         1.
 0.94117647 0.89473684 1.         0.9375     0.94117647 0.94117647
 1.         0.94117647 1.         1.         0.93333333 1.
 1.         1.         0.84210526 0.88235294 0.94117647 1.
 1.         0.84210526 1.         0.94444444 1.         0.94117647
 0.9375     0.88235294 1.         1.         1.         0.9375
 0.84210526 1.         0.94444444 1.         1.         1.
 0.88235294 0.9375     0.9375     0.88888889 0.94117647 0.94444444
 1.         0.94117647 1.         1.         1.         0.88888889
 0.88888889 1.         1.         0.94444444 1.         1.
 1.         0.88235294 1.         0.88235294]
Mean precision: 0.9568899208806328
Dev: 0.04771764936568358


XGB_RF_RUS_3 Cross-Validation Results precision:
 [1.         0.94117647 1.         0.89473684 0.94117647 1.
 0.94117647 0.9375     0.88888889 1.         1.         1.
 1.         1.         0.94444444 0.94444444 0.93333333 0.88888889
 0.88888889 1.         0.94117647 0.94117647 1.         0.89473684
 1.         0.94444444 0.88888889 0.88888889 1.         1.
 1.         1.         0.9375     0.94117647 0.89473684 0.84210526
 1.         1.         1.         1.         0.88235294 0.9375
 0.88235294 1.         1.         1.         1.         0.94117647
 0.94117647 1.         0.93333333 1.         1.         0.94444444
 1.         0.89473684 0.88888889 0.94117647 1.         1.
 1.         0.94117647 1.         0.89473684 0.84210526 1.
 0.94117647 1.         0.9375     0.88235294 1.         0.84210526
 1.         1.         1.         1.         1.         0.94117647
 0.88888889 0.9375     0.84210526 1.         0.94117647 1.
 0.84210526 1.         1.         1.         0.9375     1.
 0.88888889 0.94117647 0.93333333 0.94117647 1.         0.94444444
 0.94117647 0.9375     0.94117647 1.        ]
Mean precision: 0.9552710268317852
Dev: 0.04849824043741586


XGB_RF_RUS_4 Cross-Validation Results precision:
 [1.         0.94117647 0.94117647 1.         0.9375     0.94117647
 0.88235294 1.         0.93333333 0.9375     1.         0.9375
 0.84210526 1.         0.9375     0.94444444 0.88888889 0.93333333
 0.88888889 1.         0.93333333 1.         0.94117647 1.
 0.94117647 0.94444444 0.88888889 0.84210526 1.         1.
 1.         0.88235294 1.         0.84210526 0.88888889 0.94444444
 1.         0.94117647 1.         0.94117647 1.         1.
 0.88888889 0.94444444 1.         0.89473684 0.78947368 1.
 0.9375     1.         1.         0.9375     0.88888889 1.
 1.         0.94444444 0.86666667 1.         0.88235294 1.
 1.         0.93333333 0.94117647 1.         0.9375     0.80952381
 0.88888889 0.9375     1.         1.         0.84210526 1.
 0.94117647 1.         1.         1.         1.         1.
 0.82352941 0.94117647 0.94117647 1.         0.94117647 0.89473684
 1.         0.88235294 0.9375     1.         0.93333333 1.
 0.88888889 1.         0.88235294 1.         1.         0.94444444
 1.         1.         1.         0.83333333]
Mean precision: 0.9486824843972677
Dev: 0.05488386967315875


XGB_RF_RUS_5 Cross-Validation Results precision:
 [1.         1.         1.         1.         1.         0.89473684
 0.94117647 1.         0.875      0.9375     1.         0.92857143
 0.9375     1.         0.88888889 1.         0.94117647 1.
 1.         0.94117647 1.         1.         0.94117647 1.
 0.84210526 1.         0.75       1.         1.         0.94117647
 1.         1.         1.         0.84210526 0.88235294 0.94117647
 0.94117647 1.         1.         0.94117647 0.93333333 0.9375
 0.93333333 0.94444444 0.94117647 1.         1.         0.9375
 0.94117647 0.94117647 1.         1.         1.         1.
 1.         0.94117647 0.88888889 0.9375     0.88888889 1.
 1.         0.92857143 1.         0.94444444 1.         1.
 0.94117647 1.         0.94117647 0.88888889 1.         1.
 1.         0.85       1.         1.         1.         0.93333333
 1.         0.88888889 1.         0.94117647 0.88235294 1.
 1.         1.         1.         1.         0.875      0.94117647
 0.88235294 1.         1.         0.89473684 1.         0.89473684
 1.         1.         1.         0.94117647]
Mean precision: 0.9604345606663718
Dev: 0.05041091294587159


XGB_RF_RUS_6 Cross-Validation Results precision:
 [0.88235294 1.         0.9375     1.         1.         1.
 0.9375     0.94117647 0.84210526 0.93333333 1.         0.9375
 0.84210526 1.         0.89473684 1.         0.88888889 0.94117647
 1.         1.         1.         0.9375     0.94117647 0.89473684
 1.         1.         0.93333333 0.94117647 1.         0.88888889
 1.         1.         0.94117647 0.94117647 0.83333333 0.94117647
 1.         0.94117647 1.         0.88235294 0.94117647 0.94117647
 0.88235294 1.         1.         0.9375     0.9375     1.
 0.88888889 1.         1.         0.70588235 0.94117647 0.83333333
 1.         1.         0.88888889 1.         1.         1.
 0.9375     0.88888889 1.         1.         0.83333333 0.92307692
 0.93333333 0.9375     1.         0.94117647 0.9375     1.
 0.9375     0.94444444 0.93333333 1.         1.         1.
 0.83333333 0.94117647 0.84210526 0.94117647 0.92307692 1.
 0.88888889 0.94117647 0.9375     1.         0.94117647 1.
 0.94117647 1.         0.88235294 0.89473684 0.9375     0.94117647
 0.94117647 1.         1.         1.        ]
Mean precision: 0.9476877166521129
Dev: 0.05538473626192953


XGB_RF_RUS_7 Cross-Validation Results precision:
 [0.94117647 1.         0.92857143 0.94117647 1.         1.
 0.9375     1.         0.88888889 0.88888889 0.9375     1.
 0.88235294 1.         0.94117647 0.94444444 0.88235294 1.
 0.94117647 1.         1.         0.94117647 0.88235294 0.9375
 1.         1.         0.8        1.         1.         0.9375
 1.         1.         0.94117647 0.88888889 0.94117647 0.94117647
 0.93333333 1.         1.         0.94117647 0.9375     1.
 0.875      1.         1.         1.         0.94117647 0.9375
 0.84210526 0.94117647 0.9375     0.94117647 1.         1.
 1.         0.94444444 0.73684211 0.94117647 0.94117647 1.
 1.         0.88235294 0.94117647 1.         1.         1.
 0.88235294 0.88888889 0.92857143 1.         1.         1.
 0.93333333 1.         1.         1.         1.         0.93333333
 0.84210526 0.88888889 0.88235294 0.94117647 0.8        1.
 1.         1.         1.         1.         1.         1.
 0.94117647 1.         0.88235294 0.94444444 0.94117647 0.89473684
 1.         1.         1.         0.92857143]
Mean precision: 0.9533442859599981
Dev: 0.05424792630462862


XGB_RF_RUS_8 Cross-Validation Results precision:
 [1.         0.93333333 1.         0.94444444 0.94444444 1.
 0.88235294 0.94117647 1.         1.         1.         0.84210526
 0.94117647 1.         1.         1.         0.93333333 1.
 0.94117647 1.         1.         1.         1.         0.88888889
 0.9375     1.         0.94117647 0.9375     0.88235294 1.
 1.         1.         0.94117647 0.89473684 0.93333333 0.94117647
 1.         0.9375     1.         1.         1.         1.
 0.88888889 0.94444444 1.         1.         0.9375     0.94117647
 0.94117647 1.         1.         0.94117647 0.94117647 1.
 0.89473684 0.94117647 0.88235294 1.         0.9375     1.
 0.9375     0.88888889 1.         0.9375     1.         1.
 0.94117647 0.94117647 1.         0.84210526 1.         0.93333333
 0.94117647 1.         0.94444444 0.94444444 0.94117647 1.
 1.         0.9375     0.8        1.         0.88888889 0.94444444
 1.         1.         1.         1.         1.         0.94117647
 0.93333333 1.         1.         0.94444444 1.         0.94444444
 1.         0.88888889 0.9375     1.        ]
Mean precision: 0.9608373323013416
Dev: 0.04464691982597418


XGB_RF_RUS_9 Cross-Validation Results precision:
 [1.         1.         0.88235294 1.         1.         1.
 0.875      1.         0.88888889 0.94117647 0.93333333 1.
 1.         1.         0.89473684 0.88235294 0.94117647 0.93333333
 1.         1.         0.9375     0.94117647 1.         0.9375
 1.         0.88888889 0.9375     1.         0.94117647 1.
 0.94117647 0.94117647 0.88235294 0.85       0.94117647 1.
 1.         1.         1.         0.94117647 1.         0.9375
 0.88888889 1.         1.         0.88888889 1.         0.94117647
 0.92307692 0.94117647 0.93333333 0.88235294 0.88235294 1.
 1.         1.         0.88888889 1.         0.84210526 1.
 1.         0.93333333 0.94117647 1.         0.83333333 1.
 0.94117647 1.         1.         0.88888889 0.94117647 1.
 1.         0.9375     1.         0.89473684 1.         1.
 0.88235294 0.875      0.88888889 1.         0.94117647 0.89473684
 0.94444444 1.         1.         0.88235294 0.93333333 1.
 0.93333333 1.         0.94117647 0.94117647 0.94444444 0.94444444
 0.9375     1.         1.         1.        ]
Mean precision: 0.9539857571908656
Dev: 0.04815785943375083


XGB_RF_RUS_10 Cross-Validation Results precision:
 [0.93333333 1.         1.         0.89473684 1.         1.
 0.93333333 0.94117647 1.         0.9375     1.         1.
 0.88888889 0.94444444 1.         0.88888889 0.88888889 0.9375
 1.         1.         1.         0.94117647 0.94117647 0.9375
 0.94117647 0.94117647 0.9375     1.         0.9375     1.
 1.         1.         1.         1.         0.93333333 1.
 1.         0.83333333 1.         0.9375     0.9375     1.
 0.85714286 1.         0.9375     1.         0.9375     1.
 0.94117647 1.         1.         1.         0.9375     0.84210526
 1.         1.         0.84210526 0.94117647 1.         1.
 0.88235294 1.         0.9375     1.         0.94444444 0.94117647
 0.88888889 0.94117647 1.         1.         0.94117647 1.
 1.         0.94444444 0.94444444 1.         0.94117647 1.
 0.9375     0.875      0.94117647 1.         0.9375     1.
 0.94444444 1.         0.88235294 0.92857143 0.9375     1.
 0.9375     1.         1.         1.         0.9375     1.
 1.         0.83333333 1.         1.        ]
Mean precision: 0.9604292962799154
Dev: 0.045923940270739816


XGB_RF_NM Cross-Validation Results precision:
 [1.         0.88888889 1.         1.         1.         0.94444444
 0.94117647 1.         0.94117647 1.         1.         0.94117647
 0.94117647 1.         1.         0.94444444 0.9375     1.
 0.94117647 1.         1.         0.94117647 1.         0.94444444
 1.         1.         0.94117647 0.88235294 1.         1.
 1.         0.94117647 1.         0.94444444 0.94444444 0.94444444
 0.94117647 1.         1.         1.         1.         0.94117647
 1.         1.         0.89473684 1.         1.         1.
 0.9375     0.94117647 0.9375     1.         1.         1.
 1.         0.94444444 0.94117647 0.88888889 1.         1.
 0.94117647 0.94117647 0.94117647 0.94444444 1.         0.94444444
 1.         1.         1.         1.         1.         1.
 1.         1.         0.80952381 0.94444444 1.         1.
 1.         1.         1.         0.94117647 0.94117647 1.
 1.         1.         0.9375     1.         1.         0.88888889
 1.         0.88888889 1.         0.94444444 1.         1.
 1.         1.         0.94117647 0.94117647]
Mean precision: 0.9716341097842646
Dev: 0.03813689122031546


