LR Cross-Validation Results precision:
 [0.8        0.66666667 1.         1.         1.         0.83333333
 0.625      1.         1.         1.         0.8        1.
 1.         0.75       1.         0.83333333 0.75       0.83333333
 1.         1.         0.8        0.83333333 0.5        1.
 1.         1.         0.83333333 0.66666667 0.83333333 1.
 0.75       1.         0.83333333 1.         0.85714286 1.
 0.83333333 1.         0.8        0.66666667 1.         0.83333333
 0.8        1.         1.         0.75       0.66666667 0.83333333
 1.         0.8        0.57142857 1.         0.8        0.85714286
 1.         0.85714286 1.         0.8        1.         1.
 1.         1.         1.         0.71428571 0.71428571 0.8
 0.75       1.         1.         1.         0.8        1.
 0.66666667 1.         1.         0.83333333 0.8        1.
 0.6        0.71428571 0.6        0.83333333 1.         0.75
 1.         1.         1.         0.71428571 1.         1.
 1.         1.         0.83333333 1.         0.85714286 1.
 0.75       0.71428571 1.         0.83333333]
Mean precision: 0.8794642857142856
Dev: 0.13240668375738485


LR_SMOTE Cross-Validation Results precision:
 [0.9375     0.88888889 0.93333333 0.89473684 1.         0.88888889
 0.84210526 0.88235294 0.93333333 0.86666667 0.9375     0.88235294
 0.9375     0.85       0.9375     0.80952381 0.875      0.94117647
 1.         1.         1.         1.         0.88235294 0.84210526
 0.9375     0.88235294 0.83333333 0.88888889 1.         0.88888889
 1.         0.93333333 0.9375     0.9375     0.88888889 0.88235294
 0.88888889 0.77777778 0.88888889 0.9375     0.875      0.88888889
 0.9375     0.88235294 0.88235294 0.94117647 0.9375     1.
 0.9375     0.94117647 0.9375     0.73684211 0.94117647 0.9375
 0.875      0.85       0.8125     0.9375     0.94117647 1.
 0.92857143 0.84210526 0.84210526 0.94117647 0.88235294 0.94117647
 0.9375     1.         0.88888889 0.94117647 1.         0.83333333
 0.94117647 0.94117647 0.71428571 1.         1.         1.
 0.93333333 0.875      0.93333333 0.83333333 0.84210526 1.
 0.94117647 1.         1.         1.         0.78947368 0.84210526
 0.93333333 0.88888889 1.         0.84210526 1.         1.
 0.9375     0.88235294 0.88888889 0.875     ]
Mean precision: 0.914720102953462
Dev: 0.06255339597549797


LR_BrdSMOTE Cross-Validation Results precision:
 [0.88235294 0.84210526 0.9375     0.88888889 1.         0.83333333
 0.84210526 0.88235294 0.9375     0.88888889 0.94117647 0.88888889
 0.93333333 0.83333333 0.9375     0.80952381 0.88888889 0.9375
 0.93333333 0.94117647 0.94117647 0.92857143 0.86666667 0.85
 0.94444444 0.89473684 0.84210526 0.88888889 0.93333333 0.88888889
 1.         0.84210526 0.93333333 0.93333333 0.89473684 0.89473684
 0.84210526 0.8        0.84210526 0.9375     0.94117647 0.84210526
 0.88235294 0.84210526 0.88888889 0.85       0.93333333 0.9375
 0.78947368 0.9375     0.94117647 0.76190476 0.94117647 0.89473684
 0.88888889 0.9375     0.82352941 0.88235294 0.94117647 1.
 0.88888889 0.84210526 0.84210526 0.93333333 0.89473684 0.88235294
 0.94117647 0.92857143 0.88235294 0.94117647 0.94117647 0.76190476
 0.94117647 0.89473684 0.72727273 0.94444444 0.93333333 1.
 0.94117647 0.88888889 0.94117647 0.77777778 0.8        0.94117647
 0.93333333 1.         0.94117647 1.         0.8        0.83333333
 0.94117647 0.8        0.93333333 0.85       1.         1.
 0.9375     0.84210526 0.77777778 0.88888889]
Mean precision: 0.8962499435978537
Dev: 0.06011496993893038


LR_GAN Cross-Validation Results precision:
 [0.92307692 0.84210526 1.         1.         1.         1.
 0.88235294 0.94117647 1.         0.94117647 0.9375     1.
 1.         0.89473684 0.9375     0.9375     0.93333333 1.
 1.         1.         1.         1.         0.94117647 1.
 1.         0.89473684 0.9375     1.         1.         0.94117647
 1.         1.         1.         0.94117647 1.         0.94444444
 0.88888889 0.88235294 0.9375     1.         1.         1.
 1.         0.88888889 0.88235294 0.9375     1.         1.
 1.         1.         1.         0.88888889 1.         0.9375
 0.9375     0.94444444 0.93333333 1.         0.94117647 1.
 1.         1.         0.82352941 0.9375     1.         1.
 0.94117647 1.         0.94117647 0.94117647 1.         0.92857143
 1.         0.94117647 0.76190476 1.         1.         1.
 0.88888889 1.         1.         1.         1.         1.
 0.94444444 1.         1.         1.         0.83333333 0.94117647
 1.         0.94117647 1.         0.94444444 1.         1.
 0.92857143 0.82352941 0.94117647 1.        ]
Mean precision: 0.9617394858753218
Dev: 0.050582164989009935


DT Cross-Validation Results precision:
 [1.         0.83333333 1.         1.         1.         1.
 0.83333333 1.         0.83333333 1.         1.         0.83333333
 1.         1.         1.         0.83333333 1.         1.
 1.         0.83333333 0.83333333 1.         1.         1.
 1.         0.85714286 1.         1.         1.         0.83333333
 1.         0.83333333 1.         1.         0.85714286 1.
 1.         1.         1.         1.         0.83333333 1.
 1.         1.         1.         1.         0.8        0.83333333
 1.         1.         1.         1.         1.         1.
 0.85714286 0.85714286 0.83333333 1.         1.         1.
 0.83333333 0.83333333 1.         1.         1.         1.
 1.         1.         1.         0.83333333 1.         0.83333333
 1.         1.         1.         1.         1.         0.83333333
 0.83333333 1.         1.         1.         0.83333333 1.
 1.         1.         0.83333333 1.         1.         1.
 0.83333333 1.         1.         0.83333333 0.85714286 1.
 1.         1.         1.         1.        ]
Mean precision: 0.9541904761904761
Dev: 0.07370893299133484


DT_SMOTE Cross-Validation Results precision:
 [1.         0.94117647 1.         1.         1.         1.
 0.94117647 1.         0.94117647 1.         1.         0.94117647
 0.94117647 1.         1.         0.94444444 1.         1.
 1.         1.         1.         1.         1.         0.94444444
 1.         1.         1.         0.88888889 1.         1.
 0.94117647 1.         1.         0.94444444 1.         0.94444444
 1.         1.         1.         0.9375     0.94117647 0.94117647
 1.         1.         1.         1.         1.         1.
 1.         0.9375     0.9375     0.88888889 1.         1.
 1.         1.         1.         0.9375     0.94117647 1.
 1.         1.         0.94117647 1.         1.         0.94444444
 0.94117647 1.         1.         1.         0.94117647 1.
 1.         1.         0.89473684 1.         1.         1.
 1.         1.         1.         1.         1.         1.
 1.         1.         1.         1.         1.         0.88888889
 1.         0.94117647 1.         0.84210526 1.         1.
 1.         1.         1.         0.94117647]
Mean precision: 0.9805220158238734
Dev: 0.033853941565603535


DT_BrdSMOTE Cross-Validation Results precision:
 [1.         0.94117647 1.         1.         1.         1.
 0.94117647 0.94117647 0.88888889 1.         1.         0.94117647
 0.93333333 1.         0.94444444 0.94444444 1.         0.94117647
 1.         1.         1.         1.         1.         0.94444444
 0.94444444 1.         1.         0.88888889 0.88888889 0.94117647
 0.94117647 1.         1.         0.9375     1.         0.94444444
 1.         0.94117647 1.         1.         0.94117647 0.94117647
 1.         1.         1.         1.         1.         1.
 0.94117647 0.94117647 0.94117647 0.88888889 1.         1.
 0.88888889 1.         1.         0.92857143 0.94117647 0.88888889
 0.94117647 1.         0.94117647 1.         1.         0.89473684
 0.9375     1.         1.         1.         0.94117647 1.
 1.         0.94444444 0.88888889 0.89473684 1.         1.
 1.         0.94117647 1.         1.         1.         0.94444444
 1.         0.94444444 1.         1.         1.         0.88888889
 1.         0.9375     1.         0.85       1.         1.
 1.         1.         1.         0.94117647]
Mean precision: 0.9686289805395841
Dev: 0.0395869358049183


DT_GAN Cross-Validation Results precision:
 [1.         0.94117647 1.         1.         1.         1.
 0.94117647 1.         1.         0.88235294 1.         0.94117647
 0.94117647 1.         1.         1.         1.         1.
 1.         1.         1.         1.         1.         1.
 1.         1.         1.         0.88235294 0.9375     1.
 0.94117647 1.         1.         0.94117647 1.         0.89473684
 1.         1.         1.         1.         0.9375     0.9375
 1.         1.         1.         1.         1.         1.
 1.         1.         0.9375     1.         1.         1.
 1.         1.         1.         1.         0.94117647 1.
 1.         1.         0.94117647 1.         1.         1.
 0.9375     1.         1.         1.         0.94117647 0.88888889
 1.         1.         0.89473684 1.         1.         1.
 1.         1.         1.         1.         1.         0.94444444
 1.         1.         1.         1.         1.         0.88888889
 1.         0.9375     1.         0.94444444 1.         1.
 1.         1.         1.         1.        ]
Mean precision: 0.9831643446852426
Dev: 0.03270198201559675


RF Cross-Validation Results precision:
 [1.         0.8        1.         1.         1.         1.
 1.         1.         1.         1.         1.         0.8
 1.         1.         1.         1.         1.         1.
 1.         0.83333333 0.83333333 1.         1.         1.
 1.         0.85714286 1.         1.         1.         0.83333333
 1.         0.83333333 1.         1.         0.85714286 1.
 1.         1.         1.         1.         0.8        1.
 1.         1.         1.         1.         0.83333333 0.83333333
 1.         1.         1.         1.         1.         1.
 0.85714286 0.85714286 1.         1.         1.         1.
 1.         0.83333333 1.         1.         1.         1.
 1.         1.         1.         0.83333333 1.         0.83333333
 1.         1.         1.         1.         1.         0.83333333
 0.83333333 1.         1.         1.         0.83333333 1.
 1.         1.         0.83333333 1.         1.         1.
 0.83333333 1.         1.         0.85714286 0.85714286 1.
 1.         1.         1.         1.        ]
Mean precision: 0.9620952380952381
Dev: 0.06983271231844404


RF_SMOTE Cross-Validation Results precision:
 [1.         0.94117647 1.         1.         1.         1.
 0.94117647 1.         0.94117647 1.         1.         0.94117647
 0.94117647 1.         1.         0.94444444 1.         1.
 1.         1.         1.         1.         1.         0.94444444
 1.         1.         1.         0.88888889 1.         1.
 0.94117647 1.         1.         0.94444444 1.         0.94444444
 1.         1.         1.         1.         1.         0.94117647
 1.         1.         1.         1.         1.         1.
 1.         0.94117647 0.94117647 1.         1.         1.
 1.         1.         1.         0.94117647 0.94117647 1.
 1.         1.         0.94117647 1.         1.         0.94444444
 0.94117647 1.         1.         1.         0.94117647 1.
 1.         1.         0.89473684 1.         1.         1.
 1.         1.         1.         1.         1.         1.
 1.         1.         1.         1.         1.         0.88888889
 1.         0.94117647 1.         0.94444444 1.         1.
 1.         1.         1.         0.94117647]
Mean precision: 0.9839800481596148
Dev: 0.02898096703970794


RF_BrdSMOTE Cross-Validation Results precision:
 [1.         0.88888889 1.         1.         1.         1.
 0.94117647 1.         0.94117647 1.         1.         0.94117647
 1.         0.94444444 1.         0.94444444 1.         1.
 1.         1.         1.         1.         1.         0.89473684
 1.         1.         1.         0.94117647 1.         1.
 1.         1.         1.         0.94444444 1.         0.94444444
 1.         1.         1.         1.         0.94117647 0.94117647
 1.         1.         1.         1.         1.         1.
 0.94117647 0.94117647 0.94117647 1.         1.         1.
 0.94117647 1.         1.         0.94117647 1.         0.88888889
 0.94117647 1.         0.94117647 1.         1.         0.89473684
 0.9375     1.         1.         1.         0.94117647 1.
 1.         1.         0.80952381 0.94444444 1.         1.
 1.         1.         1.         1.         1.         1.
 1.         1.         1.         1.         1.         0.88888889
 1.         1.         1.         0.89473684 1.         1.
 1.         1.         1.         0.94117647]
Mean precision: 0.9793777028355203
Dev: 0.036779445662427815


RF_GAN Cross-Validation Results precision:
 [1.         0.94117647 1.         1.         1.         1.
 0.88888889 1.         0.94117647 0.88888889 1.         0.9375
 0.9375     0.85       1.         0.94444444 1.         1.
 1.         1.         1.         1.         1.         0.94444444
 1.         1.         1.         0.88888889 0.84210526 1.
 0.94117647 1.         1.         0.94444444 1.         0.94444444
 1.         1.         1.         1.         0.94117647 0.94117647
 1.         1.         0.88888889 1.         1.         1.
 1.         0.94117647 0.94117647 1.         1.         1.
 0.94444444 0.94444444 1.         0.9375     0.94117647 1.
 1.         1.         0.9375     1.         1.         0.94444444
 0.94117647 1.         0.94117647 0.94117647 0.9375     0.88888889
 1.         1.         0.89473684 1.         1.         1.
 1.         1.         1.         1.         1.         0.89473684
 1.         1.         1.         1.         1.         0.88888889
 1.         0.94117647 1.         0.94444444 1.         1.
 1.         0.9375     0.94117647 1.        ]
Mean precision: 0.9723076195390437
Dev: 0.040011279690063656


XGB Cross-Validation Results precision:
 [1.         0.83333333 1.         1.         1.         1.
 1.         1.         1.         1.         1.         0.75
 1.         0.75       1.         1.         1.         1.
 1.         0.83333333 0.83333333 1.         1.         1.
 1.         1.         1.         1.         1.         0.83333333
 1.         0.8        1.         1.         0.85714286 1.
 1.         1.         1.         1.         1.         1.
 1.         1.         1.         1.         0.8        0.83333333
 1.         1.         1.         1.         1.         1.
 0.83333333 0.85714286 1.         1.         1.         1.
 1.         0.83333333 1.         1.         0.71428571 1.
 1.         1.         1.         0.83333333 1.         0.83333333
 1.         1.         1.         1.         1.         1.
 0.83333333 1.         1.         1.         0.83333333 1.
 1.         1.         0.83333333 1.         1.         1.
 0.83333333 1.         1.         0.83333333 1.         1.
 1.         1.         1.         1.        ]
Mean precision: 0.961952380952381
Dev: 0.07560262806023683


XGB_SMOTE Cross-Validation Results precision:
 [1.         0.94117647 1.         1.         1.         1.
 1.         1.         0.9375     1.         1.         0.94117647
 1.         1.         1.         0.94444444 1.         1.
 1.         1.         1.         1.         1.         0.94444444
 1.         1.         1.         0.94117647 1.         1.
 1.         1.         1.         0.94444444 1.         0.94444444
 1.         1.         1.         1.         1.         0.94117647
 1.         1.         0.88888889 1.         1.         1.
 1.         0.94117647 0.9375     1.         1.         1.
 1.         1.         0.94117647 0.9375     1.         1.
 1.         1.         0.94117647 1.         1.         0.94444444
 1.         1.         1.         1.         1.         1.
 1.         1.         0.8        1.         1.         1.
 1.         1.         1.         1.         1.         1.
 1.         1.         1.         1.         1.         0.88888889
 1.         1.         1.         0.94444444 1.         1.
 1.         1.         1.         0.94117647]
Mean precision: 0.9858635620915033
Dev: 0.03203535543251948


XGB_BrdSMOTE Cross-Validation Results precision:
 [1.         0.94117647 1.         1.         1.         1.
 1.         1.         0.88888889 1.         1.         0.94117647
 1.         1.         1.         0.94117647 1.         1.
 1.         1.         1.         1.         1.         0.94444444
 1.         1.         1.         0.94117647 1.         0.94117647
 1.         1.         1.         0.94444444 1.         0.94117647
 1.         1.         1.         1.         1.         0.94117647
 1.         1.         0.89473684 1.         1.         1.
 0.94117647 0.94117647 0.94117647 1.         1.         1.
 1.         1.         1.         0.94117647 1.         1.
 0.94117647 1.         0.94117647 1.         1.         0.94444444
 1.         1.         1.         1.         1.         1.
 1.         0.94444444 0.89473684 1.         1.         1.
 1.         1.         1.         1.         1.         1.
 1.         0.94444444 1.         1.         1.         0.88888889
 1.         1.         1.         0.94444444 1.         1.
 1.         1.         1.         0.94117647]
Mean precision: 0.9841038871689025
Dev: 0.029756479567255804


XGB_GAN Cross-Validation Results precision:
 [1.         0.94117647 1.         1.         1.         1.
 0.88888889 1.         0.88888889 0.88235294 1.         0.9375
 0.9375     0.88888889 1.         0.94444444 1.         1.
 1.         1.         1.         1.         1.         1.
 1.         0.94444444 1.         0.88888889 0.94117647 1.
 0.94117647 1.         1.         0.94444444 1.         0.89473684
 0.9375     1.         1.         1.         0.93333333 0.94117647
 1.         0.94117647 0.89473684 1.         1.         1.
 1.         1.         0.94117647 0.94117647 1.         1.
 1.         1.         1.         1.         0.94117647 1.
 1.         0.9375     0.9375     1.         1.         0.94444444
 0.94117647 1.         1.         1.         0.9375     1.
 1.         1.         0.76190476 1.         1.         1.
 1.         0.93333333 1.         1.         1.         0.89473684
 1.         1.         1.         1.         1.         0.83333333
 1.         0.94117647 1.         0.94444444 1.         1.
 1.         1.         1.         0.94117647]
Mean precision: 0.972841871836454
Dev: 0.043931314886663485


XGB_RF Cross-Validation Results precision:
 [1.         0.71428571 1.         1.         1.         0.85714286
 0.83333333 1.         0.8        1.         1.         0.83333333
 1.         0.75       1.         1.         1.         1.
 0.83333333 0.83333333 0.83333333 1.         1.         1.
 1.         1.         0.83333333 0.83333333 1.         0.71428571
 0.8        0.83333333 1.         1.         0.75       1.
 1.         1.         1.         0.83333333 1.         0.83333333
 0.8        1.         1.         1.         0.71428571 0.83333333
 1.         1.         1.         1.         0.83333333 0.85714286
 0.85714286 0.85714286 1.         1.         1.         0.83333333
 1.         0.83333333 1.         1.         0.75       1.
 1.         1.         0.83333333 0.83333333 1.         0.83333333
 1.         1.         1.         0.85714286 1.         0.83333333
 0.83333333 0.83333333 1.         0.83333333 0.71428571 0.75
 1.         1.         0.83333333 1.         1.         1.
 0.83333333 1.         0.83333333 0.85714286 0.85714286 1.
 1.         1.         1.         0.83333333]
Mean precision: 0.920904761904762
Dev: 0.09530091975486095


XGB_RF_SMOTE Cross-Validation Results precision:
 [1.         0.88888889 1.         1.         1.         0.94117647
 0.94117647 1.         0.94117647 1.         1.         0.94117647
 0.9375     1.         1.         0.94444444 0.94117647 1.
 0.94117647 1.         1.         0.9375     1.         0.94444444
 1.         1.         0.94117647 0.88888889 1.         1.
 1.         0.94117647 1.         0.94444444 0.94444444 0.94117647
 0.94117647 1.         1.         1.         0.94117647 0.94117647
 1.         1.         0.89473684 1.         1.         1.
 0.94117647 0.94117647 0.9375     1.         1.         1.
 1.         0.94444444 0.94117647 0.94117647 0.94117647 1.
 0.92857143 0.94117647 0.94117647 0.94117647 1.         0.94444444
 0.94117647 1.         1.         1.         1.         1.
 1.         1.         0.8        0.94444444 1.         1.
 1.         1.         1.         0.94117647 0.94117647 1.
 1.         1.         1.         1.         1.         0.88888889
 1.         0.88888889 1.         0.94444444 1.         1.
 1.         1.         0.94117647 0.9375    ]
Mean precision: 0.9707265467590546
Dev: 0.037846125763987076


XGB_RF_BrdSMOTE Cross-Validation Results precision:
 [1.         0.88888889 1.         1.         1.         0.94444444
 0.88888889 0.94117647 0.88888889 1.         1.         0.94117647
 0.94117647 0.94444444 1.         0.94444444 0.94117647 1.
 0.94117647 1.         1.         0.93333333 1.         0.94444444
 1.         0.94444444 0.94117647 0.84210526 0.88888889 0.94117647
 1.         0.94117647 1.         0.9375     0.94444444 0.89473684
 0.94117647 1.         1.         1.         1.         0.94117647
 1.         0.94444444 0.89473684 1.         1.         1.
 0.88888889 0.94117647 0.94117647 0.94117647 1.         1.
 0.88888889 0.94117647 0.94117647 0.875      1.         0.88888889
 0.94117647 0.94117647 0.94117647 0.9375     1.         0.94444444
 0.94117647 1.         0.94117647 1.         0.94117647 1.
 1.         0.94444444 0.77272727 0.85       1.         1.
 1.         0.94117647 1.         0.94117647 0.94117647 1.
 1.         0.94444444 0.94117647 1.         1.         0.88888889
 1.         0.88888889 1.         0.89473684 1.         1.
 1.         0.94117647 0.94117647 0.94117647]
Mean precision: 0.9562976201644932
Dev: 0.04561555695383495


XGB_RF_GAN Cross-Validation Results precision:
 [1.         0.76190476 1.         1.         1.         0.9375
 0.84210526 1.         0.94117647 0.88888889 1.         0.94117647
 0.88888889 0.89473684 1.         0.94444444 0.94117647 1.
 0.94117647 1.         1.         0.94117647 1.         0.94444444
 1.         0.94117647 0.94117647 0.84210526 0.84210526 1.
 0.94117647 0.9375     1.         0.94444444 0.94117647 0.89473684
 0.9375     1.         0.9375     1.         0.94117647 0.94117647
 0.94117647 0.94444444 0.89473684 1.         1.         1.
 0.94117647 0.94117647 0.94117647 0.94117647 1.         1.
 0.94444444 0.89473684 0.93333333 0.88235294 0.94117647 1.
 0.94117647 0.88888889 0.94117647 0.94117647 1.         0.94444444
 0.94117647 1.         0.9375     1.         0.9375     0.84210526
 1.         0.94444444 0.77272727 0.94117647 1.         1.
 1.         1.         1.         0.94117647 0.94117647 0.89473684
 1.         0.94444444 0.94117647 1.         0.9375     0.88888889
 1.         0.84210526 1.         0.94444444 1.         1.
 1.         0.9375     0.94117647 0.94117647]
Mean precision: 0.9500184909689554
Dev: 0.0508629419502437


