LR Cross-Validation Results recall:
 [0.8        0.8        1.         0.5        1.         0.83333333
 1.         0.8        0.6        1.         0.8        0.4
 1.         1.         0.66666667 0.83333333 0.6        1.
 0.8        1.         0.8        1.         0.4        0.83333333
 0.83333333 1.         1.         0.8        1.         0.8
 0.6        0.8        1.         0.66666667 1.         1.
 1.         0.8        0.8        0.8        0.8        1.
 0.8        1.         0.83333333 0.5        0.8        1.
 0.6        0.8        0.8        0.8        0.8        1.
 0.83333333 1.         0.8        0.8        0.8        0.6
 1.         1.         0.8        0.83333333 0.83333333 0.66666667
 0.6        0.8        0.8        1.         0.8        0.8
 0.8        1.         1.         0.83333333 0.8        0.8
 0.6        1.         0.6        1.         0.8        0.5
 0.83333333 1.         0.8        1.         1.         1.
 1.         0.6        1.         0.83333333 1.         0.83333333
 0.6        1.         0.8        1.        ]
Mean recall: 0.8370000000000001
Dev: 0.1549118028642965


LR_SMOTE Cross-Validation Results recall:
 [0.9375     1.         0.875      1.         0.82352941 0.94117647
 1.         0.9375     0.875      0.8125     0.9375     0.9375
 0.9375     1.         0.88235294 1.         0.875      1.
 0.9375     0.9375     0.9375     0.875      0.9375     0.94117647
 0.88235294 0.88235294 0.9375     1.         0.8125     1.
 0.9375     0.875      0.9375     0.88235294 0.94117647 0.88235294
 1.         0.875      1.         0.9375     0.875      1.
 0.9375     0.88235294 0.88235294 0.94117647 0.9375     0.9375
 0.9375     1.         0.9375     0.875      1.         0.88235294
 0.82352941 1.         0.8125     0.9375     1.         1.
 0.8125     1.         1.         0.94117647 0.88235294 0.94117647
 0.9375     0.8125     1.         1.         0.875      0.9375
 1.         0.94117647 0.88235294 1.         0.9375     0.875
 0.875      0.875      0.875      0.9375     1.         0.88235294
 0.94117647 0.88235294 0.9375     1.         0.9375     1.
 0.875      1.         0.875      0.94117647 1.         1.
 0.9375     0.9375     1.         0.875     ]
Mean recall: 0.9308088235294119
Dev: 0.05585907990612161


LR_BrdSMOTE Cross-Validation Results recall:
 [0.9375     1.         0.9375     0.94117647 0.94117647 0.88235294
 1.         0.9375     0.9375     1.         1.         1.
 0.875      0.88235294 0.88235294 1.         1.         0.9375
 0.875      1.         1.         0.8125     0.8125     1.
 1.         1.         1.         1.         0.875      1.
 0.9375     1.         0.875      0.82352941 1.         1.
 1.         1.         1.         0.9375     1.         1.
 0.9375     0.94117647 0.94117647 1.         0.875      0.9375
 0.9375     0.9375     1.         1.         1.         1.
 0.94117647 0.88235294 0.875      0.9375     1.         1.
 1.         1.         1.         0.82352941 1.         0.88235294
 1.         0.8125     0.9375     1.         1.         1.
 1.         1.         0.94117647 1.         0.875      0.75
 1.         1.         1.         0.875      1.         0.94117647
 0.82352941 0.88235294 1.         1.         1.         0.9375
 1.         1.         0.875      1.         0.94117647 0.94117647
 0.9375     1.         0.875      1.        ]
Mean recall: 0.9523529411764706
Dev: 0.060282728479566824


LR_GAN Cross-Validation Results recall:
 [0.75       1.         0.875      0.94117647 0.94117647 0.94117647
 0.9375     1.         0.9375     1.         0.9375     0.875
 0.875      1.         0.88235294 0.88235294 0.875      1.
 0.9375     1.         1.         0.875      1.         0.76470588
 0.94117647 1.         0.9375     1.         0.9375     1.
 0.9375     1.         0.9375     0.94117647 0.76470588 1.
 1.         0.9375     0.9375     0.9375     0.9375     0.9375
 1.         0.94117647 0.88235294 0.88235294 0.9375     0.9375
 1.         1.         0.8125     1.         0.9375     0.88235294
 0.88235294 1.         0.875      0.875      1.         1.
 0.9375     0.9375     0.875      0.88235294 0.94117647 0.94117647
 1.         0.75       1.         1.         1.         0.8125
 1.         0.94117647 0.94117647 1.         0.875      0.9375
 1.         0.875      0.875      0.9375     1.         0.88235294
 1.         0.94117647 0.9375     0.875      0.9375     1.
 1.         1.         0.875      1.         0.94117647 0.88235294
 0.8125     0.875      1.         0.9375    ]
Mean recall: 0.9351470588235296
Dev: 0.0628719898740818


DT Cross-Validation Results recall:
 [0.8        1.         1.         0.66666667 1.         0.66666667
 1.         0.8        1.         1.         0.8        1.
 1.         0.66666667 0.83333333 0.83333333 1.         0.8
 1.         1.         1.         1.         0.6        0.83333333
 1.         1.         0.8        1.         0.8        1.
 0.8        1.         1.         1.         1.         0.83333333
 0.8        0.8        1.         0.8        1.         1.
 0.6        0.83333333 1.         0.83333333 0.8        1.
 0.6        1.         1.         0.8        0.8        1.
 1.         1.         1.         1.         0.6        0.8
 1.         1.         0.6        0.83333333 1.         0.66666667
 0.8        1.         0.8        1.         0.8        1.
 1.         0.83333333 1.         1.         0.6        1.
 1.         1.         0.8        1.         1.         0.66666667
 0.83333333 1.         1.         1.         1.         1.
 1.         0.8        0.8        0.83333333 1.         0.83333333
 0.6        0.8        1.         1.        ]
Mean recall: 0.8949999999999999
Dev: 0.13109580889986952


DT_SMOTE Cross-Validation Results recall:
 [0.9375     1.         1.         1.         0.94117647 1.
 1.         0.9375     1.         0.9375     1.         1.
 1.         1.         0.94117647 1.         1.         1.
 0.9375     0.8125     1.         0.875      0.9375     1.
 1.         1.         1.         1.         0.9375     1.
 1.         1.         1.         1.         1.         1.
 1.         0.9375     1.         0.9375     1.         1.
 1.         0.88235294 1.         1.         0.9375     1.
 1.         0.9375     0.9375     1.         1.         0.94117647
 0.82352941 1.         1.         0.9375     1.         1.
 0.875      1.         1.         0.88235294 1.         1.
 1.         0.75       1.         1.         1.         1.
 1.         1.         1.         0.94117647 0.9375     1.
 0.9375     1.         1.         0.9375     1.         0.88235294
 1.         1.         1.         1.         1.         1.
 0.9375     1.         0.9375     0.94117647 1.         1.
 0.9375     1.         1.         1.        ]
Mean recall: 0.9736397058823529
Dev: 0.046871914546665325


DT_BrdSMOTE Cross-Validation Results recall:
 [1.         1.         1.         0.88235294 0.94117647 1.
 1.         1.         1.         1.         1.         1.
 0.875      1.         1.         1.         1.         1.
 0.9375     1.         1.         0.875      0.875      1.
 1.         1.         1.         1.         1.         1.
 1.         1.         1.         0.88235294 1.         1.
 1.         1.         1.         0.875      1.         1.
 0.875      0.94117647 1.         1.         1.         1.
 1.         1.         1.         1.         1.         1.
 0.94117647 1.         1.         0.8125     1.         1.
 1.         1.         1.         1.         1.         1.
 0.9375     0.9375     1.         1.         1.         1.
 1.         1.         0.94117647 1.         0.9375     0.8125
 1.         1.         1.         0.9375     1.         1.
 1.         1.         1.         1.         0.9375     1.
 1.         0.9375     0.9375     1.         1.         1.
 1.         1.         1.         1.        ]
Mean recall: 0.9802941176470589
Dev: 0.04270571524031475


DT_GAN Cross-Validation Results recall:
 [0.875      1.         1.         0.88235294 1.         1.
 1.         1.         1.         0.9375     0.9375     1.
 1.         1.         1.         1.         0.8125     1.
 1.         1.         0.9375     0.9375     1.         1.
 1.         1.         0.9375     0.9375     0.9375     1.
 1.         1.         1.         0.94117647 1.         1.
 1.         0.9375     1.         1.         0.9375     0.9375
 1.         0.94117647 1.         1.         0.9375     0.9375
 1.         1.         0.9375     1.         0.9375     0.94117647
 1.         1.         0.875      0.9375     1.         1.
 0.9375     0.9375     1.         0.88235294 1.         1.
 0.9375     0.8125     1.         1.         1.         1.
 1.         1.         1.         1.         0.875      1.
 1.         0.875      1.         1.         1.         1.
 1.         1.         0.9375     0.9375     1.         1.
 1.         0.9375     0.875      1.         1.         0.88235294
 0.875      0.875      1.         1.        ]
Mean recall: 0.9690808823529412
Dev: 0.04669289887976381


RF Cross-Validation Results recall:
 [1.         0.8        1.         0.66666667 1.         0.83333333
 1.         1.         0.6        1.         1.         0.8
 1.         1.         0.66666667 1.         1.         1.
 0.8        1.         1.         1.         0.4        0.83333333
 0.66666667 1.         1.         1.         1.         1.
 0.8        1.         1.         0.5        1.         1.
 1.         0.8        1.         0.8        0.8        1.
 0.6        1.         1.         0.66666667 1.         1.
 0.8        1.         1.         0.8        1.         1.
 1.         1.         1.         0.8        1.         1.
 1.         1.         0.8        1.         1.         0.5
 0.8        1.         0.8        1.         0.6        1.
 0.8        1.         1.         1.         0.8        1.
 1.         1.         1.         1.         1.         0.33333333
 0.83333333 1.         1.         1.         1.         1.
 1.         0.8        1.         1.         1.         0.83333333
 0.6        0.8        0.8        1.        ]
Mean recall: 0.9053333333333333
Dev: 0.1524408810727038


RF_SMOTE Cross-Validation Results recall:
 [0.9375     1.         1.         1.         0.94117647 1.
 1.         1.         1.         0.9375     1.         1.
 1.         1.         0.94117647 1.         1.         1.
 0.9375     0.9375     1.         0.875      1.         1.
 1.         1.         1.         1.         0.9375     1.
 1.         1.         1.         1.         1.         1.
 1.         0.9375     1.         0.9375     1.         1.
 1.         0.88235294 0.94117647 1.         0.9375     1.
 1.         1.         1.         1.         1.         0.94117647
 0.94117647 1.         1.         1.         1.         1.
 0.9375     1.         1.         1.         1.         1.
 1.         0.875      1.         1.         1.         1.
 1.         1.         1.         1.         0.9375     1.
 0.9375     1.         1.         0.9375     1.         0.88235294
 1.         1.         1.         1.         1.         1.
 0.9375     1.         0.9375     1.         1.         1.
 0.9375     1.         1.         1.        ]
Mean recall: 0.9828308823529411
Dev: 0.03245744735558898


RF_BrdSMOTE Cross-Validation Results recall:
 [0.9375     1.         1.         1.         1.         1.
 1.         1.         1.         1.         1.         1.
 1.         1.         0.94117647 1.         1.         1.
 1.         1.         1.         0.875      1.         1.
 1.         1.         1.         1.         1.         1.
 0.9375     1.         1.         1.         1.         1.
 1.         1.         1.         1.         1.         1.
 1.         1.         1.         1.         0.9375     1.
 1.         1.         1.         1.         1.         1.
 0.94117647 1.         1.         1.         1.         1.
 1.         1.         1.         0.94117647 1.         1.
 0.9375     1.         1.         1.         1.         1.
 1.         1.         1.         1.         0.9375     1.
 1.         1.         1.         1.         1.         0.94117647
 1.         1.         1.         1.         1.         1.
 1.         0.9375     1.         1.         1.         1.
 0.9375     1.         1.         1.        ]
Mean recall: 0.9920220588235295
Dev: 0.02245992562505595


RF_GAN Cross-Validation Results recall:
 [0.9375     1.         0.9375     0.94117647 1.         1.
 1.         1.         1.         1.         0.9375     0.9375
 0.9375     1.         1.         1.         1.         1.
 0.9375     1.         1.         0.9375     1.         1.
 0.94117647 1.         0.9375     1.         1.         1.
 1.         1.         1.         1.         1.         1.
 1.         1.         0.9375     1.         1.         1.
 1.         0.94117647 0.94117647 0.94117647 1.         1.
 1.         1.         1.         1.         1.         1.
 1.         1.         0.9375     0.9375     1.         1.
 1.         0.9375     0.9375     1.         1.         1.
 1.         0.875      1.         1.         0.9375     1.
 0.9375     1.         1.         1.         1.         1.
 1.         0.875      1.         1.         1.         1.
 1.         1.         1.         0.9375     0.9375     1.
 1.         1.         0.8125     1.         1.         1.
 1.         0.9375     1.         1.        ]
Mean recall: 0.9814338235294119
Dev: 0.034575930528126256


XGB Cross-Validation Results recall:
 [1.         1.         1.         0.66666667 1.         0.83333333
 1.         0.8        0.6        1.         0.8        0.6
 1.         1.         0.66666667 0.83333333 1.         0.8
 1.         1.         1.         1.         0.4        0.83333333
 0.83333333 1.         1.         1.         1.         1.
 0.8        0.8        1.         0.66666667 1.         1.
 0.8        0.8        1.         0.8        0.8        1.
 0.8        1.         1.         0.83333333 0.8        1.
 0.8        1.         1.         0.8        0.8        1.
 0.83333333 1.         1.         0.8        1.         1.
 1.         1.         0.8        0.83333333 0.83333333 1.
 0.8        1.         0.8        1.         0.6        1.
 0.8        1.         1.         1.         0.8        1.
 1.         1.         1.         1.         1.         0.33333333
 0.66666667 1.         1.         1.         1.         1.
 1.         0.8        1.         0.83333333 1.         0.83333333
 1.         0.8        0.8        1.        ]
Mean recall: 0.8993333333333332
Dev: 0.13832168625667085


XGB_SMOTE Cross-Validation Results recall:
 [0.9375     1.         1.         1.         0.94117647 1.
 1.         1.         0.9375     0.9375     1.         1.
 1.         1.         0.88235294 1.         1.         1.
 0.9375     0.9375     1.         0.875      1.         1.
 1.         1.         1.         1.         0.8125     1.
 0.9375     1.         0.9375     1.         1.         1.
 1.         0.9375     1.         0.9375     1.         1.
 1.         0.88235294 0.94117647 1.         0.9375     1.
 1.         1.         0.9375     1.         1.         0.94117647
 0.94117647 1.         1.         0.9375     1.         1.
 0.8125     1.         1.         0.94117647 1.         1.
 1.         0.8125     1.         1.         1.         1.
 1.         1.         0.94117647 1.         0.9375     0.9375
 0.9375     1.         1.         0.9375     1.         0.88235294
 1.         0.94117647 1.         1.         1.         1.
 0.9375     1.         0.875      1.         1.         1.
 0.9375     1.         1.         1.        ]
Mean recall: 0.9729779411764706
Dev: 0.04469407436455641


XGB_BrdSMOTE Cross-Validation Results recall:
 [0.9375     1.         1.         1.         0.94117647 0.94117647
 1.         1.         1.         1.         1.         1.
 1.         1.         0.94117647 0.94117647 1.         1.
 0.9375     1.         1.         0.8125     1.         1.
 1.         1.         1.         1.         1.         1.
 0.9375     1.         1.         1.         1.         0.94117647
 1.         1.         1.         0.9375     1.         1.
 1.         0.94117647 1.         1.         0.9375     0.9375
 1.         1.         1.         0.9375     1.         1.
 0.94117647 1.         1.         1.         1.         1.
 1.         1.         1.         0.88235294 1.         1.
 1.         0.9375     1.         1.         1.         1.
 1.         1.         1.         1.         0.875      1.
 1.         1.         1.         0.9375     1.         0.88235294
 1.         1.         1.         1.         1.         1.
 1.         1.         0.875      1.         1.         1.
 0.9375     1.         1.         1.        ]
Mean recall: 0.9829044117647059
Dev: 0.03579747902796768


XGB_GAN Cross-Validation Results recall:
 [0.875      1.         0.9375     0.94117647 0.94117647 0.94117647
 1.         1.         1.         0.9375     0.9375     0.9375
 0.9375     0.94117647 0.94117647 1.         0.9375     1.
 0.9375     1.         1.         0.9375     0.875      1.
 0.94117647 1.         0.9375     1.         1.         0.9375
 1.         0.875      1.         1.         0.94117647 1.
 0.9375     0.9375     0.9375     0.9375     0.875      1.
 0.9375     0.94117647 1.         0.88235294 0.875      1.
 1.         1.         1.         1.         1.         1.
 0.82352941 1.         0.875      0.9375     1.         1.
 1.         0.9375     0.9375     0.94117647 0.94117647 1.
 1.         0.875      0.9375     1.         0.9375     1.
 0.9375     0.94117647 0.94117647 0.94117647 1.         1.
 0.9375     0.875      1.         1.         1.         1.
 0.82352941 1.         1.         0.9375     1.         0.9375
 1.         1.         0.875      1.         0.94117647 0.94117647
 1.         0.875      1.         1.        ]
Mean recall: 0.9589705882352942
Dev: 0.04579152964087584


XGB_RF Cross-Validation Results recall:
 [1.         1.         1.         0.83333333 1.         1.
 1.         1.         0.8        1.         1.         1.
 1.         1.         0.83333333 1.         1.         1.
 1.         1.         1.         1.         0.6        1.
 0.83333333 1.         1.         1.         1.         1.
 0.8        1.         1.         0.5        1.         1.
 1.         1.         1.         1.         1.         1.
 0.8        1.         1.         1.         1.         1.
 1.         1.         1.         0.8        1.         1.
 1.         1.         1.         1.         1.         1.
 1.         1.         0.8        1.         1.         1.
 1.         1.         1.         1.         1.         1.
 1.         1.         1.         1.         0.8        1.
 1.         1.         1.         1.         1.         0.5
 1.         1.         1.         1.         1.         1.
 1.         1.         1.         1.         1.         0.83333333
 1.         1.         1.         1.        ]
Mean recall: 0.9673333333333334
Dev: 0.09509994742374991


XGB_RF_SMOTE Cross-Validation Results recall:
 [0.9375     1.         1.         1.         1.         0.94117647
 1.         1.         1.         0.9375     1.         1.
 0.9375     1.         0.94117647 1.         1.         1.
 1.         0.9375     1.         0.9375     1.         1.
 1.         1.         1.         1.         0.875      1.
 0.9375     1.         1.         1.         1.         0.94117647
 1.         0.9375     0.9375     0.9375     1.         1.
 0.9375     0.94117647 1.         1.         0.9375     1.
 1.         1.         0.9375     1.         1.         0.94117647
 0.94117647 1.         1.         1.         1.         1.
 0.8125     1.         1.         0.94117647 1.         1.
 1.         1.         1.         1.         1.         1.
 1.         1.         0.94117647 1.         0.9375     1.
 0.9375     0.9375     1.         1.         1.         0.88235294
 1.         0.94117647 1.         1.         0.9375     1.
 0.9375     1.         1.         1.         1.         1.
 0.9375     0.9375     1.         0.9375    ]
Mean recall: 0.9779044117647058
Dev: 0.03536487622141083


XGB_RF_BrdSMOTE Cross-Validation Results recall:
 [0.9375     1.         1.         0.88235294 1.         1.
 1.         1.         1.         1.         1.         1.
 1.         1.         1.         1.         1.         1.
 1.         1.         1.         0.875      0.875      1.
 1.         1.         1.         1.         1.         1.
 0.9375     1.         1.         0.88235294 1.         1.
 1.         1.         1.         0.9375     1.         1.
 0.875      1.         1.         1.         0.9375     1.
 1.         1.         1.         1.         1.         1.
 0.94117647 0.94117647 1.         0.875      1.         1.
 1.         1.         1.         0.88235294 1.         1.
 1.         1.         1.         1.         1.         1.
 1.         1.         1.         1.         0.875      0.8125
 1.         1.         1.         1.         1.         1.
 1.         1.         1.         1.         0.9375     1.
 1.         1.         1.         1.         1.         1.
 0.9375     1.         1.         1.        ]
Mean recall: 0.9834191176470588
Dev: 0.03970756736620702


XGB_RF_GAN Cross-Validation Results recall:
 [1.         1.         1.         0.94117647 1.         0.88235294
 1.         1.         1.         1.         1.         1.
 1.         1.         0.88235294 1.         1.         1.
 1.         1.         1.         1.         0.9375     1.
 1.         0.94117647 1.         1.         1.         0.875
 1.         0.9375     1.         1.         0.94117647 1.
 0.9375     1.         0.9375     1.         1.         1.
 1.         1.         1.         0.94117647 1.         1.
 1.         1.         1.         1.         1.         1.
 1.         1.         0.875      0.9375     1.         1.
 1.         1.         1.         0.94117647 1.         1.
 1.         0.875      0.9375     1.         0.9375     1.
 1.         1.         1.         0.94117647 0.9375     1.
 1.         1.         1.         1.         1.         1.
 0.88235294 1.         1.         1.         0.9375     1.
 0.9375     1.         0.9375     1.         0.94117647 0.94117647
 1.         0.9375     1.         1.        ]
Mean recall: 0.980514705882353
Dev: 0.03535342749494225


