LR_RUS_1 Cross-Validation Results recall:
 [1.         0.75       0.75       0.94117647 0.94117647 1.
 0.875      1.         0.9375     1.         0.9375     0.875
 1.         0.88235294 1.         0.94117647 0.9375     0.875
 0.875      0.9375     1.         0.9375     1.         0.94117647
 0.88235294 1.         0.9375     0.9375     0.75       0.875
 0.9375     0.875      1.         0.94117647 0.94117647 0.94117647
 1.         0.9375     0.875      0.9375     0.9375     0.8125
 0.875      0.94117647 1.         0.94117647 1.         0.9375
 0.875      1.         0.9375     0.875      0.875      0.94117647
 0.88235294 0.94117647 1.         0.9375     0.875      0.75
 0.8125     0.875      0.875      1.         0.94117647 0.94117647
 1.         0.9375     0.9375     0.875      1.         0.9375
 1.         1.         0.88235294 0.76470588 1.         1.
 0.9375     0.8125     1.         0.8125     1.         0.82352941
 0.88235294 0.94117647 0.9375     1.         0.875      1.
 0.9375     0.9375     0.8125     1.         0.94117647 0.88235294
 0.9375     0.875      1.         0.9375    ]
Mean recall: 0.925
Dev: 0.06634781738665047


LR_RUS_2 Cross-Validation Results recall:
 [0.9375     0.9375     0.9375     1.         0.82352941 1.
 0.875      0.9375     0.9375     1.         0.9375     0.875
 0.9375     1.         1.         1.         0.9375     0.875
 0.9375     0.875      0.9375     0.875      1.         1.
 0.82352941 0.94117647 0.9375     1.         0.9375     0.9375
 0.9375     0.9375     0.875      1.         0.88235294 0.94117647
 0.9375     0.9375     1.         0.9375     0.9375     0.8125
 0.9375     1.         0.94117647 0.94117647 1.         1.
 1.         1.         1.         1.         0.9375     1.
 1.         0.82352941 1.         0.875      0.875      0.875
 0.9375     1.         0.75       0.94117647 0.88235294 1.
 1.         1.         1.         0.9375     1.         0.875
 0.9375     1.         1.         0.76470588 1.         0.9375
 1.         0.8125     0.875      0.9375     1.         0.94117647
 0.94117647 1.         1.         0.9375     0.75       1.
 0.8125     0.9375     0.9375     1.         0.88235294 1.
 0.875      0.9375     1.         0.9375    ]
Mean recall: 0.9397058823529412
Dev: 0.062454568262744516


LR_RUS_3 Cross-Validation Results recall:
 [0.9375     0.9375     1.         1.         0.88235294 0.94117647
 0.9375     1.         0.9375     1.         0.9375     0.875
 1.         1.         1.         0.94117647 0.9375     0.9375
 0.9375     0.9375     1.         0.9375     0.9375     1.
 0.82352941 1.         0.875      1.         1.         0.9375
 1.         0.9375     0.9375     0.88235294 0.94117647 1.
 1.         0.9375     0.9375     0.9375     0.9375     0.9375
 0.875      0.94117647 0.94117647 0.94117647 0.875      0.9375
 1.         1.         0.9375     1.         0.875      1.
 0.94117647 0.94117647 1.         0.875      0.9375     1.
 1.         0.9375     0.8125     0.94117647 0.88235294 1.
 1.         1.         1.         1.         1.         1.
 0.875      0.94117647 1.         0.82352941 1.         0.9375
 0.9375     1.         0.9375     1.         1.         1.
 1.         0.94117647 0.875      0.9375     0.6875     0.9375
 0.9375     1.         0.9375     1.         0.82352941 0.94117647
 0.9375     0.9375     0.9375     1.        ]
Mean recall: 0.9484926470588235
Dev: 0.05457917162568539


LR_RUS_4 Cross-Validation Results recall:
 [0.9375     0.75       1.         1.         0.94117647 1.
 0.875      1.         0.9375     0.9375     0.9375     0.875
 1.         1.         0.88235294 0.88235294 0.9375     0.9375
 0.9375     0.9375     1.         0.9375     1.         0.82352941
 0.82352941 0.94117647 1.         0.9375     0.875      0.875
 0.875      0.8125     1.         0.94117647 0.94117647 0.94117647
 0.9375     0.9375     1.         0.9375     0.875      0.875
 0.9375     1.         0.88235294 0.82352941 0.9375     1.
 0.9375     0.9375     1.         1.         0.9375     1.
 1.         1.         0.8125     0.875      0.875      0.75
 0.875      0.875      0.875      1.         0.76470588 0.94117647
 1.         1.         0.9375     1.         1.         0.9375
 1.         1.         1.         0.64705882 0.875      0.9375
 0.9375     1.         1.         1.         1.         1.
 1.         0.94117647 0.8125     1.         0.75       0.875
 0.8125     0.875      0.9375     1.         0.82352941 0.94117647
 0.9375     1.         0.875      1.        ]
Mean recall: 0.9288235294117648
Dev: 0.07341446898299656


LR_RUS_5 Cross-Validation Results recall:
 [0.9375     0.9375     1.         0.94117647 0.94117647 1.
 0.8125     0.9375     0.8125     1.         0.875      0.9375
 0.875      0.94117647 1.         1.         1.         0.875
 0.9375     0.9375     0.8125     0.875      0.9375     1.
 0.82352941 1.         0.9375     1.         0.9375     0.875
 1.         1.         0.9375     0.82352941 0.88235294 0.94117647
 0.9375     0.9375     0.9375     0.875      0.9375     0.9375
 0.8125     1.         0.94117647 0.82352941 1.         0.875
 0.9375     1.         1.         1.         0.875      0.88235294
 1.         0.94117647 1.         0.875      0.875      0.9375
 0.9375     0.875      0.75       0.88235294 0.94117647 0.94117647
 0.875      1.         1.         1.         0.9375     0.9375
 0.875      1.         0.94117647 0.82352941 0.9375     0.875
 0.9375     0.9375     0.875      1.         0.875      1.
 1.         1.         0.9375     0.875      0.6875     0.9375
 0.9375     0.875      1.         0.94117647 0.88235294 0.88235294
 0.9375     0.875      0.9375     1.        ]
Mean recall: 0.9268014705882354
Dev: 0.06321411880408104


LR_RUS_6 Cross-Validation Results recall:
 [1.         0.9375     0.875      0.94117647 1.         0.94117647
 0.9375     1.         0.875      0.9375     0.9375     0.8125
 0.9375     0.94117647 1.         0.94117647 1.         1.
 0.875      1.         0.9375     0.875      1.         1.
 0.88235294 0.88235294 1.         0.9375     1.         0.875
 0.9375     0.9375     1.         0.88235294 0.94117647 1.
 0.875      0.9375     1.         0.9375     0.875      0.9375
 0.875      1.         1.         0.82352941 0.9375     0.9375
 1.         1.         1.         0.875      0.9375     1.
 0.88235294 1.         0.9375     0.9375     0.9375     0.9375
 1.         0.9375     0.875      1.         0.82352941 0.76470588
 0.9375     1.         1.         0.9375     0.9375     0.9375
 1.         0.94117647 1.         0.76470588 1.         0.9375
 0.9375     1.         1.         1.         1.         0.94117647
 0.88235294 1.         0.9375     1.         0.75       1.
 0.9375     0.9375     0.9375     0.82352941 0.94117647 0.88235294
 0.9375     1.         0.9375     1.        ]
Mean recall: 0.9413602941176471
Dev: 0.0591543432164265


LR_RUS_7 Cross-Validation Results recall:
 [0.9375     0.9375     0.8125     1.         0.88235294 1.
 0.875      0.9375     0.9375     1.         0.875      0.8125
 1.         0.94117647 1.         1.         1.         0.9375
 0.875      1.         0.9375     1.         0.9375     0.94117647
 0.88235294 0.76470588 1.         1.         1.         0.875
 0.9375     0.9375     1.         0.94117647 0.94117647 1.
 0.9375     0.75       1.         0.875      0.8125     0.8125
 0.9375     1.         1.         1.         0.875      0.9375
 1.         1.         1.         0.875      0.9375     1.
 0.94117647 0.88235294 0.9375     0.9375     0.9375     0.9375
 1.         1.         0.875      0.94117647 0.94117647 0.88235294
 1.         1.         0.9375     0.875      0.9375     0.9375
 0.8125     1.         1.         0.82352941 0.875      0.875
 0.9375     0.9375     1.         0.9375     0.9375     0.94117647
 0.88235294 1.         0.9375     1.         0.875      0.9375
 0.9375     1.         0.8125     1.         0.94117647 1.
 0.8125     0.9375     0.9375     0.9375    ]
Mean recall: 0.9353308823529413
Dev: 0.06179991774652705


LR_RUS_8 Cross-Validation Results recall:
 [0.9375     0.875      1.         1.         0.94117647 1.
 0.875      0.9375     0.875      1.         0.875      0.875
 1.         1.         0.88235294 0.94117647 0.875      1.
 0.9375     1.         1.         0.9375     1.         0.94117647
 0.94117647 1.         0.9375     0.9375     0.875      0.9375
 0.875      1.         0.875      0.88235294 0.88235294 0.94117647
 1.         0.875      1.         0.9375     0.75       0.875
 0.9375     1.         1.         0.88235294 0.9375     1.
 0.9375     1.         1.         1.         0.9375     0.94117647
 0.94117647 1.         1.         0.875      0.875      0.75
 0.875      1.         0.8125     0.94117647 0.94117647 0.94117647
 1.         1.         1.         1.         0.9375     0.9375
 1.         1.         1.         0.76470588 0.9375     0.9375
 0.9375     0.9375     0.9375     0.9375     1.         1.
 1.         0.94117647 0.75       1.         0.8125     1.
 0.9375     0.9375     1.         1.         0.94117647 0.94117647
 0.75       1.         0.9375     1.        ]
Mean recall: 0.9396691176470588
Dev: 0.06485630701883285


LR_RUS_9 Cross-Validation Results recall:
 [0.875      0.9375     0.9375     0.82352941 1.         0.88235294
 0.875      0.9375     0.9375     1.         0.875      0.9375
 0.9375     0.82352941 0.94117647 0.94117647 1.         1.
 0.9375     1.         0.9375     0.75       1.         0.94117647
 0.82352941 1.         0.9375     0.875      1.         0.8125
 0.9375     1.         0.9375     1.         0.88235294 0.94117647
 0.8125     0.75       0.9375     0.9375     0.875      0.8125
 0.875      1.         0.94117647 0.88235294 1.         1.
 1.         0.9375     0.875      0.875      1.         1.
 0.94117647 1.         1.         0.9375     0.875      0.875
 1.         0.875      0.9375     0.82352941 0.82352941 0.94117647
 1.         0.9375     1.         0.875      1.         0.8125
 1.         0.70588235 1.         0.82352941 1.         0.9375
 1.         0.875      0.875      0.875      1.         0.88235294
 0.94117647 0.94117647 1.         0.9375     0.8125     0.9375
 0.875      0.875      0.875      0.76470588 0.94117647 1.
 0.9375     1.         1.         1.        ]
Mean recall: 0.9235294117647058
Dev: 0.07056716903788023


LR_RUS_10 Cross-Validation Results recall:
 [0.875      0.875      0.9375     1.         1.         0.88235294
 0.8125     1.         0.875      1.         0.875      0.9375
 0.9375     0.94117647 0.94117647 0.94117647 0.9375     1.
 0.875      0.9375     1.         0.9375     1.         0.88235294
 0.82352941 1.         0.9375     0.9375     1.         0.8125
 0.875      0.9375     1.         0.88235294 0.88235294 0.94117647
 1.         0.875      0.9375     0.9375     0.875      0.9375
 0.875      1.         0.82352941 0.82352941 1.         1.
 1.         1.         0.875      0.875      0.9375     1.
 1.         0.94117647 1.         0.9375     0.8125     0.8125
 1.         0.75       0.875      1.         0.88235294 0.94117647
 0.875      0.9375     1.         1.         0.9375     0.9375
 1.         0.94117647 0.94117647 0.82352941 0.9375     1.
 0.9375     0.9375     0.875      0.8125     1.         0.94117647
 1.         1.         0.9375     0.8125     0.8125     1.
 0.875      0.875      1.         1.         0.88235294 0.94117647
 0.8125     0.9375     1.         0.9375    ]
Mean recall: 0.928125
Dev: 0.06396926765033131


LR_NM Cross-Validation Results recall:
 [1.         0.9375     0.9375     1.         0.94117647 0.88235294
 1.         1.         1.         0.9375     1.         0.9375
 0.9375     1.         1.         1.         0.9375     1.
 0.9375     1.         1.         1.         1.         0.88235294
 0.94117647 0.94117647 1.         0.9375     1.         1.
 0.875      1.         1.         0.94117647 0.94117647 1.
 1.         0.9375     1.         1.         0.9375     0.875
 1.         1.         1.         0.88235294 1.         1.
 0.9375     1.         0.875      1.         0.9375     1.
 1.         1.         0.9375     1.         1.         1.
 1.         1.         1.         1.         0.82352941 1.
 1.         0.9375     0.9375     1.         1.         0.9375
 1.         1.         1.         1.         0.875      1.
 0.9375     0.9375     0.875      1.         1.         1.
 1.         1.         0.875      1.         0.9375     1.
 0.9375     1.         1.         1.         0.94117647 1.
 0.875      1.         1.         0.9375    ]
Mean recall: 0.9693014705882353
Dev: 0.043656830477238485


DT_RUS_1 Cross-Validation Results recall:
 [1.         1.         0.9375     1.         1.         1.
 1.         1.         0.9375     1.         0.9375     0.9375
 0.9375     1.         1.         1.         1.         0.9375
 1.         0.9375     0.875      1.         1.         1.
 0.94117647 1.         1.         1.         0.9375     1.
 0.875      1.         1.         0.94117647 0.94117647 0.94117647
 1.         1.         1.         0.9375     1.         0.9375
 1.         0.94117647 1.         0.94117647 1.         1.
 0.9375     1.         0.9375     0.9375     1.         1.
 1.         1.         1.         1.         1.         0.875
 0.9375     0.9375     1.         1.         1.         0.88235294
 0.9375     1.         1.         1.         1.         0.9375
 1.         1.         1.         1.         1.         0.9375
 0.9375     0.8125     1.         0.9375     0.9375     1.
 0.88235294 1.         1.         0.875      0.9375     1.
 1.         1.         0.875      0.88235294 0.94117647 1.
 1.         0.875      1.         1.        ]
Mean recall: 0.9692279411764707
Dev: 0.04311562758592327


DT_RUS_2 Cross-Validation Results recall:
 [1.         1.         1.         0.94117647 0.94117647 1.
 1.         0.9375     1.         0.875      1.         0.9375
 1.         1.         1.         0.94117647 1.         0.875
 1.         1.         1.         1.         0.9375     1.
 0.94117647 1.         0.9375     1.         0.875      1.
 0.9375     0.9375     0.9375     1.         1.         0.94117647
 1.         1.         0.9375     1.         1.         0.9375
 1.         1.         0.94117647 1.         1.         1.
 0.875      1.         1.         1.         0.875      0.94117647
 1.         0.94117647 0.9375     0.9375     1.         1.
 1.         0.9375     0.8125     1.         1.         1.
 0.9375     1.         1.         0.9375     1.         1.
 1.         1.         1.         0.94117647 1.         1.
 0.9375     0.875      1.         1.         1.         0.94117647
 0.94117647 0.94117647 0.9375     1.         0.9375     1.
 0.9375     0.9375     0.9375     1.         1.         1.
 1.         0.9375     1.         0.9375    ]
Mean recall: 0.9698161764705883
Dev: 0.04065217350450205


DT_RUS_3 Cross-Validation Results recall:
 [0.9375     0.9375     1.         1.         1.         0.94117647
 1.         1.         1.         1.         0.9375     1.
 0.9375     1.         1.         1.         0.9375     1.
 1.         1.         1.         1.         1.         1.
 0.88235294 1.         1.         1.         0.9375     1.
 1.         1.         1.         0.94117647 0.94117647 0.94117647
 1.         1.         1.         1.         1.         0.9375
 0.9375     1.         1.         1.         0.9375     1.
 1.         1.         0.875      1.         1.         1.
 1.         1.         1.         1.         1.         0.9375
 0.9375     0.875      1.         1.         1.         1.
 1.         1.         1.         0.9375     1.         1.
 1.         0.94117647 0.94117647 0.94117647 1.         1.
 1.         1.         1.         0.8125     1.         1.
 1.         0.94117647 1.         0.9375     0.875      1.
 1.         1.         1.         1.         0.94117647 1.
 1.         0.9375     1.         0.9375    ]
Mean recall: 0.978529411764706
Dev: 0.03735091472038974


DT_RUS_4 Cross-Validation Results recall:
 [1.         1.         1.         1.         0.88235294 0.94117647
 0.875      1.         0.9375     0.9375     0.875      0.875
 1.         0.94117647 0.94117647 0.94117647 1.         0.9375
 1.         0.9375     0.875      0.9375     1.         0.94117647
 1.         1.         0.9375     0.9375     0.9375     0.9375
 0.875      0.875      0.9375     0.94117647 0.94117647 1.
 1.         1.         1.         0.9375     0.9375     1.
 0.9375     1.         0.94117647 0.94117647 0.9375     1.
 0.875      0.9375     1.         1.         0.9375     1.
 0.94117647 1.         0.8125     0.875      0.9375     1.
 0.875      0.875      0.9375     1.         0.82352941 1.
 1.         0.9375     1.         1.         1.         0.9375
 1.         1.         1.         0.88235294 0.9375     0.9375
 0.9375     1.         1.         1.         1.         1.
 0.94117647 0.88235294 0.8125     1.         0.8125     1.
 1.         0.875      0.9375     1.         0.94117647 1.
 0.9375     1.         0.9375     0.9375    ]
Mean recall: 0.9513970588235295
Dev: 0.05106611029936847


DT_RUS_5 Cross-Validation Results recall:
 [1.         0.9375     1.         1.         0.94117647 1.
 1.         1.         0.9375     0.9375     0.9375     0.9375
 1.         0.94117647 1.         0.94117647 1.         1.
 0.9375     1.         0.9375     1.         1.         1.
 0.94117647 0.94117647 0.9375     1.         1.         1.
 0.9375     0.9375     1.         0.94117647 0.94117647 0.94117647
 1.         1.         1.         1.         1.         0.9375
 0.9375     1.         0.94117647 1.         0.9375     1.
 1.         1.         1.         0.9375     1.         1.
 1.         0.94117647 1.         0.9375     1.         0.9375
 1.         0.875      1.         1.         0.94117647 0.94117647
 1.         1.         1.         1.         1.         0.9375
 0.9375     1.         1.         1.         1.         0.875
 0.9375     1.         0.9375     1.         0.9375     1.
 1.         0.94117647 1.         0.9375     0.875      1.
 0.9375     0.9375     1.         1.         0.82352941 1.
 1.         1.         1.         1.        ]
Mean recall: 0.9718382352941177
Dev: 0.037073045240322566


DT_RUS_6 Cross-Validation Results recall:
 [0.9375     0.9375     0.875      0.94117647 1.         1.
 0.9375     1.         1.         0.9375     0.9375     0.875
 1.         1.         1.         0.88235294 1.         1.
 0.875      1.         1.         1.         1.         1.
 0.94117647 0.88235294 0.875      1.         1.         1.
 1.         0.9375     1.         1.         0.88235294 1.
 0.9375     1.         0.9375     0.9375     1.         1.
 0.875      1.         1.         1.         0.9375     0.875
 0.9375     1.         1.         0.8125     1.         0.88235294
 0.88235294 1.         0.9375     1.         1.         1.
 0.9375     1.         1.         1.         0.94117647 0.82352941
 0.9375     0.9375     1.         1.         0.9375     0.9375
 1.         1.         0.88235294 1.         1.         1.
 0.9375     1.         1.         1.         0.75       0.94117647
 0.94117647 1.         0.9375     1.         1.         1.
 1.         1.         0.9375     1.         0.88235294 0.94117647
 1.         1.         0.9375     1.        ]
Mean recall: 0.9614705882352942
Dev: 0.0523235004794418


DT_RUS_7 Cross-Validation Results recall:
 [1.         0.9375     0.875      0.94117647 1.         0.94117647
 0.9375     1.         1.         1.         0.9375     0.75
 0.9375     1.         0.94117647 1.         0.9375     1.
 1.         1.         1.         1.         1.         1.
 0.94117647 0.94117647 1.         1.         0.9375     0.875
 1.         1.         1.         0.94117647 1.         0.94117647
 0.9375     0.9375     1.         0.9375     0.9375     1.
 0.875      1.         1.         1.         1.         1.
 1.         1.         0.9375     1.         0.9375     1.
 1.         1.         0.9375     0.9375     1.         0.9375
 0.9375     0.9375     0.9375     1.         1.         1.
 1.         1.         0.875      1.         1.         1.
 0.9375     1.         0.94117647 0.88235294 1.         1.
 1.         1.         0.9375     1.         1.         1.
 1.         0.94117647 1.         1.         0.9375     0.875
 1.         1.         0.9375     1.         0.94117647 1.
 0.9375     0.9375     1.         0.875     ]
Mean recall: 0.9679411764705883
Dev: 0.044234159872817515


DT_RUS_8 Cross-Validation Results recall:
 [0.9375     0.9375     0.9375     1.         1.         1.
 1.         1.         1.         1.         1.         1.
 0.9375     1.         1.         1.         1.         1.
 1.         1.         1.         1.         1.         0.94117647
 1.         0.94117647 1.         1.         0.9375     0.875
 1.         1.         1.         1.         0.94117647 1.
 1.         1.         1.         1.         1.         1.
 1.         1.         1.         0.94117647 1.         1.
 1.         1.         1.         1.         0.9375     1.
 1.         1.         0.9375     1.         1.         1.
 1.         1.         1.         1.         1.         1.
 1.         0.9375     1.         1.         1.         0.9375
 1.         1.         1.         1.         1.         1.
 1.         1.         0.9375     1.         1.         1.
 1.         1.         0.875      0.9375     1.         1.
 0.875      1.         1.         1.         1.         1.
 0.9375     1.         1.         1.        ]
Mean recall: 0.9863970588235295
Dev: 0.029847416904109997


DT_RUS_9 Cross-Validation Results recall:
 [0.875      0.9375     0.9375     0.94117647 1.         0.94117647
 0.9375     1.         1.         1.         0.9375     1.
 0.875      0.94117647 1.         0.94117647 1.         1.
 1.         1.         1.         1.         1.         0.94117647
 0.94117647 0.94117647 1.         0.875      1.         1.
 1.         1.         0.9375     1.         0.94117647 1.
 0.9375     0.8125     0.9375     0.875      1.         0.9375
 1.         1.         0.88235294 1.         1.         1.
 0.8125     0.9375     0.9375     0.9375     1.         1.
 1.         1.         1.         0.875      1.         0.8125
 1.         0.9375     1.         1.         0.88235294 0.94117647
 1.         1.         1.         1.         1.         1.
 1.         0.88235294 1.         1.         1.         0.9375
 0.9375     0.9375     1.         0.9375     1.         1.
 1.         0.94117647 1.         1.         1.         0.9375
 0.9375     0.9375     1.         0.94117647 0.94117647 1.
 1.         1.         1.         1.        ]
Mean recall: 0.9656617647058823
Dev: 0.04721716238694817


DT_RUS_10 Cross-Validation Results recall:
 [0.9375     0.9375     1.         1.         1.         1.
 0.875      1.         1.         1.         0.8125     1.
 1.         1.         1.         0.94117647 1.         1.
 1.         0.9375     1.         1.         1.         0.94117647
 0.94117647 0.94117647 1.         0.9375     1.         0.9375
 1.         1.         1.         0.94117647 0.94117647 1.
 1.         1.         0.9375     0.9375     1.         0.9375
 1.         1.         0.88235294 1.         0.9375     0.9375
 1.         1.         0.9375     0.9375     1.         1.
 1.         0.94117647 1.         1.         1.         0.875
 0.9375     0.9375     0.9375     1.         1.         1.
 1.         0.9375     0.9375     1.         1.         0.8125
 0.9375     1.         1.         1.         1.         0.9375
 0.9375     1.         1.         0.9375     0.9375     1.
 1.         1.         1.         0.875      0.9375     1.
 0.9375     0.9375     0.9375     1.         0.94117647 1.
 0.9375     1.         1.         1.        ]
Mean recall: 0.9697426470588235
Dev: 0.04154852592436811


DT_NM Cross-Validation Results recall:
 [1.         1.         1.         1.         0.94117647 1.
 1.         1.         1.         0.9375     1.         1.
 1.         1.         1.         0.94117647 0.9375     1.
 1.         1.         1.         1.         1.         1.
 1.         1.         1.         0.875      1.         1.
 0.9375     1.         1.         1.         1.         1.
 1.         0.9375     1.         1.         1.         1.
 1.         1.         1.         0.94117647 1.         1.
 0.9375     1.         0.9375     1.         1.         1.
 1.         1.         0.9375     1.         1.         1.
 1.         1.         1.         1.         0.88235294 1.
 1.         1.         1.         1.         1.         0.9375
 1.         1.         1.         1.         1.         1.
 1.         0.9375     1.         1.         1.         1.
 1.         1.         0.9375     1.         0.9375     1.
 0.9375     0.9375     1.         1.         1.         1.
 1.         1.         1.         1.        ]
Mean recall: 0.9876838235294119
Dev: 0.02746978030522453


RF_RUS_1 Cross-Validation Results recall:
 [0.9375     1.         1.         1.         1.         1.
 0.9375     1.         1.         1.         1.         1.
 1.         1.         0.88235294 1.         1.         1.
 1.         0.9375     0.9375     0.9375     1.         1.
 0.76470588 1.         1.         1.         0.9375     1.
 0.875      1.         1.         0.94117647 1.         1.
 1.         1.         1.         0.9375     1.         1.
 1.         0.94117647 0.94117647 0.94117647 0.9375     1.
 1.         1.         0.9375     1.         1.         1.
 1.         1.         1.         1.         1.         1.
 1.         1.         1.         0.94117647 1.         1.
 1.         0.9375     1.         1.         1.         0.9375
 1.         1.         1.         1.         0.9375     0.9375
 1.         0.8125     1.         1.         1.         0.94117647
 1.         0.94117647 1.         1.         0.9375     1.
 1.         1.         0.9375     1.         0.94117647 1.
 0.875      1.         1.         1.        ]
Mean recall: 0.9780147058823531
Dev: 0.041659392386932906


RF_RUS_2 Cross-Validation Results recall:
 [1.         1.         1.         1.         0.94117647 1.
 1.         0.9375     1.         0.9375     1.         0.9375
 1.         1.         1.         0.94117647 1.         0.9375
 1.         1.         1.         1.         0.9375     0.94117647
 1.         1.         1.         1.         0.9375     0.9375
 1.         1.         0.9375     1.         0.94117647 0.94117647
 1.         1.         1.         0.9375     1.         0.875
 1.         1.         0.94117647 1.         1.         1.
 0.875      1.         1.         1.         1.         0.94117647
 1.         0.94117647 1.         0.875      1.         0.9375
 1.         1.         0.9375     1.         1.         1.
 0.9375     1.         1.         1.         1.         0.9375
 1.         1.         1.         0.88235294 1.         0.9375
 1.         0.875      0.9375     1.         1.         1.
 0.94117647 0.94117647 1.         1.         0.875      1.
 0.9375     1.         0.9375     1.         1.         1.
 0.9375     1.         1.         1.        ]
Mean recall: 0.9754411764705883
Dev: 0.0369549489594446


RF_RUS_3 Cross-Validation Results recall:
 [0.9375     1.         0.9375     1.         1.         0.94117647
 1.         1.         0.9375     1.         0.875      1.
 0.9375     1.         1.         1.         1.         1.
 1.         1.         1.         1.         0.9375     1.
 0.94117647 1.         1.         1.         0.9375     0.9375
 1.         0.9375     1.         1.         1.         0.94117647
 1.         1.         1.         1.         1.         0.9375
 0.9375     1.         1.         1.         1.         1.
 1.         1.         0.875      1.         1.         1.
 1.         1.         1.         1.         1.         0.875
 0.875      0.9375     0.9375     1.         1.         1.
 1.         1.         1.         1.         1.         1.
 1.         1.         1.         0.88235294 1.         1.
 1.         1.         1.         0.9375     1.         1.
 1.         0.94117647 1.         1.         1.         1.
 1.         0.9375     0.9375     1.         0.94117647 1.
 1.         1.         1.         1.        ]
Mean recall: 0.9815073529411765
Dev: 0.034356632400147906


RF_RUS_4 Cross-Validation Results recall:
 [1.         1.         1.         1.         1.         1.
 0.875      1.         0.9375     1.         1.         1.
 1.         1.         0.94117647 1.         1.         1.
 1.         1.         1.         0.9375     1.         1.
 1.         1.         1.         1.         1.         1.
 0.8125     1.         1.         0.94117647 0.94117647 1.
 1.         1.         1.         1.         0.9375     1.
 1.         1.         1.         1.         1.         1.
 0.875      0.9375     1.         0.9375     0.9375     1.
 0.94117647 1.         0.875      1.         1.         1.
 1.         0.9375     0.9375     1.         0.88235294 1.
 1.         1.         1.         1.         1.         1.
 1.         1.         1.         0.94117647 0.9375     0.875
 0.9375     1.         1.         1.         1.         1.
 0.94117647 1.         1.         1.         0.8125     1.
 1.         0.9375     1.         1.         0.94117647 1.
 1.         1.         0.9375     0.9375    ]
Mean recall: 0.9778308823529411
Dev: 0.04153420951602556


RF_RUS_5 Cross-Validation Results recall:
 [1.         0.9375     1.         1.         1.         1.
 1.         1.         0.9375     1.         0.9375     0.9375
 1.         1.         1.         1.         1.         1.
 1.         1.         0.9375     1.         1.         1.
 0.94117647 1.         0.9375     1.         1.         1.
 0.9375     0.9375     1.         1.         0.94117647 1.
 1.         1.         1.         1.         0.9375     0.9375
 1.         1.         1.         1.         0.9375     1.
 1.         1.         1.         1.         1.         1.
 1.         1.         1.         0.9375     1.         0.9375
 1.         0.8125     1.         1.         0.94117647 1.
 1.         1.         1.         1.         1.         0.9375
 1.         1.         1.         1.         1.         0.875
 1.         1.         1.         1.         1.         1.
 1.         0.94117647 1.         0.9375     0.875      1.
 1.         0.9375     1.         1.         0.82352941 1.
 0.9375     1.         1.         1.        ]
Mean recall: 0.9808823529411765
Dev: 0.03758280937547955


RF_RUS_6 Cross-Validation Results recall:
 [1.         1.         1.         0.94117647 1.         1.
 0.9375     1.         1.         0.9375     0.9375     0.9375
 1.         1.         1.         0.88235294 1.         1.
 0.9375     1.         0.9375     1.         1.         1.
 0.94117647 0.94117647 0.875      1.         1.         1.
 1.         0.9375     1.         1.         0.88235294 1.
 1.         1.         1.         0.875      0.9375     1.
 0.875      1.         1.         1.         0.9375     1.
 1.         1.         1.         0.9375     1.         0.94117647
 0.88235294 1.         1.         1.         1.         1.
 0.9375     1.         1.         1.         1.         0.82352941
 1.         0.9375     1.         1.         0.9375     0.9375
 1.         1.         0.88235294 1.         1.         0.9375
 1.         1.         1.         1.         0.9375     1.
 1.         1.         1.         1.         0.875      1.
 1.         1.         1.         0.94117647 0.94117647 1.
 1.         1.         0.9375     1.        ]
Mean recall: 0.974375
Dev: 0.0412926898477393


RF_RUS_7 Cross-Validation Results recall:
 [1.         1.         0.875      1.         0.94117647 0.94117647
 1.         1.         1.         1.         0.9375     0.8125
 0.9375     1.         0.94117647 1.         1.         1.
 1.         1.         1.         1.         0.9375     0.94117647
 0.94117647 0.94117647 1.         1.         0.9375     0.9375
 1.         1.         1.         1.         1.         0.94117647
 0.9375     1.         1.         0.9375     0.9375     0.9375
 0.9375     1.         1.         1.         1.         1.
 1.         1.         0.9375     1.         1.         1.
 1.         1.         0.9375     1.         1.         0.9375
 0.9375     0.9375     0.9375     1.         1.         1.
 1.         1.         0.9375     1.         1.         1.
 0.875      1.         0.94117647 1.         1.         1.
 1.         1.         1.         1.         1.         1.
 1.         0.94117647 1.         1.         0.9375     0.9375
 1.         1.         1.         1.         0.94117647 1.
 0.9375     0.9375     1.         0.9375    ]
Mean recall: 0.9759926470588235
Dev: 0.035959772885871516


RF_RUS_8 Cross-Validation Results recall:
 [1.         0.875      1.         1.         1.         1.
 0.9375     1.         1.         0.9375     0.9375     0.9375
 1.         1.         0.94117647 1.         0.9375     1.
 1.         1.         1.         1.         1.         1.
 1.         0.88235294 1.         0.9375     0.9375     1.
 1.         1.         1.         1.         1.         0.94117647
 1.         0.9375     1.         1.         0.9375     1.
 1.         1.         1.         1.         1.         1.
 0.9375     1.         0.9375     1.         1.         1.
 1.         1.         1.         1.         1.         0.9375
 0.9375     1.         1.         1.         0.94117647 1.
 1.         0.9375     1.         1.         1.         0.9375
 1.         1.         1.         0.94117647 1.         0.9375
 1.         0.9375     1.         1.         1.         1.
 1.         1.         0.8125     0.9375     1.         1.
 0.875      1.         1.         1.         1.         1.
 0.875      1.         0.9375     1.        ]
Mean recall: 0.978970588235294
Dev: 0.037377539376301776


RF_RUS_9 Cross-Validation Results recall:
 [0.8125     1.         1.         0.94117647 1.         0.94117647
 0.9375     0.9375     1.         1.         1.         1.
 0.8125     0.94117647 1.         0.94117647 1.         0.9375
 1.         1.         0.9375     1.         1.         0.94117647
 0.94117647 0.94117647 1.         0.9375     1.         1.
 1.         1.         0.9375     1.         1.         1.
 0.9375     0.875      0.9375     1.         1.         1.
 1.         1.         0.88235294 0.94117647 0.9375     1.
 0.8125     0.9375     0.9375     0.9375     1.         1.
 1.         0.94117647 1.         1.         1.         0.8125
 1.         0.9375     1.         0.94117647 0.88235294 0.94117647
 1.         0.9375     0.9375     1.         1.         1.
 1.         0.88235294 0.94117647 1.         1.         0.875
 0.9375     0.9375     1.         0.9375     1.         1.
 1.         0.94117647 1.         1.         0.9375     0.9375
 0.875      0.875      1.         1.         1.         1.
 0.875      0.9375     1.         1.        ]
Mean recall: 0.9619485294117647
Dev: 0.04924378122348903


RF_RUS_10 Cross-Validation Results recall:
 [1.         1.         1.         1.         1.         1.
 0.9375     1.         1.         1.         0.8125     1.
 1.         1.         1.         1.         1.         1.
 1.         1.         1.         1.         1.         1.
 0.94117647 0.94117647 1.         1.         1.         0.9375
 1.         1.         1.         1.         0.88235294 1.
 1.         1.         0.9375     1.         0.9375     0.9375
 0.9375     1.         0.88235294 1.         0.9375     1.
 1.         1.         1.         1.         1.         1.
 1.         0.94117647 1.         1.         1.         1.
 0.9375     0.9375     1.         1.         1.         1.
 1.         1.         0.9375     1.         1.         0.9375
 1.         1.         1.         1.         1.         0.9375
 1.         1.         1.         1.         0.9375     1.
 1.         1.         1.         0.875      1.         1.
 0.9375     1.         0.9375     1.         0.94117647 1.
 0.9375     1.         1.         1.        ]
Mean recall: 0.9821691176470588
Dev: 0.035072739385602326


RF_NM Cross-Validation Results recall:
 [1.         1.         1.         1.         1.         1.
 1.         1.         1.         0.9375     1.         1.
 1.         1.         1.         1.         0.9375     1.
 1.         1.         1.         1.         1.         1.
 1.         1.         1.         0.9375     1.         1.
 1.         1.         1.         1.         1.         1.
 1.         0.9375     1.         1.         1.         1.
 1.         1.         1.         1.         1.         1.
 0.9375     1.         0.9375     1.         1.         1.
 1.         1.         1.         1.         1.         1.
 1.         1.         1.         1.         0.94117647 1.
 1.         1.         1.         1.         1.         1.
 1.         1.         1.         1.         1.         1.
 1.         0.9375     1.         1.         1.         1.
 1.         1.         0.9375     1.         1.         1.
 0.9375     1.         1.         1.         1.         1.
 1.         1.         1.         1.        ]
Mean recall: 0.9937867647058823
Dev: 0.018642968736349325


XGB_RUS_1 Cross-Validation Results recall:
 [0.9375     1.         0.9375     1.         1.         1.
 0.9375     1.         1.         1.         1.         0.875
 1.         1.         0.88235294 1.         1.         1.
 1.         0.875      1.         0.9375     1.         1.
 0.94117647 1.         1.         1.         0.875      0.9375
 0.875      0.9375     0.9375     1.         1.         1.
 1.         1.         1.         0.9375     1.         0.9375
 0.9375     1.         0.94117647 0.88235294 0.9375     1.
 1.         1.         1.         0.875      1.         1.
 0.88235294 1.         0.9375     0.9375     1.         0.875
 0.875      1.         0.9375     0.94117647 1.         0.82352941
 1.         0.9375     1.         1.         1.         1.
 1.         1.         1.         0.88235294 0.9375     0.9375
 1.         0.8125     1.         0.9375     1.         0.94117647
 0.94117647 0.94117647 1.         1.         0.9375     1.
 1.         1.         0.6875     1.         0.94117647 1.
 0.875      1.         1.         1.        ]
Mean recall: 0.9625367647058825
Dev: 0.05499168061883305


XGB_RUS_2 Cross-Validation Results recall:
 [0.9375     1.         1.         1.         0.88235294 1.
 1.         0.9375     1.         0.9375     1.         1.
 0.9375     1.         1.         0.94117647 1.         0.9375
 1.         1.         1.         1.         0.9375     0.94117647
 1.         1.         0.9375     1.         0.9375     0.875
 0.9375     1.         0.9375     1.         0.88235294 0.94117647
 1.         1.         1.         0.9375     1.         0.9375
 1.         1.         0.94117647 0.94117647 1.         1.
 0.9375     1.         1.         1.         0.875      0.94117647
 1.         0.94117647 1.         0.9375     1.         1.
 1.         1.         0.8125     1.         1.         1.
 0.9375     0.9375     1.         0.9375     1.         0.9375
 1.         1.         1.         0.76470588 1.         1.
 1.         0.875      0.9375     1.         1.         0.94117647
 0.94117647 0.94117647 1.         1.         0.9375     1.
 0.9375     1.         0.9375     1.         1.         1.
 0.875      1.         1.         0.9375    ]
Mean recall: 0.9681617647058823
Dev: 0.04514196896006749


XGB_RUS_3 Cross-Validation Results recall:
 [0.9375     1.         0.9375     1.         1.         0.94117647
 1.         1.         1.         1.         1.         0.9375
 0.9375     0.88235294 1.         1.         0.9375     1.
 1.         0.9375     1.         1.         1.         0.94117647
 0.94117647 1.         1.         1.         0.875      0.9375
 1.         0.9375     1.         0.94117647 1.         0.94117647
 1.         1.         0.9375     0.9375     0.9375     0.9375
 0.9375     1.         1.         1.         0.9375     1.
 1.         0.9375     0.875      1.         0.9375     1.
 1.         1.         1.         0.9375     1.         0.9375
 0.875      1.         0.875      1.         0.94117647 1.
 1.         1.         0.9375     0.9375     1.         1.
 1.         0.94117647 0.94117647 0.82352941 1.         1.
 1.         0.9375     1.         0.8125     1.         1.
 1.         0.94117647 1.         1.         0.875      1.
 1.         0.9375     0.9375     0.94117647 0.88235294 1.
 0.9375     0.9375     1.         0.9375    ]
Mean recall: 0.965625
Dev: 0.04360106570215139


XGB_RUS_4 Cross-Validation Results recall:
 [1.         1.         1.         1.         0.88235294 0.94117647
 0.875      0.9375     0.9375     1.         0.9375     0.875
 0.9375     0.94117647 0.88235294 0.94117647 1.         0.9375
 1.         0.9375     0.875      0.9375     1.         1.
 0.94117647 1.         0.9375     1.         0.9375     0.875
 0.8125     0.9375     0.9375     0.94117647 0.88235294 1.
 1.         1.         1.         0.9375     0.875      0.9375
 0.9375     1.         0.94117647 1.         0.9375     1.
 0.9375     0.9375     1.         1.         0.9375     1.
 0.94117647 1.         0.8125     0.875      0.9375     1.
 1.         0.875      0.9375     1.         0.82352941 1.
 1.         0.9375     0.9375     1.         1.         0.9375
 1.         1.         1.         0.88235294 0.875      0.875
 0.875      1.         1.         1.         1.         1.
 0.88235294 0.88235294 0.9375     1.         0.75       1.
 1.         0.875      0.9375     1.         0.88235294 1.
 0.9375     1.         0.9375     0.9375    ]
Mean recall: 0.9483823529411766
Dev: 0.05476070545191776


XGB_RUS_5 Cross-Validation Results recall:
 [1.         0.9375     1.         1.         0.94117647 1.
 1.         1.         0.9375     1.         0.9375     0.875
 1.         0.94117647 0.94117647 0.94117647 1.         1.
 1.         1.         0.8125     1.         1.         1.
 0.94117647 1.         0.9375     1.         1.         0.9375
 0.9375     0.9375     1.         1.         0.94117647 0.94117647
 1.         1.         1.         0.9375     0.9375     0.9375
 0.9375     1.         1.         1.         0.9375     1.
 1.         1.         1.         0.9375     1.         1.
 0.94117647 0.94117647 1.         0.875      1.         0.9375
 1.         0.875      0.9375     1.         0.94117647 1.
 0.9375     1.         1.         1.         1.         0.9375
 1.         1.         1.         0.94117647 1.         0.875
 0.9375     1.         0.9375     1.         1.         1.
 1.         0.94117647 1.         0.9375     0.875      1.
 1.         0.9375     1.         1.         0.82352941 1.
 0.9375     1.         1.         1.        ]
Mean recall: 0.9693014705882353
Dev: 0.042147732923265686


XGB_RUS_6 Cross-Validation Results recall:
 [1.         0.9375     0.9375     0.94117647 1.         1.
 0.875      1.         1.         0.9375     0.875      0.8125
 1.         1.         1.         0.88235294 1.         1.
 0.875      1.         1.         1.         1.         1.
 0.88235294 0.88235294 0.875      1.         1.         0.9375
 0.8125     0.9375     1.         0.94117647 0.82352941 1.
 0.9375     1.         0.9375     0.875      1.         0.9375
 0.875      1.         0.94117647 0.88235294 0.9375     0.875
 0.9375     1.         1.         0.8125     1.         0.88235294
 0.88235294 1.         1.         0.9375     1.         0.9375
 0.9375     0.9375     0.9375     1.         1.         0.82352941
 0.875      0.9375     1.         1.         1.         0.9375
 0.9375     1.         0.82352941 0.88235294 1.         0.9375
 0.9375     1.         1.         1.         0.75       1.
 0.94117647 1.         0.9375     1.         0.8125     1.
 0.9375     0.9375     1.         1.         0.82352941 0.94117647
 0.9375     1.         0.9375     1.        ]
Mean recall: 0.9461397058823531
Dev: 0.06119170262507582


XGB_RUS_7 Cross-Validation Results recall:
 [1.         0.9375     0.875      0.94117647 1.         0.94117647
 0.9375     1.         1.         1.         0.9375     0.8125
 0.9375     1.         1.         1.         0.9375     1.
 1.         1.         0.9375     1.         0.9375     0.94117647
 0.94117647 0.94117647 1.         1.         0.9375     0.875
 0.9375     1.         1.         1.         1.         0.94117647
 0.9375     0.9375     1.         0.9375     0.9375     0.875
 0.875      1.         1.         0.94117647 1.         1.
 1.         1.         0.9375     1.         0.875      0.94117647
 1.         1.         0.9375     0.9375     1.         0.9375
 0.9375     0.9375     0.9375     0.94117647 1.         1.
 0.9375     1.         0.875      1.         1.         1.
 0.875      1.         0.94117647 0.88235294 0.9375     0.875
 1.         1.         0.9375     1.         1.         1.
 1.         0.94117647 1.         1.         0.8125     0.9375
 1.         0.9375     1.         1.         0.94117647 1.
 0.9375     0.9375     1.         0.875     ]
Mean recall: 0.959889705882353
Dev: 0.045922325984088914


XGB_RUS_8 Cross-Validation Results recall:
 [1.         0.9375     1.         1.         1.         1.
 0.9375     1.         1.         0.9375     0.9375     0.9375
 1.         1.         0.94117647 1.         0.9375     1.
 1.         1.         1.         1.         1.         1.
 0.94117647 0.94117647 1.         0.9375     0.9375     0.9375
 1.         1.         1.         1.         0.94117647 0.94117647
 1.         0.9375     0.9375     0.9375     0.9375     1.
 0.9375     1.         1.         1.         1.         1.
 0.9375     1.         0.9375     1.         1.         1.
 1.         1.         1.         0.9375     0.9375     0.9375
 0.9375     1.         0.9375     1.         0.94117647 1.
 1.         1.         0.9375     1.         0.9375     1.
 1.         1.         1.         0.94117647 1.         1.
 1.         0.9375     1.         1.         1.         1.
 1.         1.         0.875      0.9375     0.9375     1.
 0.875      1.         1.         1.         1.         1.
 0.9375     1.         0.9375     1.        ]
Mean recall: 0.9758823529411765
Dev: 0.032661960033316936


XGB_RUS_9 Cross-Validation Results recall:
 [0.8125     0.9375     0.9375     0.94117647 1.         0.94117647
 0.875      0.9375     1.         1.         0.875      0.9375
 0.875      0.94117647 1.         0.94117647 0.9375     0.875
 1.         1.         0.9375     1.         0.9375     0.94117647
 0.94117647 0.94117647 1.         0.9375     1.         0.9375
 1.         1.         0.875      1.         0.88235294 1.
 0.9375     0.875      0.9375     0.9375     0.9375     0.9375
 1.         1.         0.88235294 0.94117647 0.9375     1.
 0.8125     0.9375     0.9375     0.9375     0.9375     1.
 1.         0.94117647 1.         1.         1.         0.75
 1.         0.875      0.9375     1.         0.88235294 0.94117647
 1.         0.9375     0.9375     1.         1.         1.
 1.         0.88235294 0.94117647 0.94117647 1.         0.875
 0.9375     0.9375     1.         0.875      1.         1.
 1.         0.94117647 1.         1.         0.875      0.9375
 0.875      0.9375     1.         0.94117647 0.94117647 1.
 0.875      0.875      1.         1.        ]
Mean recall: 0.9477205882352941
Dev: 0.05210112729488608


XGB_RUS_10 Cross-Validation Results recall:
 [0.875      0.9375     1.         1.         1.         1.
 0.75       1.         0.9375     0.9375     0.8125     0.9375
 1.         1.         1.         0.94117647 1.         0.9375
 1.         0.9375     1.         1.         1.         1.
 0.94117647 0.94117647 0.9375     0.9375     0.9375     0.875
 1.         1.         0.9375     0.94117647 0.88235294 1.
 1.         0.9375     0.9375     0.875      0.875      0.875
 0.9375     1.         0.88235294 1.         0.9375     0.9375
 1.         1.         0.9375     0.9375     0.9375     1.
 1.         0.94117647 1.         0.9375     1.         0.875
 1.         0.875      0.875      1.         1.         1.
 1.         0.9375     0.9375     0.9375     1.         0.9375
 0.9375     1.         1.         0.94117647 1.         0.9375
 0.9375     0.875      1.         1.         0.9375     0.94117647
 1.         1.         1.         0.8125     0.875      1.
 0.9375     0.9375     0.9375     1.         0.88235294 1.
 0.875      0.9375     1.         1.        ]
Mean recall: 0.9529779411764707
Dev: 0.0520017108407341


XGB_NM Cross-Validation Results recall:
 [1.         1.         1.         1.         0.94117647 1.
 1.         1.         1.         0.9375     1.         1.
 1.         1.         1.         1.         0.9375     1.
 1.         1.         1.         1.         1.         1.
 0.94117647 1.         1.         0.8125     1.         1.
 1.         1.         1.         1.         1.         1.
 1.         0.9375     1.         1.         1.         0.9375
 1.         1.         1.         1.         1.         1.
 0.9375     1.         0.9375     1.         1.         1.
 1.         1.         1.         1.         1.         1.
 1.         1.         1.         1.         0.82352941 1.
 1.         1.         1.         1.         1.         1.
 0.9375     1.         1.         1.         1.         1.
 1.         0.9375     1.         1.         1.         1.
 1.         1.         0.9375     1.         1.         1.
 0.9375     1.         1.         1.         1.         1.
 0.9375     1.         1.         1.        ]
Mean recall: 0.9883088235294117
Dev: 0.03201857632849728


XGB_RF_RUS_1 Cross-Validation Results recall:
 [0.9375     1.         0.8125     1.         1.         1.
 1.         1.         0.9375     1.         1.         0.9375
 1.         0.94117647 0.94117647 1.         1.         0.9375
 1.         0.875      0.9375     0.9375     1.         1.
 1.         0.94117647 1.         1.         0.9375     0.9375
 0.875      0.9375     1.         0.94117647 0.88235294 1.
 1.         1.         1.         0.9375     1.         0.8125
 1.         0.94117647 1.         0.82352941 0.9375     1.
 1.         1.         1.         0.8125     1.         1.
 0.94117647 1.         1.         1.         1.         0.875
 1.         1.         1.         0.94117647 1.         0.82352941
 0.9375     1.         1.         1.         0.9375     0.9375
 1.         0.94117647 1.         0.94117647 0.9375     1.
 0.9375     0.8125     0.9375     0.9375     0.9375     0.88235294
 1.         1.         1.         0.9375     1.         1.
 1.         0.9375     0.75       0.94117647 1.         1.
 0.9375     1.         1.         1.        ]
Mean recall: 0.9607352941176471
Dev: 0.055347381261056504


XGB_RF_RUS_2 Cross-Validation Results recall:
 [0.9375     1.         1.         1.         0.88235294 1.
 1.         1.         1.         0.875      0.9375     1.
 0.9375     1.         1.         0.94117647 1.         0.9375
 1.         1.         1.         1.         0.9375     0.94117647
 0.94117647 1.         0.9375     1.         0.9375     1.
 0.9375     0.9375     1.         1.         0.94117647 0.88235294
 1.         0.9375     1.         0.9375     1.         0.875
 1.         1.         0.94117647 0.88235294 1.         1.
 0.875      1.         1.         1.         0.875      0.94117647
 1.         0.94117647 1.         0.9375     1.         1.
 1.         1.         0.75       1.         1.         0.94117647
 0.9375     0.9375     1.         0.9375     1.         0.9375
 1.         1.         1.         0.88235294 1.         1.
 0.9375     0.9375     0.9375     1.         1.         1.
 0.88235294 0.94117647 1.         0.9375     1.         1.
 1.         1.         0.9375     1.         1.         1.
 0.9375     0.9375     1.         0.9375    ]
Mean recall: 0.9663235294117648
Dev: 0.045352569236286715


XGB_RF_RUS_3 Cross-Validation Results recall:
 [0.9375     1.         0.9375     1.         0.94117647 0.94117647
 1.         0.9375     1.         1.         0.9375     1.
 0.9375     0.94117647 1.         1.         0.875      1.
 1.         0.9375     1.         1.         0.9375     1.
 0.88235294 1.         1.         1.         0.875      1.
 1.         0.9375     0.9375     0.94117647 1.         0.94117647
 0.9375     1.         1.         1.         0.9375     0.9375
 0.9375     0.94117647 0.94117647 1.         0.9375     1.
 1.         1.         0.875      1.         0.9375     1.
 1.         1.         1.         1.         1.         0.9375
 0.875      1.         0.875      1.         0.94117647 1.
 1.         1.         0.9375     0.9375     1.         1.
 0.875      0.94117647 0.94117647 0.88235294 1.         1.
 1.         0.9375     1.         0.875      1.         1.
 0.94117647 0.94117647 1.         0.875      0.9375     1.
 1.         1.         0.875      0.94117647 0.88235294 1.
 1.         0.9375     1.         0.9375    ]
Mean recall: 0.9638235294117646
Dev: 0.04268418769161168


XGB_RF_RUS_4 Cross-Validation Results recall:
 [1.         1.         1.         1.         0.88235294 0.94117647
 0.9375     1.         0.875      0.9375     0.9375     0.9375
 1.         0.88235294 0.88235294 1.         1.         0.875
 1.         0.9375     0.875      0.9375     1.         0.94117647
 0.94117647 1.         1.         1.         0.9375     1.
 0.8125     0.9375     0.9375     0.94117647 0.94117647 1.
 1.         1.         1.         1.         0.9375     1.
 1.         1.         0.94117647 1.         0.9375     1.
 0.9375     0.9375     1.         0.9375     1.         1.
 0.94117647 1.         0.8125     0.9375     0.9375     1.
 1.         0.875      1.         1.         0.88235294 1.
 1.         0.9375     1.         1.         1.         0.9375
 1.         1.         1.         0.94117647 1.         0.875
 0.875      1.         1.         1.         1.         1.
 0.94117647 0.88235294 0.9375     1.         0.875      1.
 1.         0.875      0.9375     1.         0.88235294 1.
 1.         1.         0.9375     0.9375    ]
Mean recall: 0.9601470588235296
Dev: 0.04864269309665638


XGB_RF_RUS_5 Cross-Validation Results recall:
 [0.875      0.9375     1.         1.         0.94117647 1.
 1.         1.         0.875      0.9375     1.         0.8125
 0.9375     0.88235294 0.94117647 0.94117647 1.         1.
 1.         1.         0.75       1.         1.         1.
 0.94117647 0.88235294 0.9375     1.         0.9375     1.
 0.9375     0.9375     0.9375     0.94117647 0.88235294 0.94117647
 1.         1.         1.         1.         0.875      0.9375
 0.875      1.         0.94117647 0.88235294 0.9375     0.9375
 1.         1.         1.         0.9375     0.875      0.88235294
 0.94117647 0.94117647 1.         0.9375     1.         0.9375
 1.         0.8125     1.         1.         0.94117647 0.82352941
 1.         0.9375     1.         1.         0.875      0.9375
 0.9375     1.         1.         1.         1.         0.875
 0.9375     1.         0.9375     1.         0.9375     0.94117647
 1.         0.94117647 1.         0.9375     0.875      1.
 0.9375     0.9375     1.         1.         0.82352941 1.
 1.         0.9375     1.         1.        ]
Mean recall: 0.952279411764706
Dev: 0.05448370641490796


XGB_RF_RUS_6 Cross-Validation Results recall:
 [0.9375     1.         0.9375     0.94117647 1.         0.94117647
 0.9375     1.         1.         0.875      0.875      0.9375
 1.         0.94117647 1.         0.76470588 1.         1.
 0.875      1.         1.         0.9375     1.         1.
 0.88235294 0.82352941 0.875      1.         1.         1.
 0.8125     0.875      1.         0.94117647 0.88235294 0.94117647
 0.9375     1.         0.9375     0.9375     1.         1.
 0.9375     1.         0.94117647 0.88235294 0.9375     0.875
 1.         1.         1.         0.75       1.         0.88235294
 0.88235294 1.         1.         0.9375     1.         1.
 0.9375     1.         1.         1.         0.88235294 0.70588235
 0.875      0.9375     1.         1.         0.9375     0.9375
 0.9375     1.         0.82352941 0.88235294 1.         0.9375
 0.9375     1.         1.         1.         0.75       1.
 0.94117647 0.94117647 0.9375     1.         1.         1.
 1.         0.875      0.9375     1.         0.88235294 0.94117647
 1.         1.         0.875      1.        ]
Mean recall: 0.9458455882352942
Dev: 0.06570060729457097


XGB_RF_RUS_7 Cross-Validation Results recall:
 [1.         0.9375     0.8125     0.94117647 0.94117647 0.94117647
 0.9375     1.         1.         1.         0.9375     0.875
 0.9375     1.         0.94117647 1.         0.9375     1.
 1.         0.9375     0.9375     1.         0.9375     0.88235294
 0.94117647 0.94117647 1.         1.         0.9375     0.9375
 0.9375     1.         1.         0.94117647 0.94117647 0.94117647
 0.875      0.9375     1.         1.         0.9375     0.9375
 0.875      1.         1.         0.94117647 1.         0.9375
 1.         1.         0.9375     1.         0.875      0.88235294
 1.         1.         0.875      1.         1.         0.9375
 0.9375     0.9375     1.         0.94117647 1.         1.
 0.9375     1.         0.8125     1.         1.         1.
 0.875      1.         0.94117647 0.94117647 0.9375     0.875
 1.         1.         0.9375     1.         1.         1.
 1.         0.88235294 1.         1.         0.875      0.875
 1.         0.9375     0.9375     1.         0.94117647 1.
 0.9375     0.9375     1.         0.8125    ]
Mean recall: 0.9551102941176471
Dev: 0.048591468232958374


XGB_RF_RUS_8 Cross-Validation Results recall:
 [1.         0.875      0.9375     1.         1.         1.
 0.9375     1.         1.         0.9375     0.875      1.
 1.         1.         0.88235294 1.         0.875      1.
 1.         1.         1.         0.9375     1.         0.94117647
 0.88235294 0.88235294 1.         0.9375     0.9375     1.
 0.9375     1.         1.         1.         0.82352941 0.94117647
 1.         0.9375     0.9375     1.         0.9375     1.
 1.         1.         1.         0.88235294 0.9375     1.
 1.         1.         0.9375     1.         1.         1.
 1.         0.94117647 0.9375     1.         0.9375     0.875
 0.9375     1.         1.         0.88235294 0.94117647 1.
 1.         1.         0.9375     1.         0.9375     0.875
 1.         0.94117647 1.         1.         1.         1.
 1.         0.9375     1.         1.         1.         1.
 1.         1.         0.8125     0.875      1.         1.
 0.875      1.         1.         1.         0.94117647 1.
 0.9375     1.         0.9375     1.        ]
Mean recall: 0.9656985294117646
Dev: 0.04755043932335737


XGB_RF_RUS_9 Cross-Validation Results recall:
 [0.875      0.9375     0.9375     0.94117647 1.         0.94117647
 0.875      0.9375     1.         1.         0.875      1.
 0.8125     0.94117647 1.         0.88235294 1.         0.875
 1.         1.         0.9375     1.         1.         0.88235294
 1.         0.94117647 0.9375     0.8125     1.         1.
 1.         1.         0.9375     1.         0.94117647 1.
 0.9375     0.8125     0.875      1.         0.9375     0.9375
 1.         1.         0.82352941 0.94117647 1.         1.
 0.75       1.         0.875      0.9375     0.9375     1.
 0.94117647 0.94117647 1.         1.         1.         0.875
 1.         0.875      1.         1.         0.88235294 0.88235294
 1.         0.8125     0.9375     1.         1.         0.9375
 1.         0.88235294 1.         1.         1.         0.9375
 0.9375     0.875      1.         0.9375     1.         1.
 1.         0.94117647 1.         0.9375     0.875      0.875
 0.875      0.875      1.         0.94117647 1.         1.
 0.9375     0.9375     1.         1.        ]
Mean recall: 0.9483455882352942
Dev: 0.059042274804586806


XGB_RF_RUS_10 Cross-Validation Results recall:
 [0.875      0.9375     1.         1.         1.         1.
 0.875      1.         1.         0.9375     0.75       1.
 1.         1.         1.         0.94117647 1.         0.9375
 1.         0.9375     1.         1.         1.         0.88235294
 0.94117647 0.94117647 0.9375     0.9375     0.9375     0.9375
 0.9375     1.         0.9375     0.94117647 0.82352941 1.
 1.         0.9375     0.9375     0.9375     0.9375     0.875
 0.75       1.         0.88235294 1.         0.9375     0.9375
 1.         1.         0.875      0.9375     0.9375     0.94117647
 1.         1.         1.         1.         1.         0.875
 0.9375     0.875      0.9375     1.         1.         0.94117647
 1.         1.         0.9375     0.9375     1.         0.8125
 0.9375     1.         1.         0.94117647 1.         0.9375
 0.9375     0.875      1.         0.9375     0.9375     0.94117647
 1.         1.         0.9375     0.8125     0.9375     1.
 0.9375     0.9375     0.9375     1.         0.88235294 1.
 0.9375     0.9375     1.         0.9375    ]
Mean recall: 0.950625
Dev: 0.05458600628927213


XGB_RF_NM Cross-Validation Results recall:
 [1.         1.         1.         1.         1.         1.
 1.         1.         1.         0.9375     1.         1.
 1.         1.         1.         1.         0.9375     1.
 1.         1.         1.         1.         1.         1.
 1.         1.         1.         0.9375     1.         1.
 1.         1.         1.         1.         1.         1.
 1.         0.9375     1.         1.         1.         1.
 1.         1.         1.         1.         1.         1.
 0.9375     1.         0.9375     1.         1.         1.
 1.         1.         1.         1.         1.         1.
 1.         1.         1.         1.         0.94117647 1.
 1.         1.         1.         1.         1.         1.
 1.         1.         1.         1.         1.         1.
 1.         0.9375     1.         1.         1.         1.
 1.         1.         0.9375     1.         1.         1.
 0.9375     1.         1.         1.         1.         1.
 1.         1.         1.         1.        ]
Mean recall: 0.9937867647058823
Dev: 0.018642968736349325


